Rota do Picker 1: [0, 94, 39, 98, 17, 20, 59, 18, 74, 55, 10, 19, 28, 7, 1, 40, 0]
Rota do Picker 2: [0, 87, 47, 68, 27, 30, 69, 48, 26, 28, 89, 10, 9, 7, 46, 67, 50, 45, 8, 1, 0]
Rota do Picker 3: [0, 21, 7, 26, 37, 10, 30, 9, 48, 36, 2, 50, 45, 89, 69, 8, 27, 46, 28, 47, 87, 0]
Rota do Picker 4: [0, 74, 94, 28, 1, 31, 0]
Rota do Picker 5: [0, 28, 50, 87, 30, 7, 47, 69, 89, 48, 27, 9, 8, 2, 68, 45, 46, 26, 1, 83, 0]
Rota do Picker 6: [0, 20, 17, 45, 87, 27, 8, 10, 1, 36, 83, 26, 46, 28, 48, 40, 47, 60, 56, 67, 50, 30, 7, 64, 96, 76, 9, 21, 0]
Rota do Picker 7: [0, 2, 83, 8, 46, 27, 36, 40, 47, 28, 45, 68, 7, 60, 26, 87, 20, 9, 37, 17, 50, 11, 30, 10, 21, 67, 69, 89, 48, 0]

Caso de teste: SLAPRP_Guo_small_O100_alpha0.4_v5.txt

Distancia Total: 1278.0
Quantidade de Pickers: 7
