Rota do Picker 1: [0, 1, 41, 23, 5, 26, 46, 18, 42, 22, 25, 21, 61, 45, 43, 81, 63, 82, 83, 64, 44, 65, 0]
Rota do Picker 2: [0, 45, 43, 83, 5, 8, 42, 44, 64, 27, 25, 6, 22, 7, 63, 81, 46, 26, 23, 61, 41, 21, 1, 62, 0]
Rota do Picker 3: [0, 1, 21, 41, 5, 18, 56, 13, 93, 36, 17, 11, 61, 12, 14, 0]
Rota do Picker 4: [0, 25, 42, 22, 7, 26, 65, 45, 44, 8, 46, 61, 81, 6, 43, 63, 64, 23, 83, 27, 5, 41, 21, 1, 0]
Rota do Picker 5: [0, 7, 45, 42, 22, 41, 43, 65, 23, 61, 81, 56, 83, 63, 5, 21, 1, 62, 25, 18, 0]
Rota do Picker 6: [0, 1, 41, 32, 0]
Rota do Picker 7: [0, 82, 5, 21, 44, 43, 23, 61, 41, 1, 46, 62, 42, 22, 45, 27, 83, 63, 64, 26, 7, 25, 81, 0]
Rota do Picker 8: [0, 81, 62, 44, 65, 22, 25, 45, 63, 82, 8, 27, 41, 21, 42, 46, 43, 7, 5, 23, 61, 1, 6, 64, 56, 0]
Rota do Picker 9: [0, 1, 21, 41, 61, 43, 8, 81, 83, 64, 93, 7, 26, 65, 6, 5, 27, 45, 63, 23, 44, 25, 0]
Rota do Picker 10: [0, 1, 21, 61, 22, 42, 62, 65, 18, 45, 81, 5, 23, 41, 6, 25, 43, 64, 83, 0]
Rota do Picker 11: [0, 1, 23, 26, 56, 81, 75, 63, 43, 61, 41, 21, 5, 22, 42, 62, 82, 65, 0]
Rota do Picker 12: [0, 65, 7, 83, 81, 82, 27, 5, 6, 26, 64, 44, 22, 21, 25, 63, 61, 45, 43, 23, 41, 1, 0]
Rota do Picker 13: [0, 42, 22, 41, 61, 43, 23, 2, 21, 1, 56, 45, 5, 82, 18, 7, 27, 75, 81, 44, 83, 62, 0]
Rota do Picker 14: [0, 45, 7, 44, 41, 64, 83, 43, 25, 5, 1, 23, 6, 63, 22, 46, 27, 26, 21, 8, 81, 0]

Caso de teste: SLAPRP_Guo_small_O200_alpha0.2_v8.txt

Distancia Total: 1922.0
Quantidade de Pickers: 14
