Rota do Picker 1: [0, 67, 22, 47, 10, 4, 27, 46, 42, 45, 9, 1, 30, 66, 26, 83, 23, 3, 0]
Rota do Picker 2: [0, 21, 3, 26, 13, 71, 19, 45, 30, 22, 42, 46, 47, 83, 36, 20, 93, 10, 0]
Rota do Picker 3: [0, 40, 10, 4, 36, 67, 42, 83, 3, 71, 23, 30, 20, 45, 9, 27, 22, 1, 76, 66, 46, 26, 41, 61, 0]
Rota do Picker 4: [0, 4, 26, 46, 9, 13, 76, 3, 45, 40, 2, 27, 30, 83, 19, 21, 22, 1, 10, 66, 42, 47, 36, 0]
Rota do Picker 5: [0, 26, 10, 19, 66, 83, 3, 9, 22, 45, 42, 30, 47, 27, 46, 4, 0]
Rota do Picker 6: [0, 52, 51, 3, 11, 37, 21, 12, 32, 17, 57, 96, 97, 18, 36, 41, 40, 93, 13, 2, 20, 74, 55, 33, 1, 31, 42, 45, 83, 19, 0]
Rota do Picker 7: [0, 66, 22, 45, 26, 42, 30, 4, 27, 46, 83, 3, 1, 2, 9, 41, 23, 21, 47, 0]

Caso de teste: SLAPRP_Guo_small_O100_alpha0.3_v7.txt

Distancia Total: 1356.0
Quantidade de Pickers: 7
