Rota do Picker 1: [0, 7, 26, 51, 8, 30, 48, 46, 27, 69, 47, 9, 28, 10, 50, 89, 45, 0]
Rota do Picker 2: [0, 8, 69, 89, 28, 30, 41, 50, 32, 7, 2, 27, 47, 10, 21, 48, 9, 1, 45, 46, 26, 37, 0]
Rota do Picker 3: [0, 21, 7, 19, 50, 27, 17, 97, 0]
Rota do Picker 4: [0, 26, 46, 45, 76, 97, 57, 48, 28, 13, 36, 9, 8, 1, 60, 10, 41, 20, 30, 69, 96, 87, 47, 19, 27, 7, 17, 37, 0]
Rota do Picker 5: [0, 10, 74, 55, 97, 20, 32, 45, 46, 26, 1, 60, 17, 9, 57, 40, 37, 19, 27, 7, 11, 0]
Rota do Picker 6: [0, 51, 10, 50, 41, 30, 1, 47, 7, 8, 9, 69, 89, 48, 45, 36, 21, 26, 46, 27, 87, 28, 13, 0]
Rota do Picker 7: [0, 37, 48, 28, 26, 97, 45, 27, 46, 8, 7, 32, 19, 47, 21, 30, 57, 87, 69, 17, 13, 36, 20, 10, 2, 9, 64, 84, 0]
Rota do Picker 8: [0, 1, 60, 32, 45, 28, 50, 11, 21, 69, 10, 48, 19, 2, 47, 20, 27, 87, 37, 57, 30, 96, 36, 89, 9, 46, 26, 8, 7, 0]
Rota do Picker 9: [0, 41, 7, 47, 10, 30, 50, 46, 48, 87, 27, 84, 28, 45, 26, 89, 69, 9, 8, 0]
Rota do Picker 10: [0, 21, 26, 46, 20, 40, 50, 41, 10, 11, 94, 47, 1, 60, 30, 36, 17, 59, 19, 7, 13, 77, 57, 74, 32, 97, 28, 39, 18, 55, 12, 0]
Rota do Picker 11: [0, 21, 28, 48, 30, 8, 69, 89, 45, 2, 47, 9, 46, 26, 27, 7, 1, 0]
Rota do Picker 12: [0, 47, 8, 9, 46, 20, 40, 96, 17, 28, 21, 87, 45, 2, 97, 37, 48, 19, 57, 50, 1, 26, 30, 60, 36, 27, 7, 18, 0]
Rota do Picker 13: [0, 32, 8, 28, 46, 45, 48, 20, 27, 7, 21, 26, 1, 13, 9, 30, 97, 47, 69, 50, 37, 84, 10, 64, 19, 87, 51, 0]

Caso de teste: SLAPRP_Guo_small_O200_alpha0.4_v3.txt

Distancia Total: 2944.0
Quantidade de Pickers: 13
