Rota do Picker 1: [0, 8, 46, 14, 74, 55, 3, 27, 67, 9, 31, 36, 94, 71, 1, 23, 7, 11, 12, 32, 10, 42, 33, 89, 49, 57, 26, 28, 40, 20, 45, 65, 17, 37, 0]
Rota do Picker 2: [0, 8, 28, 9, 26, 45, 31, 46, 27, 10, 89, 49, 7, 22, 1, 67, 65, 0]
Rota do Picker 3: [0, 12, 32, 17, 37, 98, 78, 18, 36, 74, 14, 13, 71, 40, 77, 57, 51, 94, 20, 55, 31, 0]
Rota do Picker 4: [0, 12, 32, 17, 36, 46, 27, 23, 2, 13, 45, 33, 20, 61, 52, 55, 21, 51, 30, 57, 71, 40, 22, 96, 14, 26, 7, 1, 11, 31, 74, 94, 8, 0]
Rota do Picker 5: [0, 84, 23, 7, 10, 30, 45, 31, 65, 26, 49, 89, 28, 4, 47, 3, 67, 46, 27, 9, 8, 0]
Rota do Picker 6: [0, 20, 47, 23, 3, 33, 2, 65, 10, 7, 27, 67, 8, 46, 9, 31, 36, 26, 28, 45, 14, 1, 71, 0]
Rota do Picker 7: [0, 31, 51, 74, 55, 17, 77, 94, 27, 12, 14, 2, 32, 40, 46, 13, 1, 33, 98, 71, 20, 37, 11, 93, 36, 57, 41, 0]
Rota do Picker 8: [0, 33, 41, 57, 22, 26, 46, 8, 14, 47, 3, 1, 4, 36, 7, 23, 28, 2, 10, 51, 31, 20, 45, 9, 67, 27, 0]
Rota do Picker 9: [0, 41, 32, 52, 17, 77, 71, 27, 22, 21, 42, 1, 12, 96, 23, 61, 45, 46, 37, 13, 31, 51, 14, 93, 4, 94, 57, 36, 3, 8, 55, 7, 0]
Rota do Picker 10: [0, 71, 11, 12, 32, 52, 74, 94, 8, 89, 10, 36, 57, 13, 14, 23, 42, 22, 45, 3, 51, 67, 31, 9, 40, 20, 46, 26, 27, 7, 30, 1, 17, 77, 37, 0]
Rota do Picker 11: [0, 4, 23, 45, 9, 14, 57, 36, 51, 55, 10, 3, 32, 12, 26, 40, 89, 33, 1, 20, 31, 27, 46, 8, 7, 0]
Rota do Picker 12: [0, 14, 12, 8, 67, 31, 45, 26, 9, 27, 7, 3, 2, 28, 10, 20, 89, 4, 30, 61, 49, 36, 47, 46, 1, 0]

Caso de teste: SLAPRP_Guo_small_O200_alpha0.2_v2.txt

Distancia Total: 2760.0
Quantidade de Pickers: 12
