Rota do Picker 1: [0, 17, 35, 75, 93, 1, 22, 5, 12, 36, 82, 3, 23, 43, 15, 94, 54, 37, 21, 65, 42, 62, 16, 33, 53, 64, 18, 14, 24, 4, 41, 81, 61, 56, 74, 72, 0]
Rota do Picker 2: [0, 18, 15, 23, 41, 54, 34, 6, 43, 55, 17, 14, 84, 4, 21, 16, 91, 71, 64, 24, 3, 1, 33, 53, 61, 92, 44, 0]
Rota do Picker 3: [0, 74, 64, 6, 15, 82, 72, 21, 46, 36, 62, 42, 35, 84, 44, 61, 81, 41, 3, 4, 24, 16, 5, 25, 14, 34, 92, 52, 43, 23, 1, 26, 54, 0]
Rota do Picker 4: [0, 35, 15, 6, 82, 62, 23, 7, 36, 53, 33, 3, 41, 21, 1, 65, 18, 71, 91, 83, 74, 42, 5, 25, 17, 43, 34, 4, 24, 75, 64, 61, 81, 14, 0]
Rota do Picker 5: [0, 1, 4, 24, 65, 17, 45, 42, 64, 26, 14, 22, 44, 84, 62, 81, 61, 15, 6, 5, 43, 23, 3, 41, 21, 0]
Rota do Picker 6: [0, 94, 64, 23, 14, 16, 55, 21, 15, 35, 25, 36, 34, 81, 61, 93, 24, 44, 22, 43, 54, 74, 17, 18, 45, 42, 62, 56, 53, 33, 3, 41, 1, 63, 0]
Rota do Picker 7: [0, 82, 7, 63, 43, 1, 64, 44, 24, 62, 42, 21, 22, 26, 46, 6, 25, 41, 3, 23, 84, 45, 83, 65, 5, 4, 0]
Rota do Picker 8: [0, 1, 61, 25, 45, 16, 55, 14, 24, 4, 41, 21, 15, 43, 3, 34, 23, 94, 53, 33, 83, 75, 84, 64, 42, 62, 5, 7, 54, 74, 0]
Rota do Picker 9: [0, 45, 26, 54, 14, 83, 43, 23, 41, 91, 71, 51, 65, 5, 3, 22, 21, 7, 16, 63, 25, 81, 61, 1, 82, 62, 42, 4, 24, 64, 6, 33, 53, 44, 0]
Rota do Picker 10: [0, 56, 26, 5, 25, 33, 53, 21, 2, 83, 75, 3, 45, 16, 24, 4, 74, 14, 6, 43, 23, 41, 1, 34, 15, 61, 0]
Rota do Picker 11: [0, 15, 22, 46, 74, 16, 3, 5, 34, 6, 55, 64, 42, 62, 1, 21, 41, 4, 24, 33, 53, 23, 43, 14, 54, 65, 26, 0]
Rota do Picker 12: [0, 1, 3, 4, 5, 25, 15, 17, 36, 41, 24, 14, 16, 74, 43, 23, 7, 94, 92, 72, 42, 22, 21, 33, 53, 0]
Rota do Picker 13: [0, 75, 41, 55, 18, 15, 81, 61, 21, 1, 64, 43, 23, 14, 34, 35, 36, 56, 7, 5, 33, 3, 54, 94, 16, 92, 93, 53, 13, 32, 17, 4, 74, 72, 0]

Caso de teste: SLAPRP_Guo_small_O200_alpha0.4_v4.txt

Distancia Total: 2882.0
Quantidade de Pickers: 13
