Rota do Picker 1: [0, 45, 46, 40, 32, 47, 65, 31, 83, 30, 41, 20, 9, 8, 21, 22, 42, 64, 27, 14, 11, 76, 36, 67, 7, 23, 1, 0]
Rota do Picker 2: [0, 30, 31, 23, 83, 89, 27, 47, 46, 41, 3, 26, 21, 64, 10, 67, 8, 45, 87, 65, 9, 7, 22, 11, 0]
Rota do Picker 3: [0, 1, 21, 42, 65, 45, 14, 87, 23, 41, 40, 83, 46, 9, 7, 76, 27, 10, 8, 64, 22, 11, 20, 37, 0]
Rota do Picker 4: [0, 83, 30, 87, 27, 42, 65, 67, 10, 64, 45, 46, 9, 8, 7, 22, 11, 36, 0]
Rota do Picker 5: [0, 22, 42, 83, 9, 36, 40, 0]
Rota do Picker 6: [0, 11, 22, 7, 76, 20, 46, 10, 4, 41, 1, 64, 8, 27, 37, 97, 51, 65, 40, 9, 0]
Rota do Picker 7: [0, 45, 27, 76, 20, 22, 83, 40, 30, 32, 41, 31, 13, 93, 97, 37, 57, 77, 10, 52, 59, 94, 23, 1, 17, 11, 3, 36, 0]
Rota do Picker 8: [0, 52, 13, 97, 94, 22, 12, 40, 93, 59, 14, 31, 10, 39, 20, 77, 57, 37, 17, 11, 21, 41, 0]

Caso de teste: SLAPRP_Guo_small_O100_alpha0.2_v10.txt

Distancia Total: 1566.0
Quantidade de Pickers: 8
