Rota do Picker 1: [0, 1, 23, 7, 27, 47, 51, 0]
Rota do Picker 2: [0, 32, 77, 17, 18, 59, 79, 13, 1, 21, 41, 22, 51, 20, 76, 75, 39, 40, 78, 65, 45, 9, 27, 7, 0]
Rota do Picker 3: [0, 21, 41, 22, 7, 13, 20, 17, 3, 23, 26, 8, 9, 10, 47, 27, 1, 42, 4, 64, 52, 11, 0]
Rota do Picker 4: [0, 1, 41, 21, 2, 65, 45, 26, 10, 9, 27, 7, 4, 22, 3, 83, 64, 0]
Rota do Picker 5: [0, 51, 84, 27, 7, 30, 26, 4, 64, 23, 83, 47, 67, 13, 14, 22, 10, 9, 8, 43, 3, 21, 42, 0]
Rota do Picker 6: [0, 3, 23, 8, 10, 26, 45, 32, 17, 18, 59, 76, 1, 21, 41, 9, 52, 13, 33, 7, 4, 22, 0]
Rota do Picker 7: [0, 1, 23, 45, 47, 27, 7, 22, 21, 41, 3, 83, 26, 8, 10, 30, 9, 64, 84, 20, 17, 0]
Rota do Picker 8: [0, 32, 20, 14, 2, 47, 27, 7, 30, 10, 64, 45, 26, 22, 21, 1, 61, 3, 8, 4, 18, 37, 17, 71, 11, 0]
Rota do Picker 9: [0, 22, 2, 3, 21, 41, 61, 7, 27, 47, 9, 45, 65, 4, 84, 8, 26, 11, 0]
Rota do Picker 10: [0, 21, 22, 4, 7, 27, 47, 3, 23, 83, 11, 52, 75, 39, 59, 40, 78, 13, 33, 10, 9, 26, 41, 32, 20, 77, 0]
Rota do Picker 11: [0, 3, 2, 22, 26, 8, 67, 45, 4, 7, 27, 47, 9, 30, 10, 84, 61, 21, 0]
Rota do Picker 12: [0, 3, 26, 4, 23, 21, 1, 7, 27, 9, 65, 2, 22, 42, 45, 8, 10, 64, 41, 33, 32, 96, 79, 75, 77, 18, 11, 0]
Rota do Picker 13: [0, 3, 83, 26, 14, 13, 20, 39, 78, 18, 61, 96, 94, 32, 11, 64, 4, 21, 22, 0]

Caso de teste: SLAPRP_Guo_small_O200_alpha0.2_v1.txt

Distancia Total: 1590.0
Quantidade de Pickers: 13
