Rota do Picker 1: [0, 26, 46, 66, 27, 83, 76, 20, 40, 4, 9, 10, 30, 22, 42, 71, 45, 3, 1, 0]
Rota do Picker 2: [0, 3, 83, 42, 46, 66, 40, 36, 45, 47, 27, 26, 2, 19, 20, 22, 30, 10, 0]
Rota do Picker 3: [0, 3, 23, 83, 27, 47, 30, 10, 9, 66, 46, 26, 45, 22, 42, 4, 13, 76, 20, 0]
Rota do Picker 4: [0, 1, 22, 4, 26, 46, 66, 27, 67, 83, 23, 3, 2, 42, 45, 9, 47, 10, 93, 13, 21, 0]
Rota do Picker 5: [0, 22, 26, 46, 66, 27, 1, 9, 45, 23, 3, 83, 76, 93, 17, 37, 40, 19, 36, 13, 10, 42, 2, 41, 0]
Rota do Picker 6: [0, 22, 61, 4, 83, 45, 71, 27, 67, 30, 66, 26, 36, 21, 41, 1, 31, 12, 32, 17, 57, 97, 96, 37, 3, 2, 42, 13, 18, 20, 74, 55, 33, 52, 51, 11, 0]

Caso de teste: SLAPRP_Guo_small_O100_alpha0.3_v7.txt

Distancia Total: 894.0
Quantidade de Pickers: 6
