Rota do Picker 1: [0, 50, 1, 11, 18, 98, 12, 27, 76, 41, 21, 28, 39, 36, 13, 17, 60, 40, 20, 9, 8, 46, 45, 37, 19, 7, 59, 30, 94, 74, 55, 0]
Rota do Picker 2: [0, 60, 47, 27, 7, 45, 65, 26, 18, 89, 10, 94, 74, 9, 46, 30, 22, 40, 20, 19, 50, 48, 55, 8, 21, 1, 3, 41, 2, 76, 17, 37, 0]
Rota do Picker 3: [0, 27, 50, 45, 65, 2, 26, 22, 37, 89, 46, 20, 30, 47, 12, 10, 86, 67, 28, 1, 48, 76, 55, 19, 49, 9, 8, 7, 0]
Rota do Picker 4: [0, 3, 7, 46, 27, 10, 45, 48, 30, 65, 8, 26, 50, 47, 9, 28, 49, 2, 0]
Rota do Picker 5: [0, 46, 28, 48, 45, 86, 7, 47, 27, 50, 89, 10, 8, 1, 30, 49, 9, 26, 0]
Rota do Picker 6: [0, 7, 8, 45, 40, 60, 0]
Rota do Picker 7: [0, 8, 9, 49, 26, 45, 37, 20, 46, 22, 36, 7, 27, 47, 10, 55, 60, 76, 30, 50, 48, 67, 3, 89, 28, 2, 1, 18, 40, 0]

Caso de teste: SLAPRP_Guo_small_O100_alpha0.3_v9.txt

Distancia Total: 1486.0
Quantidade de Pickers: 7
