Rota do Picker 1: [0, 1, 2, 45, 65, 48, 30, 10, 9, 26, 7, 47, 87, 50, 69, 46, 8, 17, 37, 0]
Rota do Picker 2: [0, 21, 64, 84, 9, 50, 47, 87, 10, 30, 69, 7, 8, 48, 26, 46, 45, 60, 19, 0]
Rota do Picker 3: [0, 1, 64, 84, 8, 48, 10, 30, 50, 45, 85, 9, 47, 67, 87, 37, 19, 17, 69, 7, 46, 26, 83, 3, 0]
Rota do Picker 4: [0, 2, 83, 64, 26, 46, 8, 48, 9, 45, 65, 7, 87, 67, 10, 50, 69, 21, 1, 0]
Rota do Picker 5: [0, 26, 46, 1, 2, 47, 7, 8, 45, 65, 9, 87, 17, 36, 84, 10, 30, 48, 67, 21, 0]
Rota do Picker 6: [0, 11, 93, 2, 13, 75, 19, 60, 57, 59, 39, 55, 20, 18, 31, 74, 94, 98, 96, 36, 65, 45, 7, 8, 48, 30, 9, 46, 26, 21, 1, 0]

Caso de teste: SLAPRP_Guo_small_O100_alpha0.2_v2.txt

Distancia Total: 814.0
Quantidade de Pickers: 6
