Rota do Picker 1: [0, 1, 21, 4, 24, 25, 42, 62, 22, 7, 8, 82, 26, 45, 27, 83, 64, 44, 63, 43, 6, 81, 61, 41, 46, 65, 93, 0]
Rota do Picker 2: [0, 24, 42, 22, 1, 43, 4, 61, 41, 21, 62, 26, 7, 93, 6, 63, 82, 75, 81, 45, 0]
Rota do Picker 3: [0, 83, 82, 44, 45, 6, 65, 42, 63, 26, 81, 62, 64, 1, 43, 24, 4, 61, 41, 21, 22, 25, 56, 0]
Rota do Picker 4: [0, 64, 21, 81, 24, 93, 82, 45, 6, 42, 63, 56, 62, 75, 43, 4, 61, 41, 1, 0]
Rota do Picker 5: [0, 22, 6, 1, 21, 41, 61, 4, 44, 42, 24, 83, 81, 43, 45, 63, 82, 62, 0]
Rota do Picker 6: [0, 8, 44, 24, 42, 46, 7, 4, 81, 61, 1, 6, 43, 21, 25, 41, 63, 27, 26, 82, 64, 45, 83, 0]
Rota do Picker 7: [0, 82, 26, 41, 61, 46, 65, 64, 45, 42, 44, 24, 4, 21, 1, 7, 62, 23, 6, 81, 25, 43, 0]
Rota do Picker 8: [0, 27, 46, 61, 41, 42, 26, 25, 44, 24, 4, 21, 43, 8, 7, 6, 83, 81, 1, 63, 5, 64, 65, 82, 45, 0]
Rota do Picker 9: [0, 1, 21, 26, 75, 25, 27, 7, 56, 83, 82, 44, 65, 45, 43, 46, 24, 62, 42, 61, 41, 22, 4, 63, 0]
Rota do Picker 10: [0, 42, 81, 25, 7, 27, 82, 44, 63, 65, 8, 26, 83, 62, 45, 1, 21, 41, 4, 64, 6, 43, 61, 24, 0]
Rota do Picker 11: [0, 1, 41, 4, 43, 93, 62, 22, 82, 25, 45, 26, 65, 81, 83, 64, 21, 3, 23, 63, 24, 61, 42, 44, 0]
Rota do Picker 12: [0, 7, 41, 62, 4, 56, 46, 25, 64, 93, 44, 24, 1, 21, 63, 82, 42, 61, 83, 81, 43, 0]
Rota do Picker 13: [0, 56, 15, 31, 61, 21, 1, 32, 34, 55, 91, 8, 0]

Caso de teste: SLAPRP_Guo_small_O200_alpha0.2_v7.txt

Distancia Total: 2066.0
Quantidade de Pickers: 13
