Rota do Picker 1: [0, 16, 67, 47, 44, 24, 4, 86, 45, 61, 41, 84, 82, 62, 64, 46, 6, 2, 21, 26, 66, 1, 5, 25, 65, 72, 0]
Rota do Picker 2: [0, 66, 5, 16, 54, 14, 24, 32, 33, 13, 41, 21, 1, 8, 12, 52, 6, 93, 73, 11, 81, 61, 71, 35, 15, 53, 2, 91, 0]
Rota do Picker 3: [0, 1, 41, 61, 5, 25, 6, 21, 45, 65, 28, 44, 46, 27, 81, 84, 3, 2, 64, 53, 47, 72, 67, 7, 26, 24, 8, 4, 15, 0]
Rota do Picker 4: [0, 1, 41, 61, 5, 25, 45, 32, 92, 21, 7, 15, 86, 8, 72, 44, 85, 16, 4, 53, 23, 24, 6, 66, 35, 64, 51, 71, 28, 46, 2, 65, 14, 0]
Rota do Picker 5: [0, 21, 61, 5, 45, 52, 92, 14, 25, 41, 34, 93, 81, 33, 46, 67, 4, 82, 53, 66, 6, 32, 8, 16, 84, 44, 24, 1, 64, 0]
Rota do Picker 6: [0, 92, 47, 46, 93, 53, 52, 8, 32, 54, 14, 41, 21, 1, 51, 34, 5, 65, 13, 9, 44, 24, 15, 45, 61, 35, 28, 26, 12, 33, 91, 2, 6, 73, 0]
Rota do Picker 7: [0, 54, 6, 12, 32, 44, 64, 23, 43, 63, 52, 72, 14, 86, 61, 41, 21, 1, 9, 34, 84, 47, 45, 92, 24, 82, 71, 51, 8, 4, 13, 33, 46, 0]
Rota do Picker 8: [0, 1, 21, 41, 4, 24, 6, 7, 27, 9, 44, 65, 45, 28, 8, 61, 26, 2, 66, 5, 25, 85, 46, 86, 43, 83, 47, 67, 92, 0]
Rota do Picker 9: [0, 26, 2, 72, 21, 13, 33, 12, 8, 28, 86, 1, 41, 61, 5, 45, 25, 53, 14, 85, 4, 24, 44, 64, 54, 6, 66, 15, 3, 93, 0]
Rota do Picker 10: [0, 61, 51, 71, 6, 28, 48, 84, 24, 85, 64, 44, 3, 2, 82, 4, 45, 25, 5, 41, 66, 1, 8, 7, 21, 65, 86, 46, 0]
Rota do Picker 11: [0, 91, 71, 42, 15, 81, 61, 41, 21, 1, 12, 32, 52, 45, 0]
Rota do Picker 12: [0, 1, 21, 12, 32, 52, 53, 73, 9, 92, 54, 66, 34, 8, 16, 13, 33, 51, 71, 15, 61, 14, 72, 35, 41, 91, 0]
Rota do Picker 13: [0, 44, 25, 5, 41, 1, 84, 64, 2, 24, 9, 48, 85, 45, 4, 26, 21, 61, 65, 7, 28, 27, 6, 8, 0]

Caso de teste: SLAPRP_Guo_small_O200_alpha0.2_v10.txt

Distancia Total: 2676.0
Quantidade de Pickers: 13
