Rota do Picker 1: [0, 21, 0]
Rota do Picker 2: [0, 1, 3, 23, 62, 82, 45, 25, 4, 17, 18, 75, 41, 81, 61, 64, 44, 27, 26, 43, 83, 65, 5, 21, 0]
Rota do Picker 3: [0, 37, 17, 81, 61, 41, 21, 1, 43, 63, 83, 23, 44, 24, 4, 3, 5, 6, 7, 27, 46, 65, 25, 45, 42, 62, 82, 18, 0]
Rota do Picker 4: [0, 1, 21, 3, 23, 43, 7, 5, 25, 44, 62, 42, 65, 46, 6, 26, 24, 4, 61, 81, 41, 0]
Rota do Picker 5: [0, 3, 23, 43, 83, 63, 64, 44, 25, 5, 62, 42, 82, 22, 41, 61, 21, 4, 24, 26, 6, 7, 1, 0]
Rota do Picker 6: [0, 3, 23, 43, 6, 8, 24, 64, 74, 93, 53, 18, 42, 82, 25, 5, 41, 61, 81, 1, 21, 15, 34, 52, 92, 0]
Rota do Picker 7: [0, 51, 44, 43, 83, 4, 64, 24, 7, 8, 5, 1, 41, 21, 3, 23, 22, 72, 92, 52, 53, 33, 0]
Rota do Picker 8: [0, 3, 65, 5, 45, 27, 6, 4, 64, 44, 24, 23, 43, 83, 63, 81, 61, 41, 21, 1, 0]
Rota do Picker 9: [0, 1, 21, 41, 61, 5, 25, 27, 8, 63, 43, 23, 6, 22, 44, 24, 4, 7, 42, 82, 62, 3, 0]
Rota do Picker 10: [0, 21, 41, 1, 3, 63, 4, 24, 23, 43, 5, 45, 6, 81, 61, 34, 14, 12, 32, 55, 75, 0]
Rota do Picker 11: [0, 21, 1, 61, 16, 18, 56, 32, 92, 52, 6, 43, 63, 23, 3, 25, 26, 46, 5, 41, 81, 0]
Rota do Picker 12: [0, 21, 1, 22, 62, 82, 42, 26, 4, 73, 16, 56, 15, 91, 71, 31, 93, 17, 33, 0]

Caso de teste: SLAPRP_Guo_small_O200_alpha0.4_v8.txt

Distancia Total: 1066.0
Quantidade de Pickers: 12
