Rota do Picker 1: [0, 76, 37, 9, 8, 26, 4, 22, 7, 27, 87, 10, 30, 14, 2, 3, 1, 28, 48, 72, 40, 20, 51, 45, 42, 21, 0]
Rota do Picker 2: [0, 21, 41, 61, 2, 26, 45, 42, 22, 9, 10, 30, 67, 87, 27, 7, 8, 1, 0]
Rota do Picker 3: [0, 21, 42, 26, 67, 76, 52, 11, 41, 1, 45, 4, 8, 48, 66, 27, 83, 23, 61, 7, 9, 10, 13, 0]
Rota do Picker 4: [0, 14, 37, 20, 76, 26, 8, 48, 30, 45, 65, 9, 67, 7, 42, 61, 21, 1, 0]
Rota do Picker 5: [0, 41, 30, 28, 23, 22, 26, 9, 17, 13, 52, 12, 51, 33, 36, 96, 98, 20, 72, 3, 8, 87, 67, 27, 7, 45, 4, 42, 1, 21, 14, 74, 18, 40, 79, 11, 0]
Rota do Picker 6: [0, 11, 40, 37, 14, 13, 45, 10, 30, 9, 87, 27, 7, 42, 21, 2, 22, 0]

Caso de teste: SLAPRP_Guo_small_O100_alpha0.2_v7.txt

Distancia Total: 874.0
Quantidade de Pickers: 6
