Rota do Picker 1: [0, 1, 21, 41, 61, 14, 0]
Rota do Picker 2: [0, 21, 22, 42, 1, 3, 23, 43, 63, 5, 41, 25, 46, 62, 65, 6, 44, 27, 61, 64, 24, 4, 45, 8, 0]
Rota do Picker 3: [0, 3, 1, 5, 45, 21, 61, 25, 41, 63, 22, 82, 44, 81, 83, 46, 42, 62, 65, 43, 24, 4, 11, 23, 0]
Rota do Picker 4: [0, 1, 21, 41, 43, 6, 7, 34, 74, 81, 62, 61, 82, 42, 22, 5, 27, 18, 23, 24, 44, 53, 52, 64, 26, 54, 63, 3, 0]
Rota do Picker 5: [0, 21, 3, 5, 25, 23, 63, 6, 82, 1, 62, 7, 65, 64, 46, 41, 44, 83, 24, 43, 4, 8, 27, 45, 0]
Rota do Picker 6: [0, 21, 4, 24, 3, 25, 55, 74, 81, 61, 41, 53, 33, 44, 23, 1, 0]
Rota do Picker 7: [0, 64, 24, 82, 44, 65, 6, 63, 43, 45, 41, 42, 62, 26, 22, 8, 23, 25, 5, 4, 3, 21, 1, 0]
Rota do Picker 8: [0, 3, 23, 44, 64, 25, 27, 1, 4, 24, 8, 83, 26, 82, 7, 6, 63, 5, 65, 43, 46, 21, 45, 0]
Rota do Picker 9: [0, 93, 61, 37, 56, 74, 31, 51, 91, 18, 55, 12, 1, 13, 32, 15, 36, 14, 35, 17, 34, 81, 41, 21, 23, 43, 71, 0]
Rota do Picker 10: [0, 2, 3, 23, 55, 63, 83, 1, 43, 5, 7, 65, 27, 21, 24, 44, 82, 64, 41, 26, 6, 4, 25, 45, 22, 42, 8, 81, 0]
Rota do Picker 11: [0, 26, 42, 22, 41, 43, 4, 23, 3, 21, 1, 25, 81, 6, 61, 82, 44, 24, 83, 45, 27, 5, 62, 0]
Rota do Picker 12: [0, 82, 62, 42, 23, 3, 41, 21, 1, 5, 44, 22, 64, 24, 4, 45, 17, 43, 83, 61, 81, 0]

Caso de teste: SLAPRP_Guo_small_O200_alpha0.3_v3.txt

Distancia Total: 1692.0
Quantidade de Pickers: 12
