Rota do Picker 1: [0, 1, 21, 41, 81, 3, 43, 63, 83, 25, 36, 27, 7, 26, 6, 46, 16, 61, 4, 24, 84, 82, 23, 5, 0]
Rota do Picker 2: [0, 81, 64, 83, 23, 3, 24, 4, 41, 1, 21, 61, 5, 25, 45, 65, 84, 6, 26, 27, 82, 44, 43, 0]
Rota do Picker 3: [0, 21, 41, 61, 3, 23, 6, 54, 63, 5, 81, 43, 64, 24, 4, 44, 25, 17, 26, 7, 1, 16, 84, 36, 0]
Rota do Picker 4: [0, 21, 5, 16, 0]
Rota do Picker 5: [0, 18, 61, 41, 37, 1, 3, 43, 54, 17, 0]
Rota do Picker 6: [0, 43, 23, 3, 21, 24, 4, 61, 41, 1, 63, 65, 5, 82, 26, 7, 6, 64, 81, 44, 25, 83, 27, 0]
Rota do Picker 7: [0, 17, 46, 7, 18, 64, 81, 54, 44, 43, 41, 3, 23, 5, 36, 82, 84, 55, 16, 24, 4, 61, 21, 1, 27, 94, 0]
Rota do Picker 8: [0, 21, 81, 3, 23, 43, 6, 46, 1, 55, 5, 25, 27, 7, 82, 8, 41, 84, 26, 64, 44, 24, 4, 61, 65, 0]

Caso de teste: SLAPRP_Guo_small_O100_alpha0.3_v7.txt

Distancia Total: 1112.0
Quantidade de Pickers: 8
