Rota do Picker 1: [0, 7, 9, 10, 46, 45, 65, 30, 28, 87, 27, 2, 32, 18, 60, 59, 39, 57, 51, 31, 11, 79, 40, 93, 94, 74, 75, 55, 12, 0]
Rota do Picker 2: [0, 65, 46, 26, 27, 7, 8, 60, 40, 20, 12, 51, 21, 57, 75, 94, 74, 31, 11, 55, 37, 39, 18, 76, 45, 69, 9, 87, 67, 2, 0]
Rota do Picker 3: [0, 45, 46, 9, 8, 28, 48, 10, 30, 27, 87, 67, 7, 69, 0]
Rota do Picker 4: [0, 26, 8, 27, 67, 87, 7, 9, 50, 30, 10, 2, 83, 1, 41, 20, 32, 57, 93, 74, 12, 11, 51, 59, 79, 18, 55, 40, 60, 39, 75, 13, 31, 94, 0]
Rota do Picker 5: [0, 32, 37, 57, 20, 60, 40, 28, 8, 48, 9, 7, 22, 45, 30, 10, 87, 67, 27, 46, 26, 83, 3, 0]
Rota do Picker 6: [0, 1, 26, 46, 8, 9, 45, 65, 7, 89, 30, 64, 28, 48, 67, 87, 27, 22, 41, 2, 0]
Rota do Picker 7: [0, 31, 51, 18, 40, 79, 77, 10, 30, 50, 89, 9, 48, 28, 8, 64, 83, 65, 45, 27, 46, 26, 22, 37, 76, 60, 59, 39, 75, 55, 13, 0]
Rota do Picker 8: [0, 45, 2, 30, 48, 8, 7, 27, 87, 69, 10, 9, 28, 46, 26, 21, 1, 0]
Rota do Picker 9: [0, 2, 7, 27, 67, 10, 26, 46, 48, 28, 89, 9, 8, 65, 45, 1, 0]
Rota do Picker 10: [0, 27, 1, 21, 9, 69, 8, 28, 45, 65, 22, 2, 48, 30, 10, 64, 7, 87, 67, 46, 26, 3, 0]
Rota do Picker 11: [0, 27, 7, 11, 12, 57, 18, 76, 50, 28, 21, 0]

Caso de teste: SLAPRP_Guo_small_O200_alpha0.2_v5.txt

Distancia Total: 1464.0
Quantidade de Pickers: 11
