Rota do Picker 1: [0, 15, 14, 74, 53, 73, 47, 7, 85, 65, 5, 24, 8, 4, 83, 63, 43, 3, 1, 61, 41, 21, 0]
Rota do Picker 2: [0, 5, 1, 21, 41, 3, 23, 43, 4, 44, 24, 45, 7, 27, 64, 53, 33, 72, 35, 15, 8, 28, 12, 82, 62, 42, 61, 92, 52, 32, 54, 34, 14, 0]
Rota do Picker 3: [0, 1, 4, 23, 7, 26, 17, 15, 66, 6, 46, 44, 84, 24, 22, 62, 61, 81, 41, 21, 5, 25, 45, 65, 72, 92, 53, 16, 14, 83, 63, 43, 3, 0]
Rota do Picker 4: [0, 14, 5, 6, 26, 44, 4, 42, 1, 41, 21, 63, 23, 83, 43, 82, 7, 27, 62, 81, 61, 3, 24, 8, 71, 0]
Rota do Picker 5: [0, 1, 21, 41, 23, 5, 27, 24, 44, 84, 9, 85, 45, 22, 42, 82, 16, 92, 91, 71, 28, 26, 43, 63, 3, 4, 46, 81, 61, 0]
Rota do Picker 6: [0, 1, 82, 62, 42, 21, 41, 61, 81, 13, 53, 17, 16, 36, 54, 74, 35, 73, 23, 7, 47, 33, 55, 22, 3, 43, 63, 4, 64, 91, 0]

Caso de teste: SLAPRP_Guo_small_O100_alpha0.4_v4.txt

Distancia Total: 876.0
Quantidade de Pickers: 6
