SKUs: 40
Pedidos: 206

Primeiro pedido:
Order(1, [1, 4, 13, 18, 28])

Ultimo pedido:
Order(206, [1, 2, 3, 4, 6, 7])

Location(1, 1, -1, 20)
Location(2, 1, -2, 20)
Location(3, 1, -3, 20)
Location(4, 1, -4, 20)
Location(5, 1, -5, 20)
Location(6, 1, -6, 20)
Location(7, 1, -7, 20)
Location(8, 1, -8, 20)
Location(9, 1, -9, 20)
Location(10, 1, -10, 40)
Location(11, 1, 1, 20)
Location(12, 1, 2, 20)
Location(13, 1, 3, 20)
Location(14, 1, 4, 20)
Location(15, 1, 5, 20)
Location(16, 1, 6, 20)
Location(17, 1, 7, 20)
Location(18, 1, 8, 20)
Location(19, 1, 9, 20)
Location(20, 1, 10, 40)
Location(21, 2, -1, 20)
Location(22, 2, -2, 20)
Location(23, 2, -3, 20)
Location(24, 2, -4, 20)
Location(25, 2, -5, 20)
Location(26, 2, -6, 20)
Location(27, 2, -7, 20)
Location(28, 2, -8, 20)
Location(29, 2, -9, 20)
Location(30, 2, -10, 40)
Location(31, 2, 1, 20)
Location(32, 2, 2, 20)
Location(33, 2, 3, 20)
Location(34, 2, 4, 20)
Location(35, 2, 5, 20)
Location(36, 2, 6, 20)
Location(37, 2, 7, 20)
Location(38, 2, 8, 20)
Location(39, 2, 9, 20)
Location(40, 2, 10, 40)
Location(41, 3, -1, 20)
Location(42, 3, -2, 20)
Location(43, 3, -3, 20)
Location(44, 3, -4, 20)
Location(45, 3, -5, 20)
Location(46, 3, -6, 20)
Location(47, 3, -7, 20)
Location(48, 3, -8, 20)
Location(49, 3, -9, 20)
Location(50, 3, -10, 40)
Location(51, 3, 1, 20)
Location(52, 3, 2, 20)
Location(53, 3, 3, 20)
Location(54, 3, 4, 20)
Location(55, 3, 5, 20)
Location(56, 3, 6, 20)
Location(57, 3, 7, 20)
Location(58, 3, 8, 20)
Location(59, 3, 9, 20)
Location(60, 3, 10, 40)
Location(61, 4, -1, 20)
Location(62, 4, -2, 20)
Location(63, 4, -3, 20)
Location(64, 4, -4, 20)
Location(65, 4, -5, 20)
Location(66, 4, -6, 20)
Location(67, 4, -7, 20)
Location(68, 4, -8, 20)
Location(69, 4, -9, 20)
Location(70, 4, -10, 40)
Location(71, 4, 1, 20)
Location(72, 4, 2, 20)
Location(73, 4, 3, 20)
Location(74, 4, 4, 20)
Location(75, 4, 5, 20)
Location(76, 4, 6, 20)
Location(77, 4, 7, 20)
Location(78, 4, 8, 20)
Location(79, 4, 9, 20)
Location(80, 4, 10, 40)
Location(81, 5, -1, 20)
Location(82, 5, -2, 20)
Location(83, 5, -3, 20)
Location(84, 5, -4, 20)
Location(85, 5, -5, 20)
Location(86, 5, -6, 20)
Location(87, 5, -7, 20)
Location(88, 5, -8, 20)
Location(89, 5, -9, 20)
Location(90, 5, -10, 40)
Location(91, 5, 1, 20)
Location(92, 5, 2, 20)
Location(93, 5, 3, 20)
Location(94, 5, 4, 20)
Location(95, 5, 5, 20)
Location(96, 5, 6, 20)
Location(97, 5, 7, 20)
Location(98, 5, 8, 20)
Location(99, 5, 9, 20)
Location(100, 5, 10, 40)

Frequencias: [124, 86, 84, 102, 79, 90, 93, 92, 6, 10, 13, 8, 10, 14, 11, 20, 13, 16, 13, 14, 9, 5, 9, 15, 12, 8, 9, 13, 9, 6, 5, 8, 16, 19, 11, 21, 7, 9, 0, 0]

Matriz de coocorrencia: 
40×40 Matrix{Int64}:
  0  53  56  63  56  65  61  57  5  6  7  8  8  5  7  9  1  6  4  6  4  3  2  6  8  7  2  9  5  5  3  5   7   9  8   7  5  7  0  0
 53   0  42  48  43  42  44  45  3  6  6  2  4  8  6  6  6  6  5  6  6  1  4  4  5  2  4  4  5  3  2  3   1  11  6  11  2  2  0  0
 56  42   0  41  38  38  41  37  3  5  6  5  4  7  6  6  4  5  4  5  3  1  3  4  3  5  3  7  3  2  0  4   8   7  5   8  3  4  0  0
 63  48  41   0  43  45  47  52  1  7  9  4  3  8  4  9  6  8  6  8  2  4  3  7  6  4  3  6  4  4  3  4   7   6  4   8  3  5  0  0
 56  43  38  43   0  44  46  35  1  3  5  3  6  6  4  6  4  2  2  3  1  1  2  5  3  4  3  4  3  0  3  1   6   4  5  11  2  2  0  0
 65  42  38  45  44   0  46  49  4  6  5  5  6  7  3  8  2  5  4  6  3  1  1  5  6  3  3  6  5  3  3  2  10   8  4   9  3  3  0  0
 61  44  41  47  46  46   0  50  3  3  3  5  4  6  5  9  5  3  5  7  3  1  5  6  6  2  3  7  6  2  1  1   8   7  6   7  4  3  0  0
 57  45  37  52  35  49  50   0  6  6  7  3  5  6  7  7  5  6  6  8  5  2  2  5  3  6  3  4  5  4  2  4   8   9  4   8  4  4  0  0
  5   3   3   1   1   4   3   6  0  1  0  1  1  0  1  0  0  0  1  0  0  0  0  0  1  1  0  0  1  1  1  2   0   0  0   0  0  0  0  0
  6   6   5   7   3   6   3   6  1  0  2  0  0  2  0  0  1  2  1  2  0  1  1  0  0  2  0  1  0  1  0  0   0   0  0   1  1  0  0  0
  7   6   6   9   5   5   3   7  0  2  0  0  0  2  0  1  0  1  1  2  2  1  0  1  0  1  1  1  0  0  0  1   1   0  1   2  0  1  0  0
  8   2   5   4   3   5   5   3  1  0  0  0  0  1  0  0  0  0  0  0  0  0  0  0  1  1  0  0  0  0  0  0   0   1  0   0  0  0  0  0
  8   4   4   3   6   6   4   5  1  0  0  0  0  0  1  1  0  1  1  1  2  0  0  1  1  0  2  2  1  0  0  1   0   2  0   0  0  1  0  0
  5   8   7   8   6   7   6   6  0  2  2  1  0  0  1  2  0  1  0  0  1  0  1  0  1  1  0  0  1  1  0  0   0   0  0   2  1  0  0  0
  7   6   6   4   4   3   5   7  1  0  0  0  1  1  0  0  1  1  0  0  1  0  0  0  0  1  1  2  0  3  0  0   1   1  1   2  0  0  0  0
  9   6   6   9   6   8   9   7  0  0  1  0  1  2  0  0  1  1  2  1  1  1  1  2  2  1  1  0  1  0  0  2   0   2  1   0  1  1  0  0
  1   6   4   6   4   2   5   5  0  1  0  0  0  0  1  1  0  3  1  0  1  0  0  0  0  0  2  0  1  0  1  0   0   1  1   0  0  0  0  0
  6   6   5   8   2   5   3   6  0  2  1  0  1  1  1  1  3  0  0  2  3  0  2  2  0  0  1  2  1  0  0  1   0   4  1   2  1  0  0  0
  4   5   4   6   2   4   5   6  1  1  1  0  1  0  0  2  1  0  0  0  0  2  1  0  1  1  2  0  2  0  2  2   0   0  2   1  1  1  0  0
  6   6   5   8   3   6   7   8  0  2  2  0  1  0  0  1  0  2  0  0  2  0  0  1  0  0  1  2  0  0  0  1   1   3  0   3  1  1  0  0
  4   6   3   2   1   3   3   5  0  0  2  0  2  1  1  1  1  3  0  2  0  0  0  0  0  0  1  0  1  0  0  1   0   2  0   3  0  0  0  0
  3   1   1   4   1   1   1   2  0  1  1  0  0  0  0  1  0  0  2  0  0  0  0  0  2  1  1  1  1  0  0  1   0   0  0   0  0  1  0  0
  2   4   3   3   2   1   5   2  0  1  0  0  0  1  0  1  0  2  1  0  0  0  0  1  0  0  0  0  1  0  0  0   0   0  1   2  1  0  0  0
  6   4   4   7   5   5   6   5  0  0  1  0  1  0  0  2  0  2  0  1  0  0  1  0  1  1  2  0  0  0  0  1   0   1  1   3  1  1  0  0
  8   5   3   6   3   6   6   3  1  0  0  1  1  1  0  2  0  0  1  0  0  2  0  1  0  0  1  0  0  0  0  1   1   2  0   1  0  2  0  0
  7   2   5   4   4   3   2   6  1  2  1  1  0  1  1  1  0  0  1  0  0  1  0  1  0  0  0  0  0  0  0  0   1   1  0   0  0  0  0  0
  2   4   3   3   3   3   3   3  0  0  1  0  2  0  1  1  2  1  2  1  1  1  0  2  1  0  0  0  1  0  0  0   0   1  1   1  0  1  0  0
  9   4   7   6   4   6   7   4  0  1  1  0  2  0  2  0  0  2  0  2  0  1  0  0  0  0  0  0  0  1  0  1   1   1  4   2  0  0  0  0
  5   5   3   4   3   5   6   5  1  0  0  0  1  1  0  1  1  1  2  0  1  1  1  0  0  0  1  0  0  0  0  1   0   0  1   1  0  0  0  0
  5   3   2   4   0   3   2   4  1  1  0  0  0  1  3  0  0  0  0  0  0  0  0  0  0  0  0  1  0  0  0  0   0   0  1   1  0  0  0  0
  3   2   0   3   3   3   1   2  1  0  0  0  0  0  0  0  1  0  2  0  0  0  0  0  0  0  0  0  0  0  0  0   0   0  0   0  0  0  0  0
  5   3   4   4   1   2   1   4  2  0  1  0  1  0  0  2  0  1  2  1  1  1  0  1  1  0  0  1  1  0  0  0   0   0  0   0  1  0  0  0
  7   1   8   7   6  10   8   8  0  0  1  0  0  0  1  0  0  0  0  1  0  0  0  0  1  1  0  1  0  0  0  0   0   0  1   1  0  0  0  0
  9  11   7   6   4   8   7   9  0  0  0  1  2  0  1  2  1  4  0  3  2  0  0  1  2  1  1  1  0  0  0  0   0   0  0   1  0  0  0  0
  8   6   5   4   5   4   6   4  0  0  1  0  0  0  1  1  1  1  2  0  0  0  1  1  0  0  1  4  1  1  0  0   1   0  0   1  0  0  0  0
  7  11   8   8  11   9   7   8  0  1  2  0  0  2  2  0  0  2  1  3  3  0  2  3  1  0  1  2  1  1  0  0   1   1  1   0  1  0  0  0
  5   2   3   3   2   3   4   4  0  1  0  0  0  1  0  1  0  1  1  1  0  0  1  1  0  0  0  0  0  0  0  1   0   0  0   1  0  0  0  0
  7   2   4   5   2   3   3   4  0  0  1  0  1  0  0  1  0  0  1  1  0  1  0  1  2  0  1  0  0  0  0  0   0   0  0   0  0  0  0  0
  0   0   0   0   0   0   0   0  0  0  0  0  0  0  0  0  0  0  0  0  0  0  0  0  0  0  0  0  0  0  0  0   0   0  0   0  0  0  0  0
  0   0   0   0   0   0   0   0  0  0  0  0  0  0  0  0  0  0  0  0  0  0  0  0  0  0  0  0  0  0  0  0   0   0  0   0  0  0  0  0
SKU(124, 231.0, 0.07)
SKU(86, 171.0, 0.08)
SKU(84, 119.0, 0.21)
SKU(102, 166.0, 0.1)
SKU(79, 131.0, 0.13)
SKU(90, 173.0, 0.08)
SKU(93, 182.0, 0.07)
SKU(92, 161.0, 0.11)
SKU(6, 31.0, 0.09)
SKU(10, 17.0, 0.21)
SKU(13, 50.0, 0.11)
SKU(8, 36.0, 0.12)
SKU(10, 25.0, 0.19)
SKU(14, 72.0, 0.07)
SKU(11, 68.0, 0.05)
SKU(20, 68.0, 0.09)
SKU(13, 52.0, 0.08)
SKU(16, 46.0, 0.12)
SKU(13, 26.0, 0.26)
SKU(14, 37.0, 0.17)
SKU(9, 54.0, 0.07)
SKU(5, 18.0, 0.16)
SKU(9, 44.0, 0.1)
SKU(15, 88.0, 0.05)
SKU(12, 44.0, 0.11)
SKU(8, 35.0, 0.09)
SKU(9, 35.0, 0.13)
SKU(13, 35.0, 0.16)
SKU(9, 55.0, 0.06)
SKU(6, 55.0, 0.04)
SKU(5, 19.0, 0.15)
SKU(8, 56.0, 0.06)
SKU(16, 70.0, 0.07)
SKU(19, 97.0, 0.05)
SKU(11, 32.0, 0.12)
SKU(21, 48.0, 0.16)
SKU(7, 60.0, 0.04)
SKU(9, 23.0, 0.14)
SKU(0, 9.0, 0.08)
SKU(0, 9.0, 0.12)

extremidades das matrizes:
S_hat: (-0.14893865045034535, 0.8076624144484787)
S_hat * P: (-0.13138420514539478, 0.666368058498823)
W * S_hat: (-0.05859785040454326, 1.2862576301345328)
W * S_hat * P: (0.0, 1.062085210692624)
correlacao{S_hat, S_hat_hat} = 0.9644094657844418

Posicao 1 (Corredor 1, Prateleira -1)
   SKU 1 -> 231
   SKU 7 -> 54
   SKU 34 -> 1

Posicao 2 (Corredor 1, Prateleira -2)
   SKU 5 -> 48
   SKU 8 -> 103
   SKU 37 -> 60

Posicao 3 (Corredor 1, Prateleira -3)
   SKU 16 -> 68
   SKU 33 -> 70
   SKU 36 -> 48

Posicao 11 (Corredor 1, Prateleira 1)
   SKU 6 -> 138
   SKU 7 -> 128

Posicao 12 (Corredor 1, Prateleira 2)
   SKU 5 -> 83
   SKU 24 -> 88
   SKU 34 -> 96

Posicao 13 (Corredor 1, Prateleira 3)
   SKU 28 -> 35
   SKU 32 -> 56
   SKU 35 -> 32

Posicao 21 (Corredor 2, Prateleira -1)
   SKU 2 -> 171
   SKU 4 -> 35
   SKU 6 -> 35

Posicao 22 (Corredor 2, Prateleira -2)
   SKU 3 -> 57
   SKU 14 -> 72
   SKU 15 -> 58

Posicao 23 (Corredor 2, Prateleira -3)
   SKU 19 -> 26
   SKU 26 -> 35
   SKU 27 -> 35

Posicao 31 (Corredor 2, Prateleira 1)
   SKU 4 -> 131
   SKU 8 -> 58
   SKU 15 -> 10

Posicao 32 (Corredor 2, Prateleira 2)
   SKU 3 -> 62
   SKU 29 -> 55
   SKU 30 -> 55

Posicao 33 (Corredor 2, Prateleira 3)
   SKU 10 -> 17
   SKU 38 -> 23

Posicao 41 (Corredor 3, Prateleira -1)
   SKU 11 -> 50
   SKU 18 -> 46
   SKU 20 -> 37

Posicao 42 (Corredor 3, Prateleira -2)
   SKU 12 -> 36
   SKU 13 -> 25
   SKU 23 -> 44

Posicao 51 (Corredor 3, Prateleira 1)
   SKU 17 -> 52
   SKU 21 -> 54
   SKU 25 -> 44

Posicao 52 (Corredor 3, Prateleira 2)
   SKU 9 -> 31
   SKU 22 -> 18
   SKU 31 -> 19

Posicao 100 (Corredor 5, Prateleira 10)
   SKU 39 -> 9
   SKU 40 -> 9

