Rota do Picker 1: [0, 1, 21, 41, 52, 0]
Rota do Picker 2: [0, 1, 21, 41, 23, 43, 5, 44, 24, 6, 26, 2, 22, 65, 4, 3, 83, 45, 25, 42, 27, 0]
Rota do Picker 3: [0, 1, 21, 41, 61, 3, 23, 4, 45, 5, 25, 6, 27, 43, 63, 37, 54, 91, 18, 17, 56, 16, 93, 33, 11, 92, 34, 14, 15, 72, 52, 0]
Rota do Picker 4: [0, 61, 81, 6, 7, 5, 42, 62, 18, 92, 72, 43, 23, 41, 21, 1, 82, 27, 64, 4, 0]
Rota do Picker 5: [0, 41, 61, 21, 4, 23, 43, 63, 64, 65, 45, 5, 7, 8, 25, 3, 62, 42, 82, 44, 46, 26, 1, 0]
Rota do Picker 6: [0, 1, 21, 5, 6, 26, 82, 42, 61, 41, 81, 8, 43, 23, 3, 24, 44, 64, 4, 17, 0]
Rota do Picker 7: [0, 1, 61, 81, 41, 21, 5, 4, 24, 64, 7, 43, 23, 3, 42, 62, 0]

Caso de teste: SLAPRP_Guo_small_O100_alpha0.3_v2.txt

Distancia Total: 624.0
Quantidade de Pickers: 7
