Rota do Picker 1: [0, 15, 6, 55, 64, 24, 4, 34, 36, 8, 5, 54, 35, 85, 83, 23, 3, 81, 61, 41, 21, 1, 0]
Rota do Picker 2: [0, 1, 21, 61, 3, 23, 4, 36, 55, 0]
Rota do Picker 3: [0, 35, 64, 45, 7, 8, 36, 1, 81, 25, 82, 6, 24, 4, 83, 41, 26, 5, 44, 51, 46, 23, 3, 61, 21, 14, 0]
Rota do Picker 4: [0, 21, 41, 23, 16, 4, 1, 61, 3, 36, 54, 15, 81, 17, 82, 55, 0]
Rota do Picker 5: [0, 1, 21, 41, 3, 54, 4, 36, 33, 65, 73, 61, 23, 16, 5, 6, 17, 34, 64, 7, 45, 55, 94, 43, 24, 81, 26, 31, 0]
Rota do Picker 6: [0, 84, 27, 82, 46, 83, 62, 65, 85, 25, 45, 5, 24, 64, 23, 8, 44, 81, 6, 4, 3, 61, 41, 21, 1, 0]
Rota do Picker 7: [0, 1, 21, 22, 42, 62, 8, 47, 83, 61, 84, 65, 7, 45, 81, 85, 6, 64, 24, 4, 41, 3, 23, 5, 25, 27, 82, 26, 0]

Caso de teste: SLAPRP_Guo_small_O100_alpha0.4_v3.txt

Distancia Total: 1134.0
Quantidade de Pickers: 7
