Rota do Picker 1: [0, 1, 41, 61, 15, 21, 16, 93, 73, 33, 72, 14, 52, 56, 37, 54, 91, 71, 32, 12, 22, 42, 62, 36, 0]
Rota do Picker 2: [0, 44, 1, 3, 23, 43, 6, 64, 5, 65, 4, 21, 41, 26, 45, 22, 24, 83, 27, 63, 42, 25, 82, 62, 61, 0]
Rota do Picker 3: [0, 21, 22, 44, 64, 42, 63, 1, 61, 26, 5, 3, 82, 81, 62, 46, 45, 6, 23, 7, 41, 43, 4, 24, 56, 83, 8, 0]
Rota do Picker 4: [0, 1, 21, 22, 42, 33, 62, 55, 36, 7, 6, 43, 23, 3, 63, 72, 27, 61, 41, 83, 44, 24, 81, 5, 4, 0]
Rota do Picker 5: [0, 92, 72, 23, 3, 91, 43, 83, 63, 71, 51, 41, 21, 1, 31, 42, 62, 33, 16, 22, 24, 44, 61, 82, 5, 45, 4, 0]
Rota do Picker 6: [0, 25, 6, 23, 62, 44, 65, 27, 83, 43, 26, 64, 45, 24, 46, 63, 5, 3, 21, 22, 82, 8, 7, 4, 42, 41, 1, 0]

Caso de teste: SLAPRP_Guo_small_O100_alpha0.4_v3.txt

Distancia Total: 998.0
Quantidade de Pickers: 6
