Rota do Picker 1: [0, 57, 30, 32, 10, 64, 83, 3, 69, 26, 2, 36, 46, 9, 48, 8, 7, 87, 47, 27, 45, 1, 0]
Rota do Picker 2: [0, 7, 27, 26, 46, 45, 30, 20, 40, 48, 83, 57, 47, 49, 9, 8, 2, 41, 37, 0]
Rota do Picker 3: [0, 20, 46, 9, 27, 45, 64, 30, 57, 21, 1, 2, 69, 37, 47, 49, 87, 8, 48, 68, 40, 10, 26, 7, 83, 3, 36, 76, 0]
Rota do Picker 4: [0, 49, 30, 26, 45, 48, 10, 47, 87, 64, 8, 9, 89, 68, 7, 27, 69, 46, 0]
Rota do Picker 5: [0, 7, 45, 40, 21, 26, 9, 48, 46, 8, 10, 47, 83, 1, 64, 68, 69, 87, 27, 2, 0]
Rota do Picker 6: [0, 30, 7, 98, 74, 75, 55, 32, 20, 37, 36, 45, 46, 26, 12, 17, 57, 18, 59, 93, 11, 77, 76, 13, 0]
Rota do Picker 7: [0, 1, 45, 9, 48, 37, 89, 26, 8, 30, 68, 47, 87, 27, 46, 69, 7, 10, 0]

Caso de teste: SLAPRP_Guo_small_O100_alpha0.2_v6.txt

Distancia Total: 1290.0
Quantidade de Pickers: 7
