Rota do Picker 1: [0, 1, 41, 23, 43, 5, 75, 21, 61, 4, 24, 72, 3, 25, 33, 22, 44, 81, 65, 63, 42, 62, 26, 82, 6, 45, 7, 56, 0]
Rota do Picker 2: [0, 52, 12, 1, 21, 41, 15, 93, 61, 81, 53, 37, 82, 62, 3, 31, 51, 17, 35, 36, 56, 75, 33, 18, 16, 55, 73, 0]
Rota do Picker 3: [0, 1, 21, 41, 61, 34, 42, 62, 15, 22, 0]
Rota do Picker 4: [0, 1, 22, 23, 43, 93, 7, 24, 63, 6, 41, 21, 33, 4, 5, 62, 42, 65, 61, 81, 45, 3, 46, 56, 82, 26, 27, 15, 0]
Rota do Picker 5: [0, 1, 21, 41, 61, 81, 34, 8, 91, 55, 35, 93, 62, 42, 15, 5, 23, 63, 72, 92, 82, 0]
Rota do Picker 6: [0, 1, 21, 61, 81, 34, 93, 5, 43, 23, 41, 62, 83, 42, 82, 63, 56, 46, 25, 45, 65, 24, 4, 52, 44, 33, 0]
Rota do Picker 7: [0, 1, 21, 41, 4, 24, 42, 63, 5, 43, 65, 61, 83, 8, 44, 64, 62, 82, 26, 23, 3, 33, 7, 6, 22, 0]
Rota do Picker 8: [0, 1, 3, 23, 45, 8, 82, 65, 7, 42, 24, 44, 22, 43, 25, 5, 27, 21, 4, 64, 6, 62, 83, 41, 61, 26, 0]
Rota do Picker 9: [0, 81, 45, 25, 61, 64, 43, 23, 42, 5, 44, 4, 41, 21, 1, 46, 63, 7, 6, 62, 24, 22, 82, 26, 83, 27, 0]
Rota do Picker 10: [0, 83, 42, 26, 46, 62, 64, 41, 4, 44, 45, 65, 6, 8, 5, 21, 1, 7, 27, 24, 63, 43, 23, 3, 25, 22, 33, 93, 0]
Rota do Picker 11: [0, 1, 21, 61, 15, 36, 71, 51, 81, 33, 72, 55, 34, 63, 23, 41, 0]
Rota do Picker 12: [0, 5, 25, 24, 63, 73, 75, 16, 23, 3, 93, 33, 64, 44, 4, 42, 62, 61, 34, 8, 81, 15, 43, 41, 21, 1, 18, 0]
Rota do Picker 13: [0, 1, 21, 41, 4, 45, 26, 44, 27, 5, 62, 42, 23, 24, 43, 65, 83, 22, 25, 14, 82, 61, 81, 7, 46, 6, 64, 8, 0]
Rota do Picker 14: [0, 82, 5, 42, 21, 63, 22, 24, 4, 1, 83, 43, 64, 62, 41, 26, 25, 61, 81, 27, 6, 23, 44, 45, 35, 0]

Caso de teste: SLAPRP_Guo_small_O200_alpha0.2_v7.txt

Distancia Total: 2320.0
Quantidade de Pickers: 14
