Rota do Picker 1: [0, 91, 51, 83, 63, 34, 6, 23, 3, 41, 21, 1, 12, 81, 44, 45, 24, 4, 64, 43, 5, 26, 61, 22, 42, 82, 7, 75, 15, 13, 0]
Rota do Picker 2: [0, 1, 13, 51, 71, 18, 75, 15, 54, 21, 12, 17, 74, 32, 37, 95, 2, 63, 16, 25, 56, 36, 53, 41, 3, 23, 14, 35, 61, 81, 34, 4, 0]
Rota do Picker 3: [0, 14, 5, 42, 22, 81, 71, 91, 43, 24, 44, 17, 21, 61, 51, 25, 94, 34, 23, 3, 41, 1, 54, 0]
Rota do Picker 4: [0, 1, 41, 42, 62, 14, 34, 61, 81, 17, 6, 0]
Rota do Picker 5: [0, 1, 3, 23, 13, 37, 0]

Caso de teste: SLAPRP_Guo_small_O50_alpha0.2_v4.txt

Distancia Total: 694.0
Quantidade de Pickers: 5
