Rota do Picker 1: [0, 7, 47, 87, 9, 69, 30, 70, 50, 27, 10, 26, 46, 45, 22, 1, 0]
Rota do Picker 2: [0, 1, 45, 9, 69, 49, 30, 7, 57, 40, 20, 64, 3, 26, 46, 27, 67, 17, 0]
Rota do Picker 3: [0, 45, 7, 67, 40, 97, 57, 47, 87, 69, 30, 48, 8, 50, 10, 9, 27, 46, 26, 1, 0]
Rota do Picker 4: [0, 1, 13, 37, 77, 20, 39, 18, 17, 12, 22, 64, 27, 67, 9, 97, 57, 7, 26, 46, 10, 30, 45, 3, 49, 70, 32, 76, 94, 74, 40, 96, 55, 31, 11, 0]
Rota do Picker 5: [0, 45, 46, 1, 7, 27, 87, 9, 50, 10, 69, 41, 3, 83, 26, 47, 57, 97, 48, 8, 55, 20, 40, 39, 77, 37, 12, 22, 21, 11, 0]
Rota do Picker 6: [0, 59, 37, 74, 32, 12, 1, 22, 69, 46, 13, 11, 48, 8, 83, 3, 45, 50, 30, 10, 41, 7, 67, 27, 47, 9, 68, 26, 0]

Caso de teste: SLAPRP_Guo_small_O100_alpha0.4_v7.txt

Distancia Total: 994.0
Quantidade de Pickers: 6
