Rota do Picker 1: [0, 16, 64, 85, 5, 61, 41, 21, 1, 25, 7, 3, 43, 83, 17, 81, 2, 6, 27, 24, 42, 82, 84, 44, 0]
Rota do Picker 2: [0, 1, 42, 24, 43, 63, 83, 82, 62, 74, 31, 12, 17, 6, 25, 85, 65, 45, 5, 3, 81, 61, 41, 21, 0]
Rota do Picker 3: [0, 36, 17, 94, 37, 54, 16, 32, 24, 25, 45, 8, 84, 7, 5, 44, 3, 43, 63, 22, 81, 61, 41, 21, 1, 0]
Rota do Picker 4: [0, 1, 82, 5, 65, 47, 7, 83, 43, 3, 81, 61, 21, 16, 74, 54, 36, 6, 41, 25, 45, 8, 0]
Rota do Picker 5: [0, 1, 21, 41, 61, 81, 3, 43, 85, 5, 27, 7, 6, 25, 65, 45, 11, 0]
Rota do Picker 6: [0, 21, 81, 41, 5, 7, 44, 84, 24, 8, 25, 63, 16, 36, 43, 3, 61, 1, 0]
Rota do Picker 7: [0, 1, 21, 41, 61, 81, 5, 25, 43, 3, 6, 27, 8, 65, 85, 82, 16, 36, 54, 74, 0]
Rota do Picker 8: [0, 21, 1, 41, 61, 5, 85, 27, 26, 7, 83, 63, 3, 43, 44, 46, 45, 25, 16, 74, 0]
Rota do Picker 9: [0, 1, 21, 61, 81, 3, 5, 44, 64, 74, 94, 37, 17, 8, 25, 45, 41, 24, 7, 27, 43, 52, 0]
Rota do Picker 10: [0, 1, 21, 41, 61, 81, 43, 83, 63, 3, 7, 8, 85, 65, 45, 84, 64, 6, 25, 5, 0]
Rota do Picker 11: [0, 1, 61, 42, 62, 43, 6, 46, 44, 64, 24, 51, 13, 33, 14, 54, 25, 5, 3, 21, 81, 41, 0]

Caso de teste: SLAPRP_Guo_small_O200_alpha0.4_v2.txt

Distancia Total: 1176.0
Quantidade de Pickers: 11
