Rota do Picker 1: [0, 1, 51, 91, 0]
Rota do Picker 2: [0, 21, 4, 44, 64, 8, 10, 48, 45, 7, 27, 87, 67, 5, 1, 41, 61, 24, 26, 86, 85, 14, 0]
Rota do Picker 3: [0, 1, 21, 41, 61, 4, 7, 48, 14, 12, 52, 3, 43, 63, 27, 67, 87, 10, 9, 28, 8, 65, 45, 25, 5, 85, 64, 44, 24, 0]
Rota do Picker 4: [0, 1, 21, 41, 61, 81, 4, 24, 44, 64, 27, 47, 86, 66, 26, 29, 48, 85, 25, 5, 45, 68, 46, 13, 15, 12, 0]
Rota do Picker 5: [0, 15, 52, 72, 51, 71, 10, 30, 29, 27, 7, 4, 24, 44, 64, 8, 28, 47, 25, 34, 32, 61, 41, 21, 1, 67, 66, 0]
Rota do Picker 6: [0, 91, 62, 44, 4, 81, 61, 41, 1, 21, 24, 64, 84, 15, 52, 14, 82, 33, 71, 51, 13, 12, 32, 5, 25, 9, 47, 27, 0]
Rota do Picker 7: [0, 5, 8, 47, 67, 27, 28, 45, 25, 34, 52, 68, 7, 4, 24, 64, 84, 44, 26, 86, 72, 33, 14, 12, 61, 41, 21, 1, 0]
Rota do Picker 8: [0, 14, 12, 52, 13, 33, 53, 29, 30, 27, 45, 25, 5, 85, 84, 44, 4, 21, 81, 1, 41, 61, 51, 82, 0]
Rota do Picker 9: [0, 81, 61, 67, 47, 9, 48, 28, 29, 10, 5, 14, 32, 12, 51, 71, 91, 53, 25, 45, 85, 64, 44, 24, 4, 41, 21, 1, 0]
Rota do Picker 10: [0, 21, 81, 41, 61, 4, 24, 26, 30, 10, 7, 5, 8, 28, 48, 45, 25, 71, 51, 12, 52, 32, 14, 15, 1, 0]
Rota do Picker 11: [0, 51, 1, 61, 4, 24, 23, 26, 66, 46, 28, 8, 44, 5, 7, 14, 34, 13, 53, 12, 25, 45, 27, 72, 52, 33, 81, 41, 21, 0]
Rota do Picker 12: [0, 14, 81, 21, 4, 24, 64, 34, 53, 27, 10, 26, 6, 47, 44, 66, 29, 9, 25, 5, 22, 61, 41, 1, 0]
Rota do Picker 13: [0, 1, 21, 41, 5, 25, 65, 67, 87, 47, 32, 12, 72, 15, 0]
Rota do Picker 14: [0, 13, 21, 41, 4, 24, 44, 64, 84, 85, 27, 8, 45, 25, 5, 15, 71, 34, 14, 86, 9, 63, 3, 81, 61, 1, 0]

Caso de teste: SLAPRP_Guo_small_O200_alpha0.2_v3.txt

Distancia Total: 1628.0
Quantidade de Pickers: 14
