Rota do Picker 1: [0, 3, 10, 27, 26, 46, 66, 9, 45, 4, 1, 22, 42, 8, 30, 28, 96, 76, 33, 13, 40, 39, 18, 0]
Rota do Picker 2: [0, 83, 27, 66, 46, 3, 45, 26, 28, 47, 30, 10, 8, 13, 19, 20, 96, 36, 2, 1, 0]
Rota do Picker 3: [0, 42, 2, 22, 26, 46, 27, 47, 45, 55, 74, 9, 30, 10, 3, 66, 83, 23, 71, 31, 11, 0]
Rota do Picker 4: [0, 26, 46, 23, 41, 55, 20, 77, 3, 8, 28, 67, 4, 30, 27, 47, 42, 22, 36, 96, 19, 18, 13, 33, 11, 83, 45, 66, 1, 0]
Rota do Picker 5: [0, 22, 2, 26, 66, 45, 27, 9, 3, 1, 46, 42, 74, 12, 32, 17, 37, 39, 40, 20, 41, 28, 8, 47, 10, 23, 83, 11, 0]
Rota do Picker 6: [0, 11, 51, 52, 3, 61, 21, 10, 2, 55, 71, 31, 27, 1, 17, 37, 57, 96, 32, 12, 94, 93, 13, 33, 18, 74, 39, 19, 87, 67, 26, 42, 22, 0]

Caso de teste: SLAPRP_Guo_small_O100_alpha0.3_v7.txt

Distancia Total: 986.0
Quantidade de Pickers: 6
