Rota do Picker 1: [0, 1, 21, 61, 3, 25, 45, 56, 4, 82, 44, 43, 23, 84, 8, 64, 63, 6, 22, 41, 81, 27, 65, 24, 26, 0]
Rota do Picker 2: [0, 45, 23, 3, 26, 46, 81, 6, 61, 25, 7, 41, 43, 8, 27, 44, 24, 4, 21, 1, 65, 64, 83, 63, 82, 0]
Rota do Picker 3: [0, 24, 21, 1, 44, 4, 61, 41, 63, 43, 23, 3, 6, 81, 8, 46, 65, 45, 25, 64, 27, 7, 56, 0]
Rota do Picker 4: [0, 1, 21, 41, 81, 3, 61, 23, 83, 25, 75, 64, 63, 82, 26, 44, 24, 43, 0]
Rota do Picker 5: [0, 83, 41, 82, 43, 64, 27, 21, 6, 46, 3, 23, 45, 4, 63, 25, 61, 81, 24, 8, 65, 1, 44, 7, 26, 56, 0]
Rota do Picker 6: [0, 46, 4, 25, 82, 45, 21, 44, 83, 27, 65, 8, 7, 6, 61, 41, 84, 64, 24, 63, 43, 23, 3, 1, 26, 56, 0]
Rota do Picker 7: [0, 1, 21, 61, 3, 43, 56, 82, 44, 83, 4, 64, 65, 81, 6, 24, 63, 23, 41, 0]
Rota do Picker 8: [0, 21, 61, 4, 24, 25, 44, 6, 3, 64, 23, 65, 83, 43, 27, 45, 7, 81, 41, 1, 0]
Rota do Picker 9: [0, 24, 21, 25, 43, 23, 3, 63, 6, 4, 81, 61, 41, 1, 83, 44, 45, 26, 82, 0]
Rota do Picker 10: [0, 82, 26, 6, 24, 44, 63, 27, 65, 8, 45, 83, 64, 4, 81, 21, 43, 23, 3, 61, 41, 1, 0]
Rota do Picker 11: [0, 61, 81, 44, 24, 4, 41, 21, 1, 64, 62, 63, 3, 26, 46, 83, 82, 6, 43, 25, 7, 23, 27, 0]
Rota do Picker 12: [0, 44, 3, 41, 63, 4, 81, 61, 21, 1, 64, 43, 82, 24, 7, 26, 83, 25, 6, 23, 0]
Rota do Picker 13: [0, 11, 14, 35, 41, 81, 3, 56, 0]

Caso de teste: SLAPRP_Guo_small_O200_alpha0.2_v10.txt

Distancia Total: 1754.0
Quantidade de Pickers: 13
