Rota do Picker 1: [0, 21, 61, 81, 24, 8, 25, 83, 23, 3, 6, 82, 62, 4, 41, 1, 0]
Rota do Picker 2: [0, 1, 21, 41, 61, 3, 23, 6, 8, 65, 64, 24, 4, 26, 46, 63, 45, 25, 7, 37, 18, 0]
Rota do Picker 3: [0, 7, 6, 24, 23, 3, 41, 21, 1, 61, 4, 44, 42, 26, 46, 25, 45, 8, 63, 81, 0]
Rota do Picker 4: [0, 44, 1, 3, 23, 43, 83, 64, 24, 7, 6, 27, 45, 82, 62, 41, 21, 61, 0]
Rota do Picker 5: [0, 1, 21, 3, 62, 82, 64, 63, 43, 45, 27, 7, 44, 4, 24, 23, 81, 61, 41, 0]
Rota do Picker 6: [0, 62, 82, 83, 3, 61, 41, 21, 24, 43, 8, 27, 65, 23, 7, 6, 46, 44, 4, 26, 25, 1, 0]
Rota do Picker 7: [0, 31, 32, 18, 44, 24, 41, 61, 5, 64, 21, 43, 83, 63, 25, 6, 3, 4, 81, 1, 0]

Caso de teste: SLAPRP_Guo_small_O100_alpha0.3_v8.txt

Distancia Total: 672.0
Quantidade de Pickers: 7
