Rota do Picker 1: [0, 1, 21, 41, 61, 62, 82, 4, 24, 43, 83, 36, 64, 3, 6, 45, 26, 63, 73, 42, 22, 81, 23, 72, 32, 25, 5, 0]
Rota do Picker 2: [0, 1, 43, 63, 44, 72, 65, 62, 42, 22, 4, 24, 7, 73, 26, 25, 46, 45, 83, 23, 61, 41, 21, 5, 0]
Rota do Picker 3: [0, 1, 41, 61, 5, 8, 43, 27, 83, 63, 62, 26, 45, 23, 44, 6, 24, 4, 42, 22, 21, 73, 0]
Rota do Picker 4: [0, 41, 61, 81, 21, 1, 23, 43, 52, 72, 0]
Rota do Picker 5: [0, 21, 41, 5, 25, 7, 63, 1, 2, 4, 8, 43, 62, 83, 6, 24, 23, 27, 46, 22, 45, 44, 65, 3, 0]
Rota do Picker 6: [0, 1, 21, 41, 61, 14, 0]
Rota do Picker 7: [0, 34, 17, 55, 14, 41, 21, 12, 56, 61, 52, 1, 16, 36, 92, 72, 83, 63, 11, 54, 46, 0]
Rota do Picker 8: [0, 22, 62, 1, 5, 63, 43, 23, 41, 21, 4, 6, 42, 44, 7, 26, 83, 65, 3, 46, 82, 24, 0]

Caso de teste: SLAPRP_Guo_small_O100_alpha0.3_v5.txt

Distancia Total: 944.0
Quantidade de Pickers: 8
