Rota do Picker 1: [0, 26, 46, 9, 45, 1, 40, 69, 28, 41, 50, 32, 65, 30, 27, 7, 87, 22, 67, 3, 48, 8, 21, 97, 0]
Rota do Picker 2: [0, 21, 28, 67, 87, 10, 22, 89, 69, 8, 3, 26, 46, 7, 9, 45, 48, 27, 30, 65, 1, 0]
Rota do Picker 3: [0, 20, 30, 26, 46, 27, 9, 10, 65, 13, 19, 89, 69, 7, 50, 2, 28, 87, 67, 21, 22, 45, 48, 8, 1, 12, 0]
Rota do Picker 4: [0, 27, 67, 45, 40, 60, 12, 55, 18, 98, 46, 50, 8, 20, 36, 7, 21, 1, 31, 22, 2, 74, 94, 28, 75, 19, 13, 59, 39, 30, 10, 77, 97, 41, 0]
Rota do Picker 5: [0, 30, 7, 69, 89, 48, 28, 67, 27, 87, 45, 50, 10, 9, 8, 46, 26, 65, 0]
Rota do Picker 6: [0, 1, 8, 48, 9, 45, 69, 27, 7, 3, 28, 46, 26, 21, 30, 87, 41, 50, 2, 67, 10, 0]
Rota do Picker 7: [0, 12, 55, 75, 18, 13, 94, 28, 59, 20, 98, 74, 21, 36, 19, 40, 39, 1, 60, 77, 32, 97, 76, 31, 0]
Rota do Picker 8: [0, 87, 65, 2, 28, 22, 21, 27, 9, 69, 89, 10, 57, 48, 8, 46, 26, 1, 32, 45, 67, 50, 30, 7, 3, 20, 0]
Rota do Picker 9: [0, 45, 65, 28, 48, 19, 94, 12, 87, 30, 7, 37, 20, 1, 50, 40, 67, 10, 97, 8, 46, 26, 57, 9, 27, 21, 0]
Rota do Picker 10: [0, 57, 30, 1, 76, 89, 69, 7, 65, 37, 19, 87, 3, 2, 21, 20, 28, 48, 13, 97, 10, 32, 40, 45, 27, 9, 8, 46, 26, 0]
Rota do Picker 11: [0, 2, 7, 27, 26, 46, 40, 60, 36, 0]
Rota do Picker 12: [0, 12, 3, 1, 50, 21, 67, 87, 57, 37, 30, 69, 27, 7, 22, 60, 48, 40, 65, 45, 26, 97, 76, 19, 10, 46, 28, 41, 20, 13, 9, 8, 0]
Rota do Picker 13: [0, 87, 8, 7, 46, 27, 67, 9, 26, 50, 10, 45, 89, 21, 69, 65, 28, 48, 30, 0]

Caso de teste: SLAPRP_Guo_small_O200_alpha0.2_v9.txt

Distancia Total: 2790.0
Quantidade de Pickers: 13
