Rota do Picker 1: [0, 1, 12, 91, 0]
Rota do Picker 2: [0, 1, 21, 41, 61, 81, 2, 3, 23, 83, 7, 25, 6, 26, 44, 64, 5, 45, 4, 73, 93, 33, 14, 18, 17, 42, 22, 63, 65, 11, 16, 15, 0]
Rota do Picker 3: [0, 1, 21, 41, 61, 81, 4, 84, 64, 24, 17, 16, 56, 74, 15, 35, 75, 14, 26, 6, 43, 63, 45, 25, 7, 54, 82, 42, 0]
Rota do Picker 4: [0, 1, 21, 41, 61, 16, 35, 15, 54, 23, 43, 42, 62, 37, 45, 25, 5, 44, 84, 14, 6, 24, 4, 0]
Rota do Picker 5: [0, 1, 21, 41, 81, 31, 52, 32, 3, 23, 24, 0]

Caso de teste: SLAPRP_Guo_small_O50_alpha0.2_v9.txt

Distancia Total: 472.0
Quantidade de Pickers: 5
