Rota do Picker 1: [0, 11, 49, 65, 20, 41, 67, 40, 50, 97, 89, 3, 32, 30, 26, 69, 46, 45, 47, 8, 57, 55, 10, 9, 27, 7, 1, 28, 48, 0]
Rota do Picker 2: [0, 9, 59, 0]
Rota do Picker 3: [0, 27, 30, 1, 57, 45, 10, 89, 69, 9, 8, 7, 46, 55, 50, 48, 28, 26, 47, 67, 65, 0]
Rota do Picker 4: [0, 1, 12, 55, 20, 39, 8, 93, 97, 40, 45, 46, 96, 11, 74, 76, 94, 60, 59, 17, 37, 18, 57, 0]
Rota do Picker 5: [0, 67, 41, 7, 27, 40, 26, 10, 13, 20, 83, 3, 22, 28, 48, 97, 69, 60, 30, 70, 65, 45, 21, 57, 55, 47, 8, 59, 9, 46, 32, 12, 1, 0]
Rota do Picker 6: [0, 3, 8, 9, 10, 12, 47, 48, 68, 30, 67, 89, 26, 27, 7, 50, 45, 69, 46, 41, 1, 49, 0]
Rota do Picker 7: [0, 40, 20, 30, 69, 9, 27, 46, 83, 3, 45, 1, 97, 26, 49, 55, 57, 10, 41, 8, 7, 67, 28, 48, 0]

Caso de teste: SLAPRP_Guo_small_O100_alpha0.4_v7.txt

Distancia Total: 1558.0
Quantidade de Pickers: 7
