Rota do Picker 1: [0, 26, 10, 30, 7, 27, 67, 8, 9, 46, 45, 18, 19, 40, 60, 57, 37, 21, 0]
Rota do Picker 2: [0, 37, 18, 10, 9, 27, 87, 8, 28, 30, 50, 31, 60, 19, 45, 46, 26, 70, 7, 1, 0]
Rota do Picker 3: [0, 1, 21, 9, 50, 45, 28, 8, 46, 26, 27, 47, 18, 40, 80, 67, 7, 10, 30, 2, 57, 20, 94, 74, 0]
Rota do Picker 4: [0, 19, 60, 80, 40, 50, 70, 87, 67, 47, 27, 7, 26, 46, 8, 10, 30, 9, 45, 0]
Rota do Picker 5: [0, 26, 46, 7, 9, 87, 21, 60, 80, 19, 74, 94, 18, 57, 97, 59, 45, 28, 8, 1, 13, 40, 47, 27, 30, 70, 51, 2, 22, 0]
Rota do Picker 6: [0, 8, 9, 50, 18, 37, 20, 45, 65, 26, 46, 27, 67, 87, 10, 30, 7, 1, 2, 0]
Rota do Picker 7: [0, 12, 18, 20, 59, 46, 7, 31, 22, 50, 27, 10, 8, 41, 21, 28, 70, 30, 47, 87, 2, 3, 67, 9, 0]

Caso de teste: SLAPRP_Guo_small_O100_alpha0.3_v8.txt

Distancia Total: 1016.0
Quantidade de Pickers: 7
