Rota do Picker 1: [0, 21, 22, 31, 51, 14, 55, 18, 30, 50, 93, 32, 11, 41, 61, 33, 37, 77, 94, 10, 0]
Rota do Picker 2: [0, 31, 93, 18, 77, 10, 50, 60, 51, 22, 37, 13, 20, 30, 1, 23, 32, 2, 42, 41, 11, 52, 94, 55, 0]
Rota do Picker 3: [0, 8, 10, 20, 13, 1, 22, 23, 26, 50, 55, 31, 47, 66, 45, 46, 30, 11, 7, 67, 9, 21, 84, 42, 0]
Rota do Picker 4: [0, 37, 21, 60, 93, 19, 14, 94, 61, 40, 1, 32, 20, 77, 18, 55, 33, 31, 84, 0]
Rota do Picker 5: [0, 32, 55, 19, 40, 77, 30, 18, 11, 1, 22, 93, 41, 61, 31, 37, 60, 94, 52, 20, 65, 45, 84, 0]
Rota do Picker 6: [0, 61, 46, 55, 10, 37, 31, 30, 20, 21, 26, 67, 84, 1, 23, 9, 14, 50, 93, 51, 19, 8, 45, 42, 22, 41, 3, 0]
Rota do Picker 7: [0, 22, 31, 18, 77, 65, 50, 23, 55, 2, 94, 40, 10, 0]
Rota do Picker 8: [0, 10, 77, 32, 11, 30, 94, 37, 18, 55, 31, 20, 60, 21, 61, 19, 93, 52, 1, 65, 42, 22, 0]

Caso de teste: SLAPRP_Guo_small_O100_alpha0.3_v8.txt

Distancia Total: 1706.0
Quantidade de Pickers: 8
