Rota do Picker 1: [0, 1, 21, 41, 24, 42, 5, 22, 61, 63, 44, 25, 23, 43, 6, 83, 62, 81, 46, 0]
Rota do Picker 2: [0, 6, 42, 22, 41, 62, 64, 24, 21, 1, 5, 8, 26, 63, 61, 27, 65, 23, 45, 81, 82, 7, 43, 83, 46, 0]
Rota do Picker 3: [0, 46, 21, 1, 24, 5, 62, 42, 22, 61, 41, 45, 83, 6, 25, 82, 27, 44, 23, 43, 81, 64, 26, 8, 75, 0]
Rota do Picker 4: [0, 3, 65, 44, 63, 5, 82, 25, 22, 24, 83, 42, 43, 23, 81, 61, 41, 21, 1, 0]
Rota do Picker 5: [0, 26, 46, 21, 5, 22, 1, 62, 43, 41, 61, 45, 7, 63, 27, 64, 42, 8, 82, 65, 25, 6, 23, 83, 81, 44, 24, 0]
Rota do Picker 6: [0, 81, 63, 62, 24, 1, 21, 61, 22, 42, 41, 23, 0]
Rota do Picker 7: [0, 81, 83, 8, 25, 63, 61, 22, 5, 7, 24, 64, 23, 43, 45, 26, 46, 44, 27, 6, 41, 21, 1, 62, 0]

Caso de teste: SLAPRP_Guo_small_O100_alpha0.2_v3.txt

Distancia Total: 1004.0
Quantidade de Pickers: 7
