Rota do Picker 1: [0, 1, 21, 22, 5, 6, 23, 43, 33, 93, 73, 53, 71, 27, 8, 4, 64, 15, 35, 13, 84, 44, 24, 3, 61, 0]
Rota do Picker 2: [0, 1, 21, 61, 23, 43, 63, 83, 8, 28, 6, 55, 16, 36, 13, 33, 53, 7, 46, 24, 4, 27, 0]
Rota do Picker 3: [0, 1, 4, 5, 25, 43, 63, 83, 23, 45, 85, 6, 47, 34, 53, 73, 13, 44, 24, 61, 21, 0]
Rota do Picker 4: [0, 22, 1, 21, 43, 44, 64, 8, 7, 4, 24, 36, 74, 14, 16, 91, 71, 73, 33, 13, 15, 35, 55, 93, 53, 46, 6, 63, 23, 25, 65, 45, 5, 0]
Rota do Picker 5: [0, 33, 1, 44, 64, 4, 24, 34, 74, 73, 8, 42, 47, 7, 82, 62, 22, 63, 43, 61, 21, 51, 13, 25, 5, 0]
Rota do Picker 6: [0, 1, 22, 61, 81, 17, 55, 34, 21, 7, 27, 45, 4, 44, 13, 73, 53, 54, 71, 16, 85, 65, 25, 5, 72, 52, 15, 43, 23, 0]

Caso de teste: SLAPRP_Guo_small_O100_alpha0.2_v1.txt

Distancia Total: 810.0
Quantidade de Pickers: 6
