Rota do Picker 1: [0, 1, 21, 41, 61, 3, 23, 62, 14, 36, 18, 46, 4, 43, 84, 37, 0]
Rota do Picker 2: [0, 1, 21, 41, 61, 3, 14, 74, 35, 55, 83, 63, 17, 18, 43, 65, 6, 64, 44, 24, 4, 23, 84, 26, 94, 0]
Rota do Picker 3: [0, 62, 63, 23, 3, 41, 21, 1, 14, 35, 17, 44, 24, 4, 42, 16, 37, 75, 55, 6, 7, 65, 5, 43, 81, 61, 0]
Rota do Picker 4: [0, 16, 1, 21, 61, 81, 4, 14, 56, 17, 74, 64, 44, 63, 83, 24, 62, 5, 23, 3, 41, 0]
Rota do Picker 5: [0, 1, 21, 3, 23, 6, 14, 37, 54, 75, 83, 43, 63, 45, 25, 5, 7, 44, 24, 4, 61, 41, 16, 36, 55, 35, 64, 0]
Rota do Picker 6: [0, 21, 4, 44, 84, 41, 61, 81, 62, 3, 23, 43, 1, 55, 75, 35, 14, 16, 36, 56, 0]
Rota do Picker 7: [0, 1, 21, 41, 61, 2, 42, 14, 35, 16, 18, 17, 7, 5, 45, 25, 54, 94, 23, 3, 62, 55, 0]
Rota do Picker 8: [0, 25, 21, 61, 4, 24, 43, 54, 34, 17, 52, 3, 23, 63, 62, 1, 41, 81, 14, 55, 35, 0]
Rota do Picker 9: [0, 1, 21, 81, 4, 61, 41, 53, 13, 51, 25, 46, 6, 45, 43, 23, 3, 64, 62, 83, 82, 14, 55, 18, 0]
Rota do Picker 10: [0, 1, 21, 41, 61, 4, 62, 6, 26, 44, 64, 35, 75, 55, 54, 14, 5, 45, 25, 15, 36, 56, 18, 17, 24, 7, 43, 23, 3, 0]
Rota do Picker 11: [0, 1, 41, 6, 7, 84, 37, 16, 26, 24, 4, 61, 81, 45, 43, 55, 36, 17, 35, 14, 62, 83, 23, 3, 21, 0]
Rota do Picker 12: [0, 16, 11, 41, 21, 1, 61, 4, 6, 26, 25, 5, 23, 3, 24, 54, 74, 14, 35, 63, 43, 44, 0]

Caso de teste: SLAPRP_Guo_small_O200_alpha0.4_v7.txt

Distancia Total: 1540.0
Quantidade de Pickers: 12
