Rota do Picker 1: [0, 26, 27, 85, 1, 21, 45, 84, 8, 9, 10, 47, 7, 46, 50, 70, 76, 18, 19, 20, 93, 40, 60, 57, 59, 17, 31, 2, 39, 77, 37, 56, 36, 12, 0]
Rota do Picker 2: [0, 7, 27, 87, 8, 9, 89, 46, 1, 64, 55, 76, 11, 94, 77, 60, 37, 17, 45, 50, 30, 26, 93, 80, 98, 18, 74, 51, 0]
Rota do Picker 3: [0, 46, 26, 7, 27, 50, 8, 84, 9, 30, 55, 45, 85, 10, 87, 47, 21, 1, 60, 17, 37, 0]
Rota do Picker 4: [0, 21, 8, 10, 50, 46, 87, 7, 27, 9, 69, 85, 45, 30, 26, 17, 55, 97, 37, 36, 0]
Rota do Picker 5: [0, 2, 26, 46, 8, 9, 30, 89, 7, 27, 87, 50, 70, 10, 45, 84, 17, 37, 60, 36, 76, 0]
Rota do Picker 6: [0, 27, 87, 30, 8, 1, 21, 70, 10, 46, 7, 9, 69, 20, 76, 45, 0]

Caso de teste: SLAPRP_Guo_small_O100_alpha0.3_v4.txt

Distancia Total: 1018.0
Quantidade de Pickers: 6
