Rota do Picker 1: [0, 1, 21, 41, 61, 23, 43, 5, 65, 7, 27, 8, 46, 44, 0]
Rota do Picker 2: [0, 1, 21, 41, 61, 7, 64, 44, 82, 62, 83, 45, 25, 26, 6, 5, 63, 43, 23, 0]
Rota do Picker 3: [0, 21, 41, 63, 83, 7, 6, 8, 26, 46, 5, 43, 23, 62, 42, 22, 61, 1, 0]
Rota do Picker 4: [0, 1, 21, 61, 81, 41, 26, 27, 7, 45, 5, 23, 43, 83, 63, 82, 64, 44, 24, 4, 6, 46, 0]
Rota do Picker 5: [0, 83, 65, 25, 43, 63, 42, 82, 62, 7, 6, 26, 5, 23, 41, 21, 61, 1, 0]
Rota do Picker 6: [0, 1, 21, 43, 62, 44, 23, 63, 6, 26, 7, 27, 45, 65, 64, 25, 5, 81, 41, 61, 32, 34, 0]

Caso de teste: SLAPRP_Guo_small_O100_alpha0.3_v5.txt

Distancia Total: 472.0
Quantidade de Pickers: 6
