Rota do Picker 1: [0, 1, 0]
Rota do Picker 2: [0, 1, 21, 41, 22, 42, 5, 18, 37, 55, 75, 56, 52, 64, 24, 26, 6, 83, 63, 43, 23, 3, 0]
Rota do Picker 3: [0, 1, 3, 23, 83, 8, 93, 73, 42, 22, 41, 21, 26, 45, 43, 4, 5, 25, 44, 24, 6, 7, 27, 11, 0]
Rota do Picker 4: [0, 1, 3, 23, 25, 45, 43, 63, 61, 41, 21, 5, 62, 42, 6, 26, 7, 52, 0]
Rota do Picker 5: [0, 82, 24, 4, 21, 1, 43, 63, 7, 27, 3, 23, 65, 45, 25, 5, 41, 61, 81, 2, 62, 42, 26, 55, 75, 37, 0]
Rota do Picker 6: [0, 12, 32, 16, 14, 71, 91, 17, 74, 93, 33, 53, 34, 18, 56, 35, 72, 92, 52, 6, 46, 4, 63, 23, 3, 43, 64, 44, 26, 25, 5, 21, 1, 0]
Rota do Picker 7: [0, 1, 5, 25, 3, 23, 43, 63, 6, 26, 81, 61, 41, 21, 14, 34, 54, 17, 16, 37, 35, 15, 52, 32, 0]
Rota do Picker 8: [0, 81, 82, 42, 8, 18, 52, 92, 74, 34, 14, 41, 21, 61, 51, 71, 13, 55, 75, 24, 62, 22, 72, 93, 73, 54, 5, 7, 27, 26, 6, 4, 3, 1, 0]
Rota do Picker 9: [0, 1, 21, 41, 42, 24, 43, 83, 23, 4, 46, 6, 45, 5, 44, 64, 63, 22, 62, 26, 3, 0]
Rota do Picker 10: [0, 1, 41, 61, 23, 5, 45, 43, 81, 21, 3, 44, 6, 26, 8, 25, 24, 64, 7, 82, 62, 42, 22, 0]
Rota do Picker 11: [0, 21, 3, 4, 62, 82, 25, 65, 6, 7, 26, 46, 8, 54, 74, 52, 64, 44, 27, 61, 41, 1, 23, 83, 43, 45, 5, 42, 22, 0]
Rota do Picker 12: [0, 21, 1, 3, 4, 24, 23, 43, 63, 44, 64, 61, 41, 22, 42, 62, 82, 83, 65, 45, 25, 5, 8, 52, 14, 0]
Rota do Picker 13: [0, 3, 23, 43, 65, 25, 83, 61, 41, 21, 1, 14, 91, 71, 0]

Caso de teste: SLAPRP_Guo_small_O200_alpha0.3_v8.txt

Distancia Total: 1378.0
Quantidade de Pickers: 13
