Rota do Picker 1: [0, 3, 31, 11, 22, 2, 1, 21, 41, 12, 33, 13, 52, 32, 0]
Rota do Picker 2: [0, 11, 12, 33, 22, 42, 31, 52, 32, 23, 3, 1, 41, 21, 2, 0]
Rota do Picker 3: [0, 12, 32, 31, 51, 11, 1, 41, 21, 3, 22, 2, 0]
Rota do Picker 4: [0, 1, 21, 41, 22, 2, 23, 3, 11, 51, 31, 0]
Rota do Picker 5: [0, 41, 3, 1, 2, 22, 11, 31, 33, 13, 12, 32, 51, 52, 0]
Rota do Picker 6: [0, 2, 22, 23, 3, 21, 41, 1, 11, 31, 12, 33, 13, 32, 0]
Rota do Picker 7: [0, 13, 12, 52, 32, 31, 11, 3, 23, 42, 22, 2, 41, 21, 1, 0]
Rota do Picker 8: [0, 11, 2, 22, 42, 32, 51, 31, 1, 41, 21, 23, 3, 13, 12, 0]
Rota do Picker 9: [0, 2, 3, 13, 12, 32, 33, 41, 21, 1, 22, 42, 11, 31, 51, 0]
Rota do Picker 10: [0, 1, 21, 2, 42, 22, 23, 33, 12, 31, 11, 0]
Rota do Picker 11: [0, 1, 21, 41, 11, 31, 12, 32, 52, 33, 13, 51, 23, 3, 2, 42, 22, 0]
Rota do Picker 12: [0, 1, 2, 22, 51, 12, 32, 11, 31, 3, 21, 41, 0]

Caso de teste: SLAPRP_Guo_small_O200_alpha0.2_v10.txt

Distancia Total: 532.0
Quantidade de Pickers: 12
