Rota do Picker 1: [0, 1, 21, 41, 42, 62, 3, 74, 14, 44, 24, 23, 82, 43, 64, 5, 45, 81, 61, 6, 26, 22, 65, 25, 4, 7, 18, 0]
Rota do Picker 2: [0, 1, 3, 23, 51, 15, 13, 33, 18, 6, 75, 16, 62, 42, 41, 21, 0]
Rota do Picker 3: [0, 5, 54, 26, 14, 23, 42, 62, 82, 51, 91, 36, 41, 61, 81, 3, 4, 43, 15, 6, 24, 55, 75, 64, 7, 53, 33, 13, 21, 1, 52, 92, 0]
Rota do Picker 4: [0, 21, 41, 3, 23, 33, 53, 73, 14, 74, 7, 5, 17, 37, 12, 93, 51, 15, 71, 55, 94, 54, 34, 2, 56, 13, 61, 36, 6, 1, 43, 16, 0]
Rota do Picker 5: [0, 93, 53, 33, 41, 75, 15, 51, 43, 23, 3, 21, 1, 11, 0]

Caso de teste: SLAPRP_Guo_small_O50_alpha0.3_v3.txt

Distancia Total: 790.0
Quantidade de Pickers: 5
