Rota do Picker 1: [0, 1, 42, 62, 41, 6, 82, 21, 4, 24, 23, 46, 7, 65, 25, 5, 44, 64, 26, 43, 63, 83, 27, 45, 22, 61, 0]
Rota do Picker 2: [0, 22, 4, 24, 61, 45, 62, 3, 63, 26, 72, 82, 5, 42, 83, 43, 23, 41, 21, 1, 0]
Rota do Picker 3: [0, 22, 62, 42, 21, 1, 4, 43, 83, 64, 63, 5, 26, 23, 41, 82, 8, 45, 27, 61, 25, 44, 24, 2, 7, 72, 0]
Rota do Picker 4: [0, 62, 25, 61, 21, 41, 5, 45, 65, 3, 22, 42, 7, 63, 46, 64, 43, 8, 23, 26, 1, 44, 83, 6, 24, 4, 82, 0]
Rota do Picker 5: [0, 25, 65, 64, 83, 82, 44, 61, 5, 72, 45, 1, 21, 41, 23, 42, 62, 22, 43, 63, 6, 16, 71, 0]
Rota do Picker 6: [0, 74, 23, 56, 11, 33, 18, 93, 17, 37, 54, 36, 14, 61, 16, 15, 72, 52, 41, 1, 34, 81, 21, 0]
Rota do Picker 7: [0, 16, 25, 23, 62, 42, 41, 21, 1, 81, 61, 0]
Rota do Picker 8: [0, 3, 43, 16, 0]

Caso de teste: SLAPRP_Guo_small_O100_alpha0.3_v7.txt

Distancia Total: 1018.0
Quantidade de Pickers: 8
