Rota do Picker 1: [0, 5, 45, 9, 27, 46, 26, 22, 2, 1, 21, 81, 41, 33, 14, 15, 36, 0]
Rota do Picker 2: [0, 1, 21, 61, 22, 45, 27, 9, 10, 26, 46, 36, 17, 53, 33, 24, 2, 23, 83, 3, 14, 0]
Rota do Picker 3: [0, 1, 12, 17, 97, 91, 51, 83, 23, 3, 39, 18, 37, 34, 5, 81, 42, 21, 41, 26, 27, 10, 9, 46, 45, 4, 22, 2, 0]
Rota do Picker 4: [0, 40, 27, 41, 21, 1, 4, 43, 23, 83, 97, 36, 17, 91, 51, 22, 62, 42, 45, 9, 46, 26, 24, 2, 0]
Rota do Picker 5: [0, 1, 21, 41, 22, 62, 34, 97, 17, 40, 20, 37, 12, 4, 24, 2, 9, 10, 27, 46, 45, 0]
Rota do Picker 6: [0, 1, 41, 26, 45, 22, 42, 36, 97, 17, 46, 23, 83, 5, 27, 9, 15, 24, 62, 21, 0]
Rota do Picker 7: [0, 36, 34, 41, 61, 42, 62, 4, 5, 20, 40, 15, 10, 83, 3, 45, 9, 27, 46, 26, 22, 21, 1, 0]
Rota do Picker 8: [0, 1, 21, 33, 17, 37, 39, 91, 51, 15, 55, 18, 40, 36, 5, 22, 12, 53, 94, 14, 81, 27, 46, 23, 43, 42, 2, 9, 26, 41, 0]
Rota do Picker 9: [0, 62, 10, 9, 27, 26, 22, 2, 42, 5, 45, 1, 21, 81, 33, 14, 34, 94, 37, 97, 17, 41, 61, 91, 0]
Rota do Picker 10: [0, 1, 21, 41, 22, 27, 9, 26, 46, 45, 24, 42, 62, 2, 33, 53, 37, 0]
Rota do Picker 11: [0, 1, 36, 33, 24, 61, 21, 42, 2, 52, 15, 14, 34, 37, 46, 26, 5, 45, 62, 22, 10, 9, 27, 3, 0]
Rota do Picker 12: [0, 1, 22, 2, 21, 41, 24, 9, 10, 81, 61, 3, 46, 26, 45, 4, 15, 20, 91, 42, 34, 36, 17, 43, 27, 83, 23, 62, 0]

Caso de teste: SLAPRP_Guo_small_O200_alpha0.2_v9.txt

Distancia Total: 1656.0
Quantidade de Pickers: 12
