SKUs: 40
Pedidos: 51

Primeiro pedido:
Order(1, [1, 4, 6, 7])

Ultimo pedido:
Order(51, [4, 6, 7, 18, 24, 37])

Location(1, 1, -1, 20)
Location(2, 1, -2, 20)
Location(3, 1, -3, 20)
Location(4, 1, -4, 20)
Location(5, 1, -5, 20)
Location(6, 1, -6, 20)
Location(7, 1, -7, 20)
Location(8, 1, -8, 20)
Location(9, 1, -9, 20)
Location(10, 1, -10, 40)
Location(11, 1, 1, 20)
Location(12, 1, 2, 20)
Location(13, 1, 3, 20)
Location(14, 1, 4, 20)
Location(15, 1, 5, 20)
Location(16, 1, 6, 20)
Location(17, 1, 7, 20)
Location(18, 1, 8, 20)
Location(19, 1, 9, 20)
Location(20, 1, 10, 40)
Location(21, 2, -1, 20)
Location(22, 2, -2, 20)
Location(23, 2, -3, 20)
Location(24, 2, -4, 20)
Location(25, 2, -5, 20)
Location(26, 2, -6, 20)
Location(27, 2, -7, 20)
Location(28, 2, -8, 20)
Location(29, 2, -9, 20)
Location(30, 2, -10, 40)
Location(31, 2, 1, 20)
Location(32, 2, 2, 20)
Location(33, 2, 3, 20)
Location(34, 2, 4, 20)
Location(35, 2, 5, 20)
Location(36, 2, 6, 20)
Location(37, 2, 7, 20)
Location(38, 2, 8, 20)
Location(39, 2, 9, 20)
Location(40, 2, 10, 40)
Location(41, 3, -1, 20)
Location(42, 3, -2, 20)
Location(43, 3, -3, 20)
Location(44, 3, -4, 20)
Location(45, 3, -5, 20)
Location(46, 3, -6, 20)
Location(47, 3, -7, 20)
Location(48, 3, -8, 20)
Location(49, 3, -9, 20)
Location(50, 3, -10, 40)
Location(51, 3, 1, 20)
Location(52, 3, 2, 20)
Location(53, 3, 3, 20)
Location(54, 3, 4, 20)
Location(55, 3, 5, 20)
Location(56, 3, 6, 20)
Location(57, 3, 7, 20)
Location(58, 3, 8, 20)
Location(59, 3, 9, 20)
Location(60, 3, 10, 40)
Location(61, 4, -1, 20)
Location(62, 4, -2, 20)
Location(63, 4, -3, 20)
Location(64, 4, -4, 20)
Location(65, 4, -5, 20)
Location(66, 4, -6, 20)
Location(67, 4, -7, 20)
Location(68, 4, -8, 20)
Location(69, 4, -9, 20)
Location(70, 4, -10, 40)
Location(71, 4, 1, 20)
Location(72, 4, 2, 20)
Location(73, 4, 3, 20)
Location(74, 4, 4, 20)
Location(75, 4, 5, 20)
Location(76, 4, 6, 20)
Location(77, 4, 7, 20)
Location(78, 4, 8, 20)
Location(79, 4, 9, 20)
Location(80, 4, 10, 40)
Location(81, 5, -1, 20)
Location(82, 5, -2, 20)
Location(83, 5, -3, 20)
Location(84, 5, -4, 20)
Location(85, 5, -5, 20)
Location(86, 5, -6, 20)
Location(87, 5, -7, 20)
Location(88, 5, -8, 20)
Location(89, 5, -9, 20)
Location(90, 5, -10, 40)
Location(91, 5, 1, 20)
Location(92, 5, 2, 20)
Location(93, 5, 3, 20)
Location(94, 5, 4, 20)
Location(95, 5, 5, 20)
Location(96, 5, 6, 20)
Location(97, 5, 7, 20)
Location(98, 5, 8, 20)
Location(99, 5, 9, 20)
Location(100, 5, 10, 40)

Frequencias: [24, 25, 21, 29, 23, 17, 19, 28, 2, 0, 2, 0, 1, 1, 3, 1, 4, 1, 4, 1, 0, 2, 0, 4, 4, 1, 3, 4, 0, 1, 3, 1, 5, 4, 2, 5, 3, 3, 4, 0]

Matriz de coocorrencia: 
40×40 Matrix{Int64}:
  0  12  10  14  13  11  10  12  1  0  2  0  0  0  1  1  1  0  1  0  0  0  0  2  0  0  2  0  0  1  1  0  3  1  1  3  1  0  3  0
 12   0  12  20  13  10   9  16  0  0  1  0  1  1  2  1  2  0  4  1  0  2  0  1  2  1  3  2  0  0  2  1  2  3  0  4  1  2  1  0
 10  12   0  15  12   7   9  10  0  0  1  0  0  1  1  1  1  0  4  0  0  0  0  1  1  1  1  1  0  1  2  1  1  1  2  2  0  2  3  0
 14  20  15   0  13  11  11  15  0  0  1  0  1  1  3  0  3  1  4  0  0  2  0  2  1  1  3  3  0  0  2  1  2  3  0  1  1  2  1  0
 13  13  12  13   0   9   9  12  1  0  1  0  0  0  2  0  2  0  2  1  0  1  0  0  2  1  2  1  0  1  2  0  3  3  2  1  1  3  2  0
 11  10   7  11   9   0  10   9  0  0  0  0  0  0  0  1  1  1  1  0  0  1  0  3  0  0  0  1  0  1  2  0  3  2  2  2  1  2  1  0
 10   9   9  11   9  10   0  13  1  0  1  0  0  0  1  1  2  1  2  0  0  0  0  1  1  1  1  2  0  1  1  1  2  1  2  2  1  2  1  0
 12  16  10  15  12   9  13   0  1  0  1  0  0  1  2  0  3  0  2  1  0  1  0  1  1  1  2  2  0  1  3  1  4  2  2  2  0  2  2  0
  1   0   0   0   1   0   1   1  0  0  0  0  0  0  0  0  0  0  0  0  0  0  0  0  0  0  0  0  0  0  0  0  0  0  0  0  1  0  0  0
  0   0   0   0   0   0   0   0  0  0  0  0  0  0  0  0  0  0  0  0  0  0  0  0  0  0  0  0  0  0  0  0  0  0  0  0  0  0  0  0
  2   1   1   1   1   0   1   1  0  0  0  0  0  0  0  0  0  0  0  0  0  0  0  0  0  0  0  0  0  0  0  0  0  0  0  0  1  0  0  0
  0   0   0   0   0   0   0   0  0  0  0  0  0  0  0  0  0  0  0  0  0  0  0  0  0  0  0  0  0  0  0  0  0  0  0  0  0  0  0  0
  0   1   0   1   0   0   0   0  0  0  0  0  0  0  0  0  0  0  0  0  0  1  0  0  1  0  0  1  0  0  0  0  0  1  0  0  0  0  0  0
  0   1   1   1   0   0   0   1  0  0  0  0  0  0  0  0  0  0  0  0  0  0  0  0  0  0  0  0  0  0  0  0  0  0  0  0  0  0  1  0
  1   2   1   3   2   0   1   2  0  0  0  0  0  0  0  0  1  0  0  0  0  0  0  0  0  1  0  1  0  0  0  0  0  0  0  0  0  0  0  0
  1   1   1   0   0   1   1   0  0  0  0  0  0  0  0  0  0  0  0  0  0  0  0  0  0  0  0  0  0  0  0  0  0  0  0  1  0  0  0  0
  1   2   1   3   2   1   2   3  0  0  0  0  0  0  1  0  0  0  1  0  0  0  0  0  0  0  0  1  0  0  1  1  0  0  0  0  0  0  0  0
  0   0   0   1   0   1   1   0  0  0  0  0  0  0  0  0  0  0  0  0  0  0  0  1  0  0  0  0  0  0  0  0  0  0  0  0  1  0  0  0
  1   4   4   4   2   1   2   2  0  0  0  0  0  0  0  0  1  0  0  0  0  0  0  0  0  0  1  0  0  0  0  1  0  0  0  0  0  1  0  0
  0   1   0   0   1   0   0   1  0  0  0  0  0  0  0  0  0  0  0  0  0  0  0  0  0  0  0  0  0  0  0  0  0  0  0  0  0  0  0  0
  0   0   0   0   0   0   0   0  0  0  0  0  0  0  0  0  0  0  0  0  0  0  0  0  0  0  0  0  0  0  0  0  0  0  0  0  0  0  0  0
  0   2   0   2   1   1   0   1  0  0  0  0  1  0  0  0  0  0  0  0  0  0  0  0  1  0  0  1  0  0  0  0  0  1  0  0  0  1  0  0
  0   0   0   0   0   0   0   0  0  0  0  0  0  0  0  0  0  0  0  0  0  0  0  0  0  0  0  0  0  0  0  0  0  0  0  0  0  0  0  0
  2   1   1   2   0   3   1   1  0  0  0  0  0  0  0  0  0  1  0  0  0  0  0  0  1  0  0  0  0  0  0  0  0  0  0  1  1  0  0  0
  0   2   1   1   2   0   1   1  0  0  0  0  1  0  0  0  0  0  0  0  0  1  0  1  0  0  0  1  0  0  0  0  0  1  0  1  0  0  0  0
  0   1   1   1   1   0   1   1  0  0  0  0  0  0  1  0  0  0  0  0  0  0  0  0  0  0  0  0  0  0  0  0  0  0  0  0  0  0  0  0
  2   3   1   3   2   0   1   2  0  0  0  0  0  0  0  0  0  0  1  0  0  0  0  0  0  0  0  0  0  0  0  0  0  0  0  0  0  1  0  0
  0   2   1   3   1   1   2   2  0  0  0  0  1  0  1  0  1  0  0  0  0  1  0  0  1  0  0  0  0  0  0  0  0  1  0  0  0  0  0  0
  0   0   0   0   0   0   0   0  0  0  0  0  0  0  0  0  0  0  0  0  0  0  0  0  0  0  0  0  0  0  0  0  0  0  0  0  0  0  0  0
  1   0   1   0   1   1   1   1  0  0  0  0  0  0  0  0  0  0  0  0  0  0  0  0  0  0  0  0  0  0  0  0  0  0  1  0  0  0  0  0
  1   2   2   2   2   2   1   3  0  0  0  0  0  0  0  0  1  0  0  0  0  0  0  0  0  0  0  0  0  0  0  0  0  0  1  1  0  1  0  0
  0   1   1   1   0   0   1   1  0  0  0  0  0  0  0  0  1  0  1  0  0  0  0  0  0  0  0  0  0  0  0  0  0  0  0  0  0  0  0  0
  3   2   1   2   3   3   2   4  0  0  0  0  0  0  0  0  0  0  0  0  0  0  0  0  0  0  0  0  0  0  0  0  0  2  0  0  0  0  1  0
  1   3   1   3   3   2   1   2  0  0  0  0  1  0  0  0  0  0  0  0  0  1  0  0  1  0  0  1  0  0  0  0  2  0  0  0  0  0  0  0
  1   0   2   0   2   2   2   2  0  0  0  0  0  0  0  0  0  0  0  0  0  0  0  0  0  0  0  0  0  1  1  0  0  0  0  0  0  1  0  0
  3   4   2   1   1   2   2   2  0  0  0  0  0  0  0  1  0  0  0  0  0  0  0  1  1  0  0  0  0  0  1  0  0  0  0  0  0  0  0  0
  1   1   0   1   1   1   1   0  1  0  1  0  0  0  0  0  0  1  0  0  0  0  0  1  0  0  0  0  0  0  0  0  0  0  0  0  0  0  0  0
  0   2   2   2   3   2   2   2  0  0  0  0  0  0  0  0  0  0  1  0  0  1  0  0  0  0  1  0  0  0  1  0  0  0  1  0  0  0  0  0
  3   1   3   1   2   1   1   2  0  0  0  0  0  1  0  0  0  0  0  0  0  0  0  0  0  0  0  0  0  0  0  0  1  0  0  0  0  0  0  0
  0   0   0   0   0   0   0   0  0  0  0  0  0  0  0  0  0  0  0  0  0  0  0  0  0  0  0  0  0  0  0  0  0  0  0  0  0  0  0  0
SKU(24, 200.0, 0.07)
SKU(25, 184.0, 0.08)
SKU(21, 83.0, 0.21)
SKU(29, 160.0, 0.1)
SKU(23, 127.0, 0.13)
SKU(17, 135.0, 0.08)
SKU(19, 165.0, 0.07)
SKU(28, 154.0, 0.11)
SKU(2, 51.0, 0.09)
SKU(0, 15.0, 0.21)
SKU(2, 42.0, 0.11)
SKU(0, 23.0, 0.12)
SKU(1, 22.0, 0.19)
SKU(1, 51.0, 0.07)
SKU(3, 85.0, 0.05)
SKU(1, 45.0, 0.09)
SKU(4, 77.0, 0.08)
SKU(1, 23.0, 0.12)
SKU(4, 27.0, 0.26)
SKU(1, 30.0, 0.17)
SKU(0, 36.0, 0.07)
SKU(2, 38.0, 0.16)
SKU(0, 25.0, 0.1)
SKU(4, 102.0, 0.05)
SKU(4, 55.0, 0.11)
SKU(1, 42.0, 0.09)
SKU(3, 46.0, 0.13)
SKU(4, 48.0, 0.16)
SKU(0, 38.0, 0.06)
SKU(1, 78.0, 0.04)
SKU(3, 43.0, 0.15)
SKU(1, 56.0, 0.06)
SKU(5, 85.0, 0.07)
SKU(4, 108.0, 0.05)
SKU(2, 45.0, 0.12)
SKU(5, 41.0, 0.16)
SKU(3, 93.0, 0.04)
SKU(3, 39.0, 0.14)
SKU(4, 63.0, 0.08)
SKU(0, 20.0, 0.12)

extremidades das matrizes:
S_hat: (-0.13199259305163796, 0.7863341079747163)
S_hat * P: (-0.12541614351951763, 0.7471554960775363)
W * S_hat: (0.0, 1.2552251813059634)
W * S_hat * P: (0.0, 1.1926843609050573)
correlacao{S_hat, S_hat_hat} = 0.9855778712221898

Posicao 1 (Corredor 1, Prateleira -1)
   SKU 1 -> 74
   SKU 2 -> 184
   SKU 4 -> 1

Posicao 2 (Corredor 1, Prateleira -2)
   SKU 5 -> 123
   SKU 6 -> 2
   SKU 8 -> 35

Posicao 3 (Corredor 1, Prateleira -3)
   SKU 28 -> 48
   SKU 31 -> 43
   SKU 38 -> 39

Posicao 11 (Corredor 1, Prateleira 1)
   SKU 1 -> 126
   SKU 4 -> 4
   SKU 7 -> 154

Posicao 12 (Corredor 1, Prateleira 2)
   SKU 3 -> 83
   SKU 5 -> 4
   SKU 37 -> 51

Posicao 13 (Corredor 1, Prateleira 3)
   SKU 11 -> 42
   SKU 22 -> 38
   SKU 30 -> 78

Posicao 21 (Corredor 2, Prateleira -1)
   SKU 4 -> 145
   SKU 7 -> 11
   SKU 8 -> 43

Posicao 22 (Corredor 2, Prateleira -2)
   SKU 24 -> 102
   SKU 33 -> 85
   SKU 34 -> 108

Posicao 23 (Corredor 2, Prateleira -3)
   SKU 16 -> 45
   SKU 26 -> 42
   SKU 32 -> 56

Posicao 31 (Corredor 2, Prateleira 1)
   SKU 4 -> 10
   SKU 6 -> 133
   SKU 8 -> 76

Posicao 32 (Corredor 2, Prateleira 2)
   SKU 15 -> 85
   SKU 17 -> 77
   SKU 37 -> 42

Posicao 33 (Corredor 2, Prateleira 3)
   SKU 20 -> 30

Posicao 38 (Corredor 2, Prateleira 8)
   SKU 10 -> 15
   SKU 12 -> 23
   SKU 29 -> 38

Posicao 41 (Corredor 3, Prateleira -1)
   SKU 25 -> 55
   SKU 27 -> 46
   SKU 39 -> 63

Posicao 42 (Corredor 3, Prateleira -2)
   SKU 13 -> 22
   SKU 14 -> 51
   SKU 18 -> 23

Posicao 47 (Corredor 3, Prateleira -7)
   SKU 21 -> 36

Posicao 51 (Corredor 3, Prateleira 1)
   SKU 19 -> 27
   SKU 35 -> 45
   SKU 36 -> 41

Posicao 52 (Corredor 3, Prateleira 2)
   SKU 9 -> 51

Posicao 98 (Corredor 5, Prateleira 8)
   SKU 23 -> 25
   SKU 40 -> 20

