Rota do Picker 1: [0, 11, 31, 51, 20, 32, 10, 2, 1, 3, 22, 41, 21, 13, 12, 0]
Rota do Picker 2: [0, 1, 21, 11, 31, 12, 20, 61, 41, 3, 10, 13, 33, 23, 42, 2, 0]
Rota do Picker 3: [0, 3, 23, 2, 10, 1, 21, 41, 33, 20, 11, 31, 51, 12, 0]
Rota do Picker 4: [0, 10, 3, 23, 41, 1, 21, 11, 31, 51, 32, 2, 22, 13, 12, 0]
Rota do Picker 5: [0, 10, 3, 21, 41, 1, 2, 20, 13, 11, 31, 51, 12, 0]
Rota do Picker 6: [0, 21, 41, 31, 51, 12, 32, 23, 1, 2, 11, 20, 13, 0]
Rota do Picker 7: [0, 51, 31, 11, 21, 1, 61, 41, 22, 42, 2, 3, 12, 32, 13, 0]
Rota do Picker 8: [0, 12, 1, 41, 21, 11, 31, 2, 22, 42, 3, 10, 4, 0]
Rota do Picker 9: [0, 21, 1, 2, 22, 20, 13, 12, 32, 11, 31, 51, 10, 4, 0]
Rota do Picker 10: [0, 21, 1, 11, 51, 12, 4, 10, 2, 22, 42, 41, 61, 32, 13, 31, 0]
Rota do Picker 11: [0, 2, 22, 1, 51, 11, 41, 21, 32, 12, 13, 31, 0]
Rota do Picker 12: [0, 1, 21, 2, 22, 13, 20, 11, 31, 41, 61, 4, 33, 32, 12, 0]

Caso de teste: SLAPRP_Guo_small_O200_alpha0.2_v1.txt

Distancia Total: 798.0
Quantidade de Pickers: 12
