Rota do Picker 1: [0, 1, 21, 41, 61, 5, 6, 82, 44, 83, 62, 43, 7, 64, 24, 8, 23, 25, 63, 81, 65, 27, 26, 45, 0]
Rota do Picker 2: [0, 1, 21, 41, 61, 23, 46, 65, 5, 24, 27, 81, 44, 26, 63, 8, 25, 43, 62, 82, 7, 64, 0]
Rota do Picker 3: [0, 1, 41, 61, 81, 62, 37, 0]
Rota do Picker 4: [0, 1, 21, 41, 81, 23, 5, 37, 3, 43, 24, 83, 82, 64, 62, 61, 26, 75, 0]
Rota do Picker 5: [0, 24, 5, 44, 45, 83, 1, 21, 41, 23, 43, 63, 62, 61, 81, 6, 0]
Rota do Picker 6: [0, 7, 46, 44, 65, 63, 8, 61, 25, 21, 82, 27, 26, 24, 81, 1, 6, 64, 45, 5, 43, 23, 41, 0]
Rota do Picker 7: [0, 1, 41, 24, 64, 45, 26, 63, 62, 82, 61, 23, 43, 7, 21, 81, 5, 25, 83, 27, 44, 0]

Caso de teste: SLAPRP_Guo_small_O100_alpha0.2_v9.txt

Distancia Total: 870.0
Quantidade de Pickers: 7
