Rota do Picker 1: [0, 92, 72, 65, 45, 25, 84, 22, 23, 8, 71, 9, 16, 28, 5, 32, 12, 1, 61, 81, 46, 3, 43, 63, 4, 64, 91, 41, 24, 7, 15, 82, 62, 42, 21, 83, 0]
Rota do Picker 2: [0, 65, 66, 6, 25, 8, 9, 44, 84, 47, 7, 85, 45, 23, 3, 61, 4, 24, 5, 27, 64, 28, 46, 26, 63, 43, 41, 21, 1, 0]
Rota do Picker 3: [0, 1, 41, 3, 23, 43, 7, 16, 53, 74, 63, 64, 4, 21, 82, 6, 61, 24, 5, 8, 14, 47, 15, 83, 17, 26, 22, 42, 62, 81, 84, 0]
Rota do Picker 4: [0, 1, 21, 41, 61, 81, 7, 36, 55, 92, 26, 43, 63, 83, 53, 73, 3, 16, 15, 82, 14, 62, 42, 0]
Rota do Picker 5: [0, 1, 21, 41, 61, 14, 0]
Rota do Picker 6: [0, 35, 5, 92, 34, 14, 23, 3, 54, 32, 73, 74, 72, 52, 33, 91, 71, 22, 82, 36, 16, 62, 42, 53, 13, 81, 1, 15, 61, 41, 21, 17, 0]
Rota do Picker 7: [0, 21, 41, 62, 63, 83, 27, 74, 47, 85, 44, 6, 66, 45, 15, 24, 26, 3, 43, 46, 5, 14, 23, 8, 4, 61, 1, 42, 0]

Caso de teste: SLAPRP_Guo_small_O100_alpha0.4_v4.txt

Distancia Total: 1292.0
Quantidade de Pickers: 7
