Rota do Picker 1: [0, 1, 0]
Rota do Picker 2: [0, 1, 0]
Rota do Picker 3: [0, 1, 0]
Rota do Picker 4: [0, 1, 0]
Rota do Picker 5: [0, 1, 0]
Rota do Picker 6: [0, 1, 22, 62, 8, 28, 47, 43, 63, 66, 86, 25, 5, 27, 26, 46, 6, 7, 44, 24, 4, 61, 21, 0]
Rota do Picker 7: [0, 21, 61, 5, 24, 44, 64, 3, 23, 43, 63, 83, 66, 16, 73, 53, 22, 42, 4, 6, 46, 34, 14, 1, 0]
Rota do Picker 8: [0, 21, 61, 81, 73, 33, 91, 71, 52, 43, 23, 3, 86, 46, 6, 44, 24, 4, 26, 66, 7, 53, 16, 15, 54, 34, 22, 62, 45, 25, 5, 1, 0]
Rota do Picker 9: [0, 14, 34, 16, 22, 44, 64, 84, 66, 63, 43, 7, 26, 21, 61, 5, 25, 47, 6, 35, 15, 4, 24, 27, 67, 8, 28, 1, 0]
Rota do Picker 10: [0, 13, 62, 22, 1, 21, 3, 23, 63, 6, 46, 7, 27, 47, 10, 9, 45, 43, 5, 25, 48, 8, 64, 44, 24, 4, 61, 0]
Rota do Picker 11: [0, 25, 45, 84, 1, 21, 61, 5, 24, 44, 64, 9, 6, 46, 86, 4, 8, 28, 48, 54, 34, 14, 12, 0]
Rota do Picker 12: [0, 3, 23, 43, 44, 64, 84, 24, 34, 54, 27, 8, 28, 14, 33, 73, 62, 22, 21, 1, 6, 26, 46, 4, 7, 9, 66, 0]
Rota do Picker 13: [0, 1, 61, 81, 21, 6, 45, 5, 24, 72, 92, 52, 32, 53, 3, 23, 43, 83, 63, 14, 15, 35, 34, 22, 4, 44, 64, 7, 9, 54, 0]
Rota do Picker 14: [0, 21, 1, 61, 23, 5, 45, 65, 52, 53, 13, 33, 14, 34, 63, 43, 8, 9, 6, 4, 24, 25, 85, 3, 0]
Rota do Picker 15: [0, 22, 63, 84, 44, 43, 23, 3, 15, 35, 33, 48, 47, 7, 46, 24, 4, 2, 27, 86, 66, 6, 62, 21, 1, 0]
Rota do Picker 16: [0, 1, 21, 3, 23, 43, 22, 62, 13, 33, 11, 52, 72, 35, 15, 5, 65, 25, 24, 4, 6, 71, 91, 73, 14, 0]

Caso de teste: SLAPRP_Guo_small_O200_alpha0.4_v6.txt

Distancia Total: 1370.0
Quantidade de Pickers: 16
