Rota do Picker 1: [0, 46, 47, 10, 48, 69, 9, 27, 87, 66, 45, 4, 84, 23, 26, 8, 49, 7, 20, 57, 97, 37, 17, 52, 12, 94, 55, 11, 22, 2, 21, 1, 0]
Rota do Picker 2: [0, 45, 10, 9, 46, 26, 41, 21, 2, 22, 66, 47, 71, 11, 1, 49, 69, 84, 51, 61, 52, 74, 94, 17, 18, 14, 55, 75, 37, 0]
Rota do Picker 3: [0, 21, 26, 46, 66, 8, 48, 45, 84, 4, 47, 10, 9, 49, 42, 22, 62, 41, 0]
Rota do Picker 4: [0, 1, 26, 48, 7, 27, 9, 46, 45, 4, 87, 47, 69, 10, 66, 61, 41, 21, 0]
Rota do Picker 5: [0, 84, 4, 7, 8, 48, 9, 45, 66, 46, 41, 21, 2, 22, 23, 83, 26, 27, 87, 49, 69, 1, 42, 31, 11, 0]
Rota do Picker 6: [0, 10, 22, 66, 46, 26, 43, 23, 2, 41, 3, 4, 45, 9, 69, 48, 8, 27, 7, 21, 1, 0]
Rota do Picker 7: [0, 1, 26, 46, 9, 49, 69, 8, 23, 22, 4, 24, 71, 20, 13, 12, 47, 83, 43, 2, 45, 48, 27, 7, 84, 61, 41, 21, 0]
Rota do Picker 8: [0, 12, 32, 52, 13, 93, 20, 1, 42, 26, 46, 66, 3, 83, 96, 57, 37, 43, 23, 84, 78, 18, 17, 74, 14, 94, 75, 55, 11, 22, 2, 21, 61, 0]
Rota do Picker 9: [0, 23, 22, 46, 66, 13, 34, 93, 31, 11, 41, 61, 83, 3, 7, 10, 9, 26, 2, 62, 18, 78, 20, 75, 37, 55, 74, 12, 21, 1, 0]
Rota do Picker 10: [0, 11, 32, 7, 69, 10, 9, 23, 22, 21, 61, 76, 37, 75, 55, 34, 12, 3, 2, 62, 26, 66, 46, 45, 0]
Rota do Picker 11: [0, 3, 26, 46, 52, 11, 55, 37, 57, 96, 75, 14, 41, 24, 93, 13, 32, 78, 18, 74, 34, 94, 97, 17, 12, 1, 0]
Rota do Picker 12: [0, 61, 1, 4, 23, 83, 8, 9, 69, 13, 12, 32, 34, 18, 57, 71, 94, 74, 55, 11, 21, 22, 2, 46, 66, 26, 45, 84, 24, 41, 7, 27, 0]

Caso de teste: SLAPRP_Guo_small_O200_alpha0.2_v8.txt

Distancia Total: 1846.0
Quantidade de Pickers: 12
