Rota do Picker 1: [0, 41, 7, 8, 46, 76, 22, 26, 45, 13, 33, 4, 2, 30, 40, 65, 12, 61, 18, 9, 28, 83, 14, 43, 42, 1, 10, 0]
Rota do Picker 2: [0, 4, 21, 17, 37, 77, 97, 10, 39, 57, 18, 94, 74, 12, 1, 14, 2, 20, 76, 7, 42, 22, 13, 32, 11, 40, 83, 3, 33, 0]
Rota do Picker 3: [0, 2, 22, 26, 46, 7, 45, 13, 71, 14, 28, 4, 61, 1, 21, 20, 10, 9, 33, 67, 43, 3, 41, 8, 30, 76, 0]
Rota do Picker 4: [0, 67, 23, 3, 41, 8, 9, 33, 2, 40, 45, 22, 21, 1, 4, 14, 94, 20, 76, 46, 26, 7, 18, 0]
Rota do Picker 5: [0, 18, 8, 20, 14, 46, 26, 61, 41, 0]
Rota do Picker 6: [0, 43, 45, 3, 1, 20, 30, 9, 8, 7, 46, 42, 22, 13, 10, 28, 21, 26, 41, 61, 0]
Rota do Picker 7: [0, 2, 22, 7, 8, 9, 30, 45, 10, 46, 26, 65, 0]
Rota do Picker 8: [0, 2, 22, 26, 46, 11, 14, 36, 76, 7, 18, 0]
Rota do Picker 9: [0, 23, 3, 43, 9, 45, 61, 11, 22, 8, 26, 2, 21, 7, 46, 1, 30, 33, 0]
Rota do Picker 10: [0, 20, 45, 26, 23, 3, 13, 76, 46, 7, 22, 94, 4, 43, 9, 2, 65, 8, 33, 18, 30, 42, 67, 83, 14, 40, 10, 1, 0]
Rota do Picker 11: [0, 2, 7, 9, 26, 45, 42, 11, 18, 22, 46, 71, 3, 30, 33, 10, 12, 1, 8, 41, 4, 0]
Rota do Picker 12: [0, 1, 28, 21, 22, 7, 8, 9, 45, 26, 46, 10, 43, 20, 0]

Caso de teste: SLAPRP_Guo_small_O200_alpha0.2_v5.txt

Distancia Total: 2050.0
Quantidade de Pickers: 12
