Rota do Picker 1: [0, 75, 34, 83, 63, 43, 23, 1, 21, 41, 61, 81, 22, 5, 7, 8, 27, 46, 65, 25, 44, 24, 4, 45, 62, 42, 0]
Rota do Picker 2: [0, 41, 61, 6, 26, 65, 45, 5, 62, 42, 7, 27, 63, 43, 83, 23, 64, 24, 4, 21, 1, 0]
Rota do Picker 3: [0, 1, 61, 41, 5, 65, 81, 21, 42, 2, 23, 43, 63, 26, 8, 7, 4, 24, 25, 6, 62, 22, 0]
Rota do Picker 4: [0, 81, 21, 41, 73, 93, 53, 35, 54, 56, 14, 61, 5, 45, 72, 92, 36, 55, 75, 12, 33, 43, 4, 46, 27, 64, 24, 23, 3, 1, 0]
Rota do Picker 5: [0, 21, 1, 41, 61, 81, 23, 63, 43, 83, 25, 5, 62, 6, 46, 7, 44, 64, 22, 82, 42, 24, 4, 0]
Rota do Picker 6: [0, 1, 21, 41, 61, 14, 73, 27, 8, 44, 24, 4, 43, 23, 22, 42, 15, 35, 71, 91, 11, 0]

Caso de teste: SLAPRP_Guo_small_O100_alpha0.2_v8.txt

Distancia Total: 636.0
Quantidade de Pickers: 6
