Rota do Picker 1: [0, 33, 20, 60, 18, 37, 1, 61, 45, 9, 50, 30, 10, 7, 8, 26, 46, 27, 87, 36, 76, 96, 56, 22, 0]
Rota do Picker 2: [0, 32, 37, 13, 50, 10, 9, 8, 27, 46, 26, 28, 3, 1, 45, 87, 30, 89, 69, 7, 59, 18, 51, 31, 0]
Rota do Picker 3: [0, 33, 93, 57, 59, 60, 37, 71, 51, 0]
Rota do Picker 4: [0, 22, 46, 26, 27, 10, 9, 45, 87, 7, 3, 23, 8, 96, 56, 37, 20, 18, 69, 89, 2, 36, 1, 21, 50, 30, 28, 41, 0]
Rota do Picker 5: [0, 3, 26, 45, 7, 27, 8, 28, 98, 18, 13, 12, 21, 1, 0]

Caso de teste: SLAPRP_Guo_small_O50_alpha0.3_v4.txt

Distancia Total: 622.0
Quantidade de Pickers: 5
