Rota do Picker 1: [0, 26, 46, 27, 9, 48, 45, 50, 7, 47, 87, 30, 10, 70, 69, 28, 8, 2, 1, 17, 0]
Rota do Picker 2: [0, 40, 20, 8, 41, 74, 55, 17, 39, 11, 50, 98, 18, 76, 60, 19, 38, 78, 94, 96, 1, 37, 21, 59, 57, 0]
Rota do Picker 3: [0, 11, 78, 64, 21, 10, 20, 48, 17, 8, 50, 1, 28, 37, 68, 97, 38, 19, 45, 46, 26, 40, 9, 27, 7, 83, 2, 69, 0]
Rota do Picker 4: [0, 68, 84, 41, 69, 21, 64, 8, 28, 10, 50, 26, 31, 30, 48, 27, 89, 78, 45, 9, 7, 46, 1, 19, 0]
Rota do Picker 5: [0, 50, 12, 20, 89, 69, 17, 70, 68, 11, 84, 2, 41, 28, 38, 30, 78, 8, 10, 40, 1, 26, 47, 31, 60, 45, 48, 9, 46, 27, 7, 0]
Rota do Picker 6: [0, 9, 28, 64, 50, 87, 47, 8, 7, 45, 27, 30, 68, 48, 46, 26, 10, 69, 89, 70, 0]
Rota do Picker 7: [0, 46, 9, 78, 97, 0]
Rota do Picker 8: [0, 1, 69, 7, 47, 27, 89, 87, 26, 46, 8, 28, 9, 45, 48, 70, 11, 50, 10, 55, 74, 0]
Rota do Picker 9: [0, 26, 46, 8, 30, 70, 48, 45, 3, 7, 9, 27, 68, 50, 64, 10, 47, 87, 28, 89, 69, 0]
Rota do Picker 10: [0, 19, 45, 68, 89, 8, 78, 48, 69, 9, 47, 27, 7, 46, 96, 17, 11, 50, 30, 26, 41, 70, 84, 64, 1, 38, 10, 12, 0]
Rota do Picker 11: [0, 68, 10, 30, 48, 40, 87, 19, 28, 69, 47, 55, 17, 27, 7, 20, 45, 46, 26, 1, 60, 78, 89, 9, 8, 64, 84, 0]
Rota do Picker 12: [0, 50, 21, 69, 89, 31, 28, 10, 70, 96, 45, 46, 26, 1, 87, 27, 9, 8, 7, 2, 17, 48, 30, 47, 12, 68, 41, 0]
Rota do Picker 13: [0, 64, 84, 9, 17, 19, 28, 40, 7, 8, 45, 20, 46, 27, 87, 60, 26, 74, 57, 38, 1, 77, 78, 80, 30, 10, 59, 18, 55, 31, 11, 37, 97, 0]

Caso de teste: SLAPRP_Guo_small_O200_alpha0.4_v7.txt

Distancia Total: 3086.0
Quantidade de Pickers: 13
