Rota do Picker 1: [0, 41, 81, 4, 23, 13, 33, 53, 73, 17, 34, 5, 54, 14, 3, 21, 1, 58, 94, 62, 43, 12, 61, 24, 71, 0]
Rota do Picker 2: [0, 54, 13, 73, 17, 58, 19, 23, 39, 20, 92, 52, 32, 33, 93, 41, 77, 53, 18, 37, 1, 34, 61, 71, 16, 36, 56, 57, 74, 14, 21, 0]
Rota do Picker 3: [0, 74, 14, 62, 61, 17, 13, 4, 21, 1, 41, 81, 34, 93, 71, 82, 36, 20, 33, 3, 37, 73, 23, 16, 94, 5, 43, 53, 57, 0]
Rota do Picker 4: [0, 1, 21, 61, 3, 71, 35, 0]
Rota do Picker 5: [0, 39, 33, 38, 74, 37, 20, 61, 54, 55, 19, 53, 81, 58, 18, 93, 73, 13, 41, 1, 56, 34, 14, 21, 17, 0]
Rota do Picker 6: [0, 1, 21, 14, 54, 74, 56, 17, 5, 20, 73, 53, 33, 13, 41, 18, 36, 93, 43, 94, 3, 71, 38, 57, 4, 19, 82, 0]
Rota do Picker 7: [0, 3, 4, 13, 33, 53, 17, 21, 62, 14, 74, 34, 54, 37, 41, 94, 57, 71, 16, 36, 1, 61, 73, 93, 15, 0]

Caso de teste: SLAPRP_Guo_small_O100_alpha0.3_v10.txt

Distancia Total: 1318.0
Quantidade de Pickers: 7
