Rota do Picker 1: [0, 1, 41, 61, 23, 37, 74, 54, 32, 65, 0]
Rota do Picker 2: [0, 61, 81, 41, 21, 1, 0]
Rota do Picker 3: [0, 7, 24, 61, 46, 44, 26, 6, 5, 42, 41, 1, 25, 8, 27, 81, 63, 82, 64, 45, 43, 23, 21, 0]
Rota do Picker 4: [0, 1, 21, 23, 83, 26, 63, 46, 81, 8, 27, 45, 64, 7, 61, 41, 5, 25, 43, 82, 24, 44, 6, 0]
Rota do Picker 5: [0, 1, 21, 41, 23, 61, 83, 81, 43, 63, 25, 5, 24, 0]
Rota do Picker 6: [0, 44, 61, 43, 63, 64, 82, 45, 24, 25, 81, 1, 5, 23, 41, 21, 26, 0]
Rota do Picker 7: [0, 24, 8, 7, 45, 27, 64, 82, 44, 26, 25, 81, 61, 21, 5, 43, 23, 41, 1, 6, 22, 42, 63, 83, 0]

Caso de teste: SLAPRP_Guo_small_O100_alpha0.4_v5.txt

Distancia Total: 722.0
Quantidade de Pickers: 7
