Rota do Picker 1: [0, 1, 14, 54, 13, 33, 53, 73, 5, 45, 3, 18, 38, 96, 91, 71, 6, 81, 61, 41, 21, 0]
Rota do Picker 2: [0, 1, 21, 41, 61, 3, 63, 14, 54, 74, 17, 96, 76, 56, 16, 36, 22, 62, 5, 4, 71, 91, 0]
Rota do Picker 3: [0, 41, 61, 14, 75, 13, 33, 55, 45, 5, 25, 22, 42, 62, 16, 94, 74, 54, 3, 21, 1, 82, 0]
Rota do Picker 4: [0, 1, 22, 42, 36, 76, 74, 16, 6, 3, 23, 73, 14, 61, 41, 21, 63, 83, 57, 19, 43, 2, 13, 33, 53, 54, 34, 17, 38, 15, 12, 32, 91, 71, 0]
Rota do Picker 5: [0, 1, 22, 81, 21, 41, 3, 23, 43, 35, 75, 74, 54, 14, 12, 32, 92, 63, 83, 17, 34, 94, 36, 18, 4, 44, 25, 37, 56, 16, 19, 71, 51, 0]
Rota do Picker 6: [0, 1, 41, 61, 21, 3, 23, 32, 55, 13, 44, 4, 22, 62, 82, 25, 5, 38, 18, 15, 14, 53, 33, 92, 12, 0]

Caso de teste: SLAPRP_Guo_small_O100_alpha0.4_v2.txt

Distancia Total: 812.0
Quantidade de Pickers: 6
