Rota do Picker 1: [0, 52, 30, 62, 42, 43, 7, 50, 10, 4, 41, 21, 2, 26, 46, 8, 27, 47, 45, 3, 14, 40, 60, 20, 97, 0]
Rota do Picker 2: [0, 2, 23, 45, 46, 10, 30, 7, 9, 87, 47, 27, 8, 26, 42, 61, 21, 1, 41, 14, 0]
Rota do Picker 3: [0, 21, 41, 2, 62, 26, 46, 27, 45, 10, 8, 47, 4, 23, 3, 30, 50, 1, 40, 18, 52, 0]
Rota do Picker 4: [0, 52, 93, 13, 2, 62, 50, 47, 8, 4, 41, 21, 46, 26, 61, 1, 45, 10, 9, 27, 7, 3, 0]
Rota do Picker 5: [0, 41, 10, 46, 26, 27, 50, 30, 8, 7, 87, 47, 45, 23, 97, 20, 60, 62, 3, 42, 2, 21, 61, 1, 0]
Rota do Picker 6: [0, 42, 45, 46, 47, 27, 7, 23, 2, 21, 1, 32, 93, 18, 78, 20, 14, 13, 61, 41, 52, 77, 97, 37, 60, 75, 55, 0]
Rota do Picker 7: [0, 32, 20, 40, 23, 3, 27, 47, 26, 46, 45, 62, 2, 41, 21, 1, 42, 10, 8, 0]
Rota do Picker 8: [0, 21, 41, 3, 2, 22, 26, 46, 27, 7, 8, 10, 30, 45, 1, 52, 0]
Rota do Picker 9: [0, 2, 30, 27, 46, 26, 4, 61, 41, 21, 45, 8, 10, 42, 62, 1, 20, 60, 37, 97, 75, 55, 52, 32, 0]
Rota do Picker 10: [0, 2, 4, 42, 30, 50, 61, 41, 21, 3, 23, 43, 26, 46, 10, 13, 93, 45, 47, 27, 9, 8, 7, 1, 0]
Rota do Picker 11: [0, 2, 62, 93, 14, 76, 39, 37, 75, 55, 32, 61, 96, 78, 40, 52, 13, 41, 21, 3, 46, 87, 27, 7, 45, 26, 47, 1, 0]
Rota do Picker 12: [0, 21, 23, 42, 62, 50, 9, 7, 46, 26, 41, 61, 45, 27, 47, 3, 43, 10, 30, 8, 4, 2, 0]

Caso de teste: SLAPRP_Guo_small_O200_alpha0.4_v4.txt

Distancia Total: 1554.0
Quantidade de Pickers: 12
