Rota do Picker 1: [0, 83, 2, 14, 8, 4, 41, 22, 62, 7, 27, 9, 13, 20, 21, 23, 43, 10, 87, 3, 61, 24, 26, 40, 30, 32, 11, 45, 42, 12, 57, 0]
Rota do Picker 2: [0, 21, 3, 23, 22, 10, 43, 42, 8, 67, 1, 41, 26, 87, 7, 61, 45, 27, 30, 83, 9, 0]
Rota do Picker 3: [0, 20, 40, 10, 22, 76, 61, 37, 12, 36, 3, 14, 13, 1, 47, 94, 59, 57, 18, 32, 41, 21, 0]
Rota do Picker 4: [0, 41, 22, 12, 94, 21, 3, 11, 71, 20, 30, 57, 18, 61, 10, 59, 32, 1, 23, 83, 0]
Rota do Picker 5: [0, 24, 47, 12, 11, 23, 4, 45, 87, 41, 26, 27, 30, 20, 3, 43, 83, 7, 10, 9, 42, 22, 61, 21, 1, 62, 0]
Rota do Picker 6: [0, 22, 26, 27, 9, 45, 87, 83, 3, 67, 41, 30, 7, 24, 4, 21, 23, 8, 10, 46, 0]
Rota do Picker 7: [0, 3, 27, 83, 43, 41, 21, 22, 7, 87, 14, 67, 10, 40, 4, 26, 9, 30, 45, 42, 12, 31, 11, 1, 61, 62, 23, 24, 0]
Rota do Picker 8: [0, 62, 42, 9, 87, 27, 7, 83, 3, 21, 47, 26, 10, 22, 24, 1, 8, 4, 45, 30, 23, 0]
Rota do Picker 9: [0, 12, 83, 14, 3, 61, 9, 10, 30, 40, 24, 26, 7, 23, 8, 4, 42, 1, 27, 45, 22, 2, 41, 21, 0]
Rota do Picker 10: [0, 27, 40, 83, 61, 24, 9, 62, 21, 1, 7, 10, 76, 14, 13, 22, 41, 2, 20, 43, 26, 12, 42, 3, 0]
Rota do Picker 11: [0, 45, 47, 27, 2, 21, 20, 14, 30, 10, 8, 7, 22, 67, 42, 83, 23, 3, 61, 24, 9, 12, 26, 41, 11, 87, 4, 50, 0]
Rota do Picker 12: [0, 32, 18, 30, 23, 47, 20, 0]
Rota do Picker 13: [0, 61, 42, 87, 62, 67, 13, 83, 23, 41, 47, 1, 2, 12, 10, 27, 4, 21, 8, 7, 3, 45, 30, 9, 26, 22, 32, 11, 0]

Caso de teste: SLAPRP_Guo_small_O200_alpha0.3_v4.txt

Distancia Total: 2486.0
Quantidade de Pickers: 13
