Rota do Picker 1: [0, 21, 40, 60, 19, 48, 45, 27, 8, 46, 26, 7, 47, 9, 10, 12, 20, 37, 13, 0]
Rota do Picker 2: [0, 21, 8, 87, 27, 30, 50, 9, 48, 28, 45, 1, 26, 46, 7, 89, 36, 96, 0]
Rota do Picker 3: [0, 12, 10, 8, 2, 36, 60, 19, 39, 46, 26, 27, 7, 9, 50, 30, 48, 28, 45, 41, 1, 0]
Rota do Picker 4: [0, 32, 84, 7, 87, 27, 9, 8, 2, 45, 26, 48, 28, 30, 10, 1, 41, 22, 21, 13, 40, 39, 37, 18, 75, 55, 31, 11, 46, 0]
Rota do Picker 5: [0, 8, 7, 9, 30, 27, 87, 46, 26, 10, 50, 47, 12, 20, 40, 41, 84, 64, 45, 1, 21, 28, 48, 32, 0]
Rota do Picker 6: [0, 19, 98, 36, 55, 18, 57, 37, 20, 60, 59, 11, 51, 48, 30, 7, 47, 27, 46, 26, 2, 10, 9, 8, 1, 0]

Caso de teste: SLAPRP_Guo_small_O100_alpha0.2_v8.txt

Distancia Total: 842.0
Quantidade de Pickers: 6
