Rota do Picker 1: [0, 2, 37, 18, 60, 36, 56, 57, 17, 8, 50, 30, 89, 69, 46, 26, 45, 9, 87, 27, 7, 21, 1, 0]
Rota do Picker 2: [0, 1, 55, 60, 80, 20, 85, 45, 46, 26, 89, 9, 8, 7, 47, 27, 69, 30, 10, 18, 17, 37, 36, 59, 0]
Rota do Picker 3: [0, 27, 7, 87, 70, 8, 9, 46, 56, 37, 19, 20, 18, 26, 85, 45, 47, 50, 10, 21, 1, 0]
Rota do Picker 4: [0, 46, 28, 18, 37, 36, 56, 59, 39, 77, 11, 31, 30, 10, 47, 7, 27, 87, 40, 80, 20, 45, 9, 8, 26, 21, 1, 0]
Rota do Picker 5: [0, 37, 57, 17, 19, 20, 60, 39, 18, 74, 0]
Rota do Picker 6: [0, 27, 7, 26, 46, 10, 70, 31, 74, 94, 57, 37, 59, 39, 20, 12, 19, 18, 97, 2, 84, 8, 30, 50, 9, 87, 51, 0]
Rota do Picker 7: [0, 64, 84, 26, 46, 8, 28, 85, 45, 69, 30, 87, 27, 89, 9, 10, 21, 1, 0]

Caso de teste: SLAPRP_Guo_small_O100_alpha0.3_v4.txt

Distancia Total: 918.0
Quantidade de Pickers: 7
