Rota do Picker 1: [0, 12, 14, 74, 94, 17, 18, 98, 77, 93, 40, 57, 96, 30, 10, 49, 64, 36, 33, 31, 51, 11, 0]
Rota do Picker 2: [0, 1, 14, 74, 94, 57, 77, 98, 17, 18, 64, 30, 10, 2, 22, 20, 31, 11, 21, 0]
Rota do Picker 3: [0, 71, 57, 18, 98, 94, 74, 10, 30, 64, 36, 17, 14, 13, 31, 2, 45, 89, 9, 8, 46, 26, 1, 67, 47, 7, 27, 4, 0]
Rota do Picker 4: [0, 31, 33, 93, 77, 57, 55, 74, 14, 94, 98, 17, 13, 18, 20, 40, 61, 21, 41, 11, 23, 64, 0]
Rota do Picker 5: [0, 1, 14, 74, 55, 12, 32, 33, 93, 40, 20, 36, 57, 98, 17, 51, 31, 11, 3, 23, 7, 27, 87, 26, 46, 83, 8, 9, 65, 67, 4, 21, 61, 64, 30, 41, 0]
Rota do Picker 6: [0, 31, 55, 17, 77, 96, 98, 18, 57, 36, 33, 41, 1, 22, 2, 11, 14, 74, 94, 64, 0]
Rota do Picker 7: [0, 1, 12, 32, 17, 18, 77, 94, 74, 55, 14, 22, 42, 26, 64, 61, 41, 31, 71, 20, 98, 33, 93, 0]
Rota do Picker 8: [0, 31, 51, 93, 36, 14, 74, 94, 61, 30, 96, 98, 18, 21, 1, 11, 33, 10, 64, 40, 77, 17, 13, 12, 22, 0]
Rota do Picker 9: [0, 31, 55, 1, 32, 12, 61, 64, 96, 77, 57, 17, 98, 18, 36, 94, 74, 14, 22, 0]
Rota do Picker 10: [0, 31, 21, 22, 42, 14, 71, 36, 20, 77, 83, 23, 3, 61, 41, 46, 26, 10, 67, 27, 49, 4, 64, 7, 8, 9, 45, 0]
Rota do Picker 11: [0, 31, 14, 36, 27, 8, 45, 4, 1, 41, 17, 77, 57, 40, 55, 93, 13, 33, 64, 0]
Rota do Picker 12: [0, 31, 1, 17, 18, 96, 36, 74, 14, 9, 8, 42, 23, 84, 10, 49, 64, 21, 65, 22, 46, 12, 26, 83, 3, 47, 67, 27, 7, 0]

Caso de teste: SLAPRP_Guo_small_O200_alpha0.2_v2.txt

Distancia Total: 1902.0
Quantidade de Pickers: 12
