Rota do Picker 1: [0, 20, 11, 22, 2, 1, 21, 14, 32, 12, 51, 31, 13, 3, 4, 0]
Rota do Picker 2: [0, 32, 52, 11, 31, 51, 22, 13, 12, 2, 10, 41, 21, 1, 0]
Rota do Picker 3: [0, 1, 21, 31, 11, 2, 10, 4, 61, 41, 22, 42, 13, 20, 32, 12, 0]
Rota do Picker 4: [0, 31, 51, 11, 12, 13, 20, 41, 10, 3, 2, 22, 42, 21, 1, 0]
Rota do Picker 5: [0, 11, 32, 12, 51, 31, 13, 20, 10, 3, 2, 41, 21, 1, 0]
Rota do Picker 6: [0, 31, 11, 1, 21, 41, 10, 4, 13, 20, 14, 12, 22, 2, 0]
Rota do Picker 7: [0, 2, 21, 41, 1, 11, 31, 14, 20, 3, 52, 12, 32, 51, 0]
Rota do Picker 8: [0, 11, 31, 13, 32, 12, 1, 21, 41, 10, 4, 3, 2, 42, 22, 0]
Rota do Picker 9: [0, 1, 21, 11, 31, 2, 42, 41, 61, 20, 32, 12, 0]
Rota do Picker 10: [0, 11, 1, 21, 61, 31, 42, 2, 3, 22, 10, 12, 20, 0]
Rota do Picker 11: [0, 41, 1, 13, 14, 3, 2, 22, 21, 51, 52, 4, 32, 12, 31, 11, 0]
Rota do Picker 12: [0, 21, 41, 22, 11, 13, 12, 32, 3, 1, 31, 2, 0]

Caso de teste: SLAPRP_Guo_small_O200_alpha0.3_v9.txt

Distancia Total: 814.0
Quantidade de Pickers: 12
