Rota do Picker 1: [0, 8, 9, 89, 46, 87, 17, 37, 7, 27, 45, 60, 76, 85, 2, 36, 84, 26, 30, 20, 55, 10, 21, 69, 1, 0]
Rota do Picker 2: [0, 37, 27, 60, 10, 20, 7, 8, 21, 1, 87, 9, 55, 45, 85, 36, 46, 69, 97, 17, 84, 50, 26, 0]
Rota do Picker 3: [0, 21, 7, 27, 87, 30, 26, 46, 47, 10, 50, 85, 8, 69, 45, 9, 2, 0]
Rota do Picker 4: [0, 8, 10, 47, 50, 7, 84, 69, 46, 89, 70, 85, 45, 30, 9, 87, 27, 26, 0]
Rota do Picker 5: [0, 36, 69, 84, 37, 7, 27, 45, 85, 30, 21, 70, 76, 50, 89, 8, 64, 1, 17, 87, 10, 9, 46, 26, 0]
Rota do Picker 6: [0, 31, 93, 18, 20, 57, 7, 70, 60, 26, 2, 27, 17, 37, 19, 47, 59, 39, 77, 56, 36, 12, 21, 40, 10, 51, 80, 30, 11, 74, 94, 98, 76, 45, 50, 0]

Caso de teste: SLAPRP_Guo_small_O100_alpha0.3_v4.txt

Distancia Total: 1510.0
Quantidade de Pickers: 6
