Rota do Picker 1: [0, 65, 45, 6, 44, 27, 82, 62, 22, 83, 8, 25, 41, 42, 5, 63, 24, 4, 43, 23, 3, 21, 1, 53, 93, 0]
Rota do Picker 2: [0, 3, 23, 4, 53, 54, 74, 21, 41, 81, 14, 91, 71, 51, 12, 15, 55, 35, 36, 13, 34, 62, 82, 18, 56, 61, 22, 42, 17, 92, 52, 1, 0]
Rota do Picker 3: [0, 45, 63, 22, 93, 53, 64, 1, 21, 41, 61, 44, 5, 25, 65, 6, 62, 3, 23, 43, 42, 81, 26, 24, 4, 55, 0]
Rota do Picker 4: [0, 42, 65, 62, 8, 41, 23, 43, 27, 46, 25, 21, 7, 26, 6, 5, 1, 82, 45, 64, 44, 24, 4, 3, 0]
Rota do Picker 5: [0, 21, 41, 3, 23, 42, 44, 4, 45, 27, 63, 81, 7, 25, 6, 26, 1, 61, 5, 24, 62, 46, 83, 43, 22, 0]
Rota do Picker 6: [0, 1, 21, 22, 62, 72, 41, 23, 43, 42, 36, 0]
Rota do Picker 7: [0, 21, 61, 4, 24, 7, 45, 62, 44, 27, 26, 22, 65, 82, 46, 63, 25, 8, 6, 41, 1, 5, 43, 23, 3, 42, 0]

Caso de teste: SLAPRP_Guo_small_O100_alpha0.3_v10.txt

Distancia Total: 1004.0
Quantidade de Pickers: 7
