Rota do Picker 1: [0, 21, 41, 23, 43, 5, 6, 44, 64, 1, 26, 25, 45, 7, 42, 46, 63, 83, 82, 65, 61, 3, 27, 62, 22, 24, 4, 0]
Rota do Picker 2: [0, 21, 61, 35, 8, 56, 3, 4, 43, 83, 63, 23, 22, 62, 1, 75, 18, 82, 42, 25, 5, 41, 7, 55, 0]
Rota do Picker 3: [0, 22, 61, 43, 8, 26, 5, 62, 42, 41, 21, 7, 82, 6, 64, 63, 24, 4, 3, 44, 45, 25, 83, 23, 2, 1, 0]
Rota do Picker 4: [0, 11, 3, 64, 4, 44, 24, 82, 46, 22, 6, 7, 81, 63, 1, 41, 23, 5, 21, 83, 43, 42, 61, 45, 26, 0]
Rota do Picker 5: [0, 1, 21, 41, 61, 14, 72, 52, 43, 23, 6, 35, 4, 13, 0]
Rota do Picker 6: [0, 34, 14, 61, 41, 21, 1, 91, 55, 17, 33, 93, 52, 72, 15, 37, 81, 35, 0]
Rota do Picker 7: [0, 1, 41, 22, 42, 62, 61, 5, 82, 81, 21, 23, 43, 18, 26, 83, 24, 4, 63, 3, 45, 25, 0]

Caso de teste: SLAPRP_Guo_small_O100_alpha0.4_v7.txt

Distancia Total: 974.0
Quantidade de Pickers: 7
