Rota do Picker 1: [0, 62, 7, 5, 83, 43, 23, 21, 1, 81, 3, 82, 65, 45, 25, 6, 26, 64, 44, 8, 27, 61, 41, 0]
Rota do Picker 2: [0, 21, 43, 63, 83, 3, 5, 65, 44, 62, 82, 25, 7, 26, 46, 8, 27, 23, 61, 41, 1, 0]
Rota do Picker 3: [0, 1, 21, 41, 5, 25, 44, 43, 83, 23, 3, 45, 65, 62, 82, 63, 26, 8, 27, 7, 46, 61, 0]
Rota do Picker 4: [0, 63, 61, 41, 43, 83, 25, 65, 7, 46, 64, 8, 6, 5, 82, 45, 26, 23, 3, 21, 1, 0]
Rota do Picker 5: [0, 1, 21, 41, 42, 5, 27, 61, 81, 25, 6, 83, 63, 43, 23, 3, 0]
Rota do Picker 6: [0, 21, 26, 23, 3, 46, 6, 44, 64, 5, 45, 25, 63, 43, 61, 1, 81, 41, 0]
Rota do Picker 7: [0, 1, 21, 41, 61, 81, 23, 43, 83, 7, 8, 27, 2, 42, 22, 62, 64, 25, 65, 45, 5, 3, 26, 0]
Rota do Picker 8: [0, 21, 61, 81, 5, 25, 43, 82, 4, 65, 46, 26, 62, 64, 44, 23, 3, 41, 1, 0]
Rota do Picker 9: [0, 21, 41, 1, 3, 44, 65, 25, 5, 43, 63, 23, 62, 24, 4, 22, 61, 11, 51, 34, 37, 0]
Rota do Picker 10: [0, 1, 21, 41, 61, 3, 23, 43, 5, 6, 62, 44, 82, 0]
Rota do Picker 11: [0, 1, 21, 41, 45, 5, 65, 26, 46, 24, 4, 62, 42, 22, 61, 64, 63, 43, 27, 7, 44, 23, 3, 0]
Rota do Picker 12: [0, 21, 1, 41, 3, 25, 45, 5, 27, 7, 44, 64, 81, 61, 23, 43, 62, 82, 0]

Caso de teste: SLAPRP_Guo_small_O200_alpha0.4_v4.txt

Distancia Total: 1078.0
Quantidade de Pickers: 12
