Rota do Picker 1: [0, 1, 0]
Rota do Picker 2: [0, 1, 0]
Rota do Picker 3: [0, 1, 11, 31, 4, 10, 21, 12, 2, 52, 32, 71, 33, 0]
Rota do Picker 4: [0, 10, 13, 11, 31, 51, 12, 3, 23, 2, 21, 1, 61, 41, 52, 0]
Rota do Picker 5: [0, 11, 32, 12, 13, 31, 51, 41, 22, 10, 4, 2, 21, 1, 0]
Rota do Picker 6: [0, 10, 3, 21, 61, 41, 1, 2, 22, 11, 31, 52, 12, 32, 0]
Rota do Picker 7: [0, 13, 11, 71, 51, 22, 2, 41, 21, 3, 10, 12, 31, 1, 0]
Rota do Picker 8: [0, 22, 3, 2, 1, 21, 41, 61, 12, 32, 52, 51, 31, 11, 33, 13, 0]
Rota do Picker 9: [0, 11, 71, 32, 12, 33, 13, 31, 23, 10, 2, 21, 1, 0]
Rota do Picker 10: [0, 1, 41, 21, 71, 51, 31, 11, 13, 12, 32, 3, 22, 2, 10, 0]
Rota do Picker 11: [0, 1, 21, 13, 11, 31, 4, 3, 2, 12, 32, 52, 41, 61, 22, 51, 71, 23, 0]
Rota do Picker 12: [0, 32, 11, 41, 21, 1, 22, 2, 23, 52, 12, 61, 4, 3, 71, 31, 0]
Rota do Picker 13: [0, 1, 11, 31, 51, 41, 21, 22, 2, 3, 71, 13, 33, 52, 32, 12, 0]
Rota do Picker 14: [0, 21, 1, 41, 3, 22, 2, 13, 33, 32, 71, 51, 52, 12, 31, 11, 0]

Caso de teste: SLAPRP_Guo_small_O200_alpha0.4_v4.txt

Distancia Total: 750.0
Quantidade de Pickers: 14
