Rota do Picker 1: [0, 2, 20, 60, 40, 37, 86, 26, 70, 10, 30, 45, 65, 46, 9, 8, 87, 27, 7, 67, 50, 0]
Rota do Picker 2: [0, 37, 27, 65, 45, 9, 30, 50, 70, 67, 26, 7, 87, 8, 10, 46, 89, 40, 60, 20, 64, 2, 0]
Rota do Picker 3: [0, 1, 46, 86, 26, 7, 27, 8, 9, 30, 50, 45, 83, 3, 10, 65, 94, 0]
Rota do Picker 4: [0, 7, 67, 9, 46, 45, 65, 27, 87, 1, 21, 41, 2, 48, 50, 10, 86, 60, 20, 40, 70, 30, 26, 8, 76, 39, 18, 55, 51, 11, 0]
Rota do Picker 5: [0, 65, 45, 46, 9, 48, 8, 7, 87, 27, 10, 30, 26, 64, 2, 86, 21, 0]
Rota do Picker 6: [0, 64, 30, 27, 7, 70, 45, 65, 9, 10, 8, 46, 26, 41, 21, 48, 2, 60, 20, 38, 11, 0]
Rota do Picker 7: [0, 26, 46, 21, 7, 8, 9, 45, 86, 1, 51, 20, 60, 37, 0]

Caso de teste: SLAPRP_Guo_small_O100_alpha0.2_v10.txt

Distancia Total: 948.0
Quantidade de Pickers: 7
