Rota do Picker 1: [0, 22, 42, 53, 1, 21, 3, 23, 43, 72, 65, 7, 63, 61, 25, 83, 6, 4, 24, 27, 35, 41, 16, 8, 82, 62, 0]
Rota do Picker 2: [0, 4, 65, 24, 7, 21, 44, 84, 2, 22, 5, 26, 25, 63, 45, 3, 27, 15, 83, 6, 43, 23, 41, 1, 42, 0]
Rota do Picker 3: [0, 1, 21, 62, 17, 92, 45, 72, 16, 54, 41, 23, 14, 34, 74, 3, 15, 55, 0]
Rota do Picker 4: [0, 1, 22, 42, 62, 15, 46, 27, 34, 14, 21, 41, 23, 43, 3, 72, 92, 54, 4, 44, 73, 93, 36, 25, 74, 63, 61, 53, 81, 83, 5, 0]
Rota do Picker 5: [0, 93, 33, 3, 41, 72, 21, 1, 42, 62, 54, 0]

Caso de teste: SLAPRP_Guo_small_O50_alpha0.4_v7.txt

Distancia Total: 814.0
Quantidade de Pickers: 5
