Rota do Picker 1: [0, 45, 9, 8, 89, 69, 49, 30, 87, 26, 46, 10, 27, 7, 47, 13, 57, 32, 12, 41, 3, 23, 65, 51, 33, 96, 18, 1, 0]
Rota do Picker 2: [0, 3, 7, 8, 9, 10, 27, 45, 1, 41, 64, 84, 26, 46, 87, 28, 18, 20, 40, 51, 2, 14, 0]
Rota do Picker 3: [0, 18, 2, 84, 64, 69, 28, 12, 45, 30, 8, 46, 26, 21, 1, 7, 27, 47, 9, 49, 10, 0]
Rota do Picker 4: [0, 12, 32, 74, 94, 51, 69, 30, 10, 7, 27, 47, 65, 45, 3, 26, 46, 28, 37, 18, 20, 40, 2, 89, 49, 9, 8, 21, 1, 0]
Rota do Picker 5: [0, 83, 23, 18, 20, 57, 7, 9, 30, 10, 89, 69, 8, 45, 27, 47, 46, 26, 0]
Rota do Picker 6: [0, 46, 26, 3, 27, 7, 87, 9, 13, 55, 96, 98, 18, 94, 74, 39, 59, 37, 97, 57, 21, 41, 8, 28, 49, 2, 0]

Caso de teste: SLAPRP_Guo_small_O100_alpha0.3_v2.txt

Distancia Total: 886.0
Quantidade de Pickers: 6
