Rota do Picker 1: [0, 13, 31, 11, 10, 18, 94, 74, 32, 12, 37, 7, 41, 2, 22, 17, 77, 27, 46, 36, 20, 60, 52, 1, 84, 21, 96, 30, 93, 33, 97, 40, 47, 65, 26, 57, 0]
Rota do Picker 2: [0, 41, 7, 27, 9, 17, 18, 40, 85, 42, 13, 20, 30, 65, 45, 46, 59, 84, 10, 0]
Rota do Picker 3: [0, 9, 18, 7, 27, 87, 46, 65, 17, 20, 1, 26, 57, 97, 22, 47, 13, 23, 83, 40, 36, 59, 3, 41, 45, 30, 60, 0]
Rota do Picker 4: [0, 59, 27, 47, 2, 42, 30, 10, 33, 40, 21, 1, 26, 46, 9, 50, 18, 20, 17, 87, 45, 48, 8, 7, 0]
Rota do Picker 5: [0, 87, 27, 22, 59, 85, 9, 46, 26, 1, 21, 50, 18, 10, 47, 31, 60, 65, 41, 48, 30, 33, 17, 45, 8, 7, 0]
Rota do Picker 6: [0, 30, 22, 1, 9, 10, 87, 48, 8, 7, 42, 3, 17, 50, 85, 45, 27, 46, 26, 41, 18, 0]

Caso de teste: SLAPRP_Guo_small_O100_alpha0.4_v3.txt

Distancia Total: 1528.0
Quantidade de Pickers: 6
