Rota do Picker 1: [0, 1, 21, 41, 61, 14, 37, 17, 56, 36, 43, 23, 22, 42, 82, 62, 4, 63, 83, 7, 5, 24, 64, 46, 65, 81, 6, 27, 44, 72, 0]
Rota do Picker 2: [0, 41, 1, 21, 22, 4, 24, 23, 43, 5, 45, 46, 64, 44, 7, 27, 6, 83, 63, 25, 82, 62, 42, 0]
Rota do Picker 3: [0, 1, 21, 41, 31, 51, 91, 71, 63, 23, 26, 8, 83, 22, 42, 82, 7, 4, 64, 65, 45, 5, 6, 25, 43, 72, 92, 52, 93, 73, 32, 0]
Rota do Picker 4: [0, 21, 1, 41, 61, 81, 14, 17, 16, 54, 44, 23, 3, 5, 25, 6, 26, 22, 62, 42, 46, 7, 24, 4, 0]
Rota do Picker 5: [0, 21, 1, 41, 42, 82, 62, 5, 46, 6, 45, 65, 26, 27, 8, 7, 64, 44, 24, 23, 0]
Rota do Picker 6: [0, 1, 21, 6, 42, 62, 82, 22, 45, 5, 32, 52, 16, 36, 34, 15, 13, 14, 61, 41, 24, 72, 0]

Caso de teste: SLAPRP_Guo_small_O100_alpha0.2_v4.txt

Distancia Total: 684.0
Quantidade de Pickers: 6
