Rota do Picker 1: [0, 26, 46, 45, 9, 89, 4, 3, 78, 14, 40, 20, 30, 10, 43, 41, 21, 1, 52, 12, 18, 24, 8, 67, 27, 7, 22, 0]
Rota do Picker 2: [0, 21, 41, 7, 27, 47, 8, 45, 76, 57, 17, 12, 1, 2, 22, 83, 23, 4, 3, 43, 46, 78, 37, 32, 13, 40, 18, 24, 9, 0]
Rota do Picker 3: [0, 11, 30, 9, 7, 45, 46, 26, 27, 8, 3, 1, 21, 41, 61, 23, 42, 22, 2, 0]
Rota do Picker 4: [0, 14, 40, 20, 12, 23, 30, 50, 47, 4, 26, 46, 45, 3, 10, 9, 8, 67, 27, 7, 41, 21, 61, 1, 22, 62, 0]
Rota do Picker 5: [0, 12, 32, 76, 37, 97, 24, 10, 50, 8, 3, 23, 27, 67, 22, 33, 13, 20, 14, 1, 21, 41, 26, 46, 45, 7, 30, 9, 43, 31, 11, 0]
Rota do Picker 6: [0, 45, 37, 17, 12, 20, 14, 32, 11, 41, 21, 27, 8, 7, 3, 2, 62, 42, 22, 26, 46, 43, 30, 10, 23, 4, 24, 9, 18, 13, 33, 0]
Rota do Picker 7: [0, 1, 21, 61, 45, 46, 9, 89, 23, 2, 24, 47, 27, 26, 76, 78, 62, 42, 22, 8, 7, 3, 43, 41, 0]
Rota do Picker 8: [0, 11, 32, 46, 1, 3, 7, 2, 22, 42, 14, 78, 20, 40, 62, 10, 30, 89, 9, 8, 61, 41, 21, 4, 26, 27, 12, 13, 0]
Rota do Picker 9: [0, 3, 26, 46, 27, 47, 7, 4, 1, 8, 28, 9, 10, 30, 67, 45, 2, 72, 11, 71, 51, 12, 62, 42, 22, 21, 41, 0]
Rota do Picker 10: [0, 61, 1, 3, 8, 28, 9, 30, 10, 7, 27, 23, 45, 46, 26, 21, 41, 12, 32, 33, 0]
Rota do Picker 11: [0, 3, 42, 62, 22, 13, 33, 18, 23, 1, 7, 8, 27, 24, 21, 41, 61, 10, 26, 46, 45, 40, 14, 12, 32, 37, 57, 76, 51, 0]
Rota do Picker 12: [0, 3, 7, 67, 27, 41, 21, 76, 37, 57, 20, 94, 13, 14, 28, 8, 4, 22, 12, 52, 32, 0]

Caso de teste: SLAPRP_Guo_small_O200_alpha0.3_v4.txt

Distancia Total: 1766.0
Quantidade de Pickers: 12
