Rota do Picker 1: [0, 1, 21, 41, 2, 10, 23, 3, 22, 42, 11, 31, 51, 32, 12, 0]
Rota do Picker 2: [0, 1, 21, 41, 11, 31, 51, 22, 2, 4, 10, 42, 0]
Rota do Picker 3: [0, 2, 3, 14, 51, 31, 41, 21, 10, 12, 11, 1, 0]
Rota do Picker 4: [0, 1, 11, 12, 13, 51, 31, 21, 41, 23, 3, 10, 33, 22, 2, 0]
Rota do Picker 5: [0, 13, 12, 32, 52, 2, 42, 22, 1, 21, 61, 41, 10, 51, 31, 11, 0]
Rota do Picker 6: [0, 11, 31, 13, 32, 12, 41, 21, 1, 2, 4, 23, 3, 22, 52, 0]
Rota do Picker 7: [0, 2, 22, 42, 21, 13, 12, 52, 4, 3, 23, 10, 1, 41, 14, 32, 31, 11, 0]
Rota do Picker 8: [0, 31, 51, 2, 4, 10, 3, 22, 1, 21, 13, 33, 61, 41, 11, 32, 12, 0]
Rota do Picker 9: [0, 3, 41, 1, 2, 4, 10, 23, 42, 22, 32, 12, 13, 21, 51, 31, 11, 0]
Rota do Picker 10: [0, 1, 21, 41, 61, 13, 33, 3, 23, 2, 22, 11, 51, 31, 32, 12, 0]
Rota do Picker 11: [0, 12, 52, 32, 33, 13, 11, 51, 31, 22, 2, 1, 41, 21, 0]
Rota do Picker 12: [0, 12, 13, 32, 11, 2, 23, 3, 1, 21, 41, 22, 4, 51, 31, 0]
Rota do Picker 13: [0, 4, 2, 22, 42, 31, 11, 51, 32, 12, 13, 21, 1, 41, 0]

Caso de teste: SLAPRP_Guo_small_O200_alpha0.2_v3.txt

Distancia Total: 768.0
Quantidade de Pickers: 13
