Rota do Picker 1: [0, 1, 41, 3, 23, 43, 54, 74, 35, 22, 62, 42, 21, 63, 15, 25, 5, 61, 4, 24, 92, 0]
Rota do Picker 2: [0, 43, 22, 35, 64, 6, 61, 24, 7, 53, 84, 8, 4, 26, 72, 63, 1, 21, 3, 23, 41, 42, 5, 0]
Rota do Picker 3: [0, 21, 41, 72, 0]
Rota do Picker 4: [0, 1, 21, 41, 4, 23, 43, 5, 46, 2, 44, 8, 25, 45, 65, 27, 6, 9, 63, 7, 62, 3, 83, 26, 64, 24, 42, 22, 0]
Rota do Picker 5: [0, 21, 4, 16, 22, 43, 81, 35, 1, 41, 61, 17, 72, 32, 3, 15, 53, 63, 13, 36, 56, 65, 14, 23, 73, 93, 92, 0]

Caso de teste: SLAPRP_Guo_small_O50_alpha0.2_v7.txt

Distancia Total: 704.0
Quantidade de Pickers: 5
