Rota do Picker 1: [0, 65, 62, 82, 43, 24, 4, 83, 27, 61, 5, 42, 6, 63, 23, 3, 41, 21, 44, 1, 26, 7, 81, 64, 0]
Rota do Picker 2: [0, 21, 61, 3, 23, 63, 62, 27, 46, 65, 24, 83, 25, 45, 26, 1, 41, 81, 4, 7, 43, 5, 82, 64, 42, 0]
Rota do Picker 3: [0, 1, 21, 41, 5, 45, 43, 64, 61, 3, 23, 25, 82, 27, 6, 46, 26, 44, 83, 63, 42, 7, 62, 8, 4, 81, 65, 0]
Rota do Picker 4: [0, 21, 41, 5, 25, 56, 82, 42, 64, 4, 81, 61, 1, 3, 44, 62, 6, 63, 26, 23, 7, 24, 0]
Rota do Picker 5: [0, 64, 42, 81, 25, 5, 61, 41, 21, 27, 63, 56, 62, 4, 1, 7, 45, 23, 24, 44, 3, 83, 43, 0]
Rota do Picker 6: [0, 21, 41, 4, 42, 62, 37, 1, 61, 3, 25, 82, 75, 23, 63, 5, 56, 83, 43, 24, 64, 81, 45, 44, 6, 26, 0]
Rota do Picker 7: [0, 41, 64, 25, 45, 27, 46, 65, 1, 8, 43, 61, 5, 26, 7, 44, 63, 23, 3, 83, 42, 6, 24, 4, 62, 0]
Rota do Picker 8: [0, 5, 23, 1, 41, 61, 3, 63, 42, 45, 65, 21, 25, 7, 83, 22, 81, 62, 4, 24, 82, 44, 6, 43, 0]
Rota do Picker 9: [0, 1, 21, 41, 3, 62, 63, 25, 27, 46, 44, 5, 8, 42, 7, 4, 61, 23, 26, 45, 64, 43, 83, 24, 0]
Rota do Picker 10: [0, 5, 3, 6, 23, 44, 64, 65, 8, 62, 46, 24, 1, 25, 45, 26, 81, 4, 7, 43, 82, 83, 63, 42, 61, 41, 21, 0]
Rota do Picker 11: [0, 37, 7, 6, 62, 41, 75, 65, 25, 3, 1, 82, 43, 5, 42, 61, 21, 27, 23, 81, 45, 4, 24, 63, 44, 83, 0]
Rota do Picker 12: [0, 6, 3, 1, 64, 5, 42, 81, 41, 62, 8, 24, 4, 61, 45, 25, 43, 23, 21, 44, 7, 63, 65, 26, 46, 82, 83, 27, 0]
Rota do Picker 13: [0, 41, 13, 1, 32, 0]

Caso de teste: SLAPRP_Guo_small_O200_alpha0.3_v7.txt

Distancia Total: 2042.0
Quantidade de Pickers: 13
