Rota do Picker 1: [0, 46, 9, 36, 26, 28, 48, 19, 2, 51, 11, 41, 21, 30, 84, 64, 27, 45, 1, 7, 13, 39, 87, 32, 50, 47, 12, 10, 8, 20, 0]
Rota do Picker 2: [0, 7, 27, 47, 8, 45, 9, 87, 30, 10, 50, 48, 28, 46, 26, 0]
Rota do Picker 3: [0, 26, 1, 41, 7, 30, 22, 84, 8, 11, 12, 50, 28, 2, 87, 48, 47, 39, 9, 10, 27, 46, 45, 21, 0]
Rota do Picker 4: [0, 26, 46, 45, 28, 84, 48, 47, 50, 10, 7, 1, 27, 8, 9, 41, 30, 89, 21, 0]
Rota do Picker 5: [0, 45, 46, 47, 20, 40, 37, 11, 31, 55, 75, 18, 28, 36, 57, 60, 59, 98, 19, 0]
Rota do Picker 6: [0, 8, 9, 36, 60, 28, 48, 96, 0]
Rota do Picker 7: [0, 26, 46, 45, 19, 8, 27, 48, 60, 1, 41, 28, 9, 40, 21, 36, 12, 10, 7, 87, 30, 2, 11, 39, 13, 0]

Caso de teste: SLAPRP_Guo_small_O100_alpha0.2_v8.txt

Distancia Total: 1258.0
Quantidade de Pickers: 7
