Rota do Picker 1: [0, 1, 21, 41, 5, 8, 43, 27, 26, 6, 46, 7, 45, 23, 61, 4, 63, 24, 81, 25, 65, 64, 0]
Rota do Picker 2: [0, 1, 21, 41, 23, 43, 8, 6, 26, 62, 24, 4, 44, 83, 46, 63, 7, 5, 65, 27, 25, 64, 61, 45, 0]
Rota do Picker 3: [0, 1, 21, 41, 43, 61, 23, 4, 82, 63, 64, 81, 25, 5, 24, 0]
Rota do Picker 4: [0, 26, 5, 25, 4, 62, 41, 83, 7, 63, 46, 45, 24, 65, 64, 1, 8, 6, 27, 82, 44, 43, 23, 61, 21, 75, 0]
Rota do Picker 5: [0, 41, 61, 11, 53, 54, 92, 24, 81, 27, 64, 7, 5, 4, 1, 21, 23, 43, 83, 26, 46, 6, 0]
Rota do Picker 6: [0, 5, 21, 41, 61, 23, 43, 63, 1, 25, 45, 81, 64, 46, 82, 83, 65, 44, 24, 4, 0]
Rota do Picker 7: [0, 2, 21, 41, 23, 43, 1, 61, 44, 6, 82, 24, 5, 81, 64, 75, 45, 26, 63, 83, 62, 0]
Rota do Picker 8: [0, 61, 81, 43, 23, 41, 21, 1, 0]
Rota do Picker 9: [0, 24, 5, 1, 21, 41, 23, 43, 61, 82, 4, 25, 81, 44, 64, 6, 63, 62, 0]
Rota do Picker 10: [0, 41, 23, 43, 24, 5, 65, 83, 45, 63, 81, 27, 44, 82, 25, 6, 61, 64, 7, 62, 26, 46, 21, 1, 4, 8, 0]
Rota do Picker 11: [0, 1, 21, 41, 61, 23, 43, 5, 25, 26, 8, 46, 62, 45, 82, 27, 6, 24, 65, 64, 7, 4, 83, 63, 0]

Caso de teste: SLAPRP_Guo_small_O200_alpha0.2_v5.txt

Distancia Total: 1422.0
Quantidade de Pickers: 11
