Rota do Picker 1: [0, 11, 55, 39, 57, 60, 20, 45, 87, 27, 30, 10, 21, 1, 64, 76, 40, 18, 3, 50, 7, 8, 9, 47, 26, 46, 67, 2, 0]
Rota do Picker 2: [0, 1, 21, 8, 28, 68, 20, 40, 60, 18, 65, 45, 9, 30, 10, 27, 7, 46, 26, 87, 67, 0]
Rota do Picker 3: [0, 64, 84, 10, 30, 9, 45, 26, 46, 8, 27, 7, 65, 28, 50, 18, 37, 77, 57, 39, 74, 94, 40, 2, 60, 20, 19, 55, 11, 0]
Rota do Picker 4: [0, 1, 7, 27, 67, 87, 45, 26, 46, 8, 9, 89, 30, 50, 10, 3, 41, 28, 0]
Rota do Picker 5: [0, 20, 18, 45, 30, 9, 47, 27, 8, 89, 83, 2, 41, 7, 67, 10, 26, 46, 28, 1, 0]
Rota do Picker 6: [0, 21, 7, 47, 67, 8, 87, 3, 2, 57, 37, 20, 76, 9, 10, 22, 28, 45, 65, 27, 30, 12, 11, 31, 46, 26, 18, 19, 60, 40, 1, 0]
Rota do Picker 7: [0, 7, 1, 41, 30, 31, 0]

Caso de teste: SLAPRP_Guo_small_O100_alpha0.3_v6.txt

Distancia Total: 998.0
Quantidade de Pickers: 7
