Rota do Picker 1: [0, 3, 7, 8, 10, 30, 50, 66, 26, 42, 2, 1, 36, 20, 55, 77, 76, 34, 12, 41, 21, 0]
Rota do Picker 2: [0, 21, 41, 61, 7, 26, 66, 8, 68, 30, 50, 10, 3, 2, 1, 0]
Rota do Picker 3: [0, 1, 2, 3, 43, 4, 23, 26, 66, 8, 10, 7, 78, 40, 76, 36, 42, 22, 21, 41, 11, 51, 52, 96, 0]
Rota do Picker 4: [0, 4, 42, 1, 21, 2, 66, 62, 22, 10, 36, 96, 76, 3, 7, 26, 30, 8, 61, 41, 0]
Rota do Picker 5: [0, 2, 41, 21, 61, 4, 7, 8, 26, 62, 1, 12, 51, 55, 71, 0]
Rota do Picker 6: [0, 41, 21, 2, 62, 24, 26, 66, 8, 68, 7, 36, 96, 71, 42, 4, 30, 10, 3, 0]

Caso de teste: SLAPRP_Guo_small_O100_alpha0.4_v6.txt

Distancia Total: 648.0
Quantidade de Pickers: 6
