Rota do Picker 1: [0, 27, 62, 45, 8, 82, 3, 23, 43, 26, 44, 61, 25, 7, 65, 6, 5, 81, 41, 1, 63, 24, 4, 21, 83, 0]
Rota do Picker 2: [0, 41, 61, 3, 4, 5, 1, 43, 62, 82, 27, 21, 63, 7, 81, 24, 26, 83, 23, 44, 25, 46, 8, 64, 6, 0]
Rota do Picker 3: [0, 24, 4, 81, 65, 27, 26, 45, 7, 64, 82, 61, 46, 25, 63, 43, 3, 1, 62, 8, 6, 5, 83, 23, 41, 21, 0]
Rota do Picker 4: [0, 1, 21, 41, 61, 44, 3, 23, 5, 46, 24, 4, 63, 65, 81, 45, 43, 42, 6, 62, 0]
Rota do Picker 5: [0, 41, 3, 23, 83, 62, 54, 1, 21, 81, 26, 44, 24, 4, 61, 43, 7, 17, 27, 82, 55, 18, 0]
Rota do Picker 6: [0, 1, 21, 41, 23, 43, 65, 24, 46, 83, 3, 61, 45, 5, 81, 6, 62, 27, 4, 8, 25, 64, 63, 0]

Caso de teste: SLAPRP_Guo_small_O100_alpha0.3_v10.txt

Distancia Total: 936.0
Quantidade de Pickers: 6
