Rota do Picker 1: [0, 21, 22, 45, 8, 9, 30, 50, 69, 7, 20, 60, 76, 46, 26, 61, 0]
Rota do Picker 2: [0, 7, 8, 9, 69, 26, 45, 22, 61, 21, 10, 2, 1, 13, 20, 18, 39, 77, 31, 51, 17, 96, 76, 0]
Rota do Picker 3: [0, 1, 21, 61, 22, 26, 9, 50, 45, 2, 23, 83, 7, 8, 10, 30, 20, 76, 11, 42, 0]
Rota do Picker 4: [0, 7, 26, 30, 45, 8, 21, 41, 61, 3, 1, 9, 69, 10, 23, 4, 22, 2, 0]
Rota do Picker 5: [0, 52, 45, 26, 7, 2, 21, 1, 41, 23, 18, 77, 97, 96, 36, 31, 11, 32, 94, 20, 60, 40, 39, 17, 14, 30, 69, 50, 9, 8, 22, 0]
Rota do Picker 6: [0, 21, 22, 45, 23, 83, 26, 46, 20, 76, 2, 10, 68, 1, 61, 41, 7, 8, 9, 69, 3, 52, 0]
Rota do Picker 7: [0, 13, 31, 23, 3, 7, 50, 96, 36, 37, 17, 14, 11, 0]

Caso de teste: SLAPRP_Guo_small_O100_alpha0.3_v6.txt

Distancia Total: 912.0
Quantidade de Pickers: 7
