Rota do Picker 1: [0, 22, 3, 26, 46, 97, 60, 59, 37, 2, 42, 32, 55, 18, 39, 36, 57, 28, 7, 27, 87, 45, 8, 9, 20, 40, 31, 0]
Rota do Picker 2: [0, 21, 8, 9, 69, 89, 45, 18, 46, 26, 23, 2, 50, 7, 27, 87, 28, 30, 10, 14, 60, 20, 42, 31, 0]
Rota do Picker 3: [0, 26, 46, 23, 10, 87, 27, 9, 8, 45, 1, 41, 50, 28, 7, 30, 65, 3, 2, 21, 61, 0]
Rota do Picker 4: [0, 28, 45, 8, 27, 7, 26, 3, 22, 42, 87, 61, 10, 55, 94, 74, 98, 59, 41, 18, 32, 65, 89, 9, 46, 21, 1, 0]
Rota do Picker 5: [0, 14, 94, 18, 37, 30, 50, 9, 8, 46, 26, 7, 27, 45, 65, 10, 69, 89, 57, 13, 41, 3, 0]
Rota do Picker 6: [0, 20, 36, 37, 40, 31, 28, 26, 46, 11, 45, 30, 69, 9, 8, 1, 0]

Caso de teste: SLAPRP_Guo_small_O100_alpha0.3_v3.txt

Distancia Total: 986.0
Quantidade de Pickers: 6
