Rota do Picker 1: [0, 42, 62, 82, 1, 21, 41, 3, 23, 43, 4, 44, 64, 83, 24, 46, 27, 65, 25, 45, 5, 26, 7, 81, 61, 0]
Rota do Picker 2: [0, 24, 4, 3, 21, 1, 26, 46, 62, 82, 65, 27, 45, 25, 5, 63, 23, 43, 33, 93, 73, 14, 17, 37, 52, 91, 71, 0]
Rota do Picker 3: [0, 21, 52, 92, 93, 5, 26, 27, 6, 63, 3, 24, 64, 65, 45, 44, 4, 8, 42, 82, 43, 23, 41, 1, 0]
Rota do Picker 4: [0, 1, 21, 61, 41, 22, 42, 5, 7, 24, 82, 62, 4, 44, 63, 43, 6, 46, 27, 23, 3, 25, 0]
Rota do Picker 5: [0, 61, 12, 32, 36, 56, 35, 55, 53, 92, 72, 64, 24, 41, 81, 21, 1, 8, 6, 65, 5, 44, 4, 23, 3, 45, 73, 93, 14, 91, 51, 74, 15, 0]
Rota do Picker 6: [0, 1, 21, 22, 5, 25, 45, 7, 8, 26, 24, 62, 42, 61, 81, 41, 44, 64, 3, 23, 43, 83, 52, 0]
Rota do Picker 7: [0, 81, 1, 21, 41, 61, 5, 6, 26, 82, 63, 23, 24, 4, 42, 62, 22, 46, 83, 44, 64, 7, 3, 43, 52, 0]
Rota do Picker 8: [0, 21, 1, 3, 23, 43, 4, 24, 64, 25, 65, 27, 83, 63, 45, 82, 42, 62, 61, 81, 41, 44, 6, 26, 5, 0]
Rota do Picker 9: [0, 1, 41, 22, 53, 93, 74, 17, 14, 21, 61, 42, 24, 4, 43, 63, 23, 3, 13, 12, 32, 92, 0]
Rota do Picker 10: [0, 1, 82, 62, 42, 73, 93, 56, 8, 6, 4, 25, 5, 43, 23, 63, 65, 7, 22, 21, 41, 61, 14, 52, 3, 44, 24, 0]
Rota do Picker 11: [0, 1, 83, 63, 5, 21, 41, 3, 23, 43, 42, 22, 45, 65, 4, 8, 24, 44, 34, 92, 52, 0]

Caso de teste: SLAPRP_Guo_small_O200_alpha0.4_v9.txt

Distancia Total: 1298.0
Quantidade de Pickers: 11
