Rota do Picker 1: [0, 27, 47, 67, 87, 9, 69, 65, 41, 1, 45, 7, 10, 30, 49, 26, 46, 8, 28, 18, 37, 13, 0]
Rota do Picker 2: [0, 41, 10, 30, 26, 46, 8, 28, 37, 18, 1, 21, 67, 27, 65, 45, 7, 9, 89, 69, 49, 3, 2, 0]
Rota do Picker 3: [0, 13, 84, 64, 21, 1, 8, 47, 87, 18, 19, 39, 40, 57, 74, 55, 52, 3, 69, 49, 30, 9, 46, 26, 7, 27, 45, 2, 22, 0]
Rota do Picker 4: [0, 22, 87, 67, 27, 8, 2, 1, 21, 64, 84, 7, 45, 19, 40, 37, 18, 46, 89, 69, 9, 47, 3, 33, 0]
Rota do Picker 5: [0, 22, 2, 83, 7, 67, 87, 45, 64, 41, 10, 47, 27, 3, 26, 9, 49, 1, 59, 18, 74, 94, 28, 8, 46, 21, 0]
Rota do Picker 6: [0, 33, 52, 40, 18, 37, 45, 46, 26, 27, 7, 8, 28, 30, 10, 9, 49, 69, 89, 3, 47, 21, 0]

Caso de teste: SLAPRP_Guo_small_O100_alpha0.4_v2.txt

Distancia Total: 866.0
Quantidade de Pickers: 6
