Rota do Picker 1: [0, 40, 41, 7, 26, 46, 45, 85, 27, 17, 57, 60, 9, 89, 55, 59, 18, 97, 8, 52, 32, 11, 22, 1, 42, 0]
Rota do Picker 2: [0, 8, 30, 13, 20, 31, 11, 46, 36, 55, 12, 32, 74, 94, 18, 10, 17, 57, 2, 77, 96, 33, 40, 65, 59, 52, 60, 22, 27, 9, 0]
Rota do Picker 3: [0, 30, 45, 22, 10, 55, 87, 27, 9, 8, 42, 1, 28, 47, 48, 50, 7, 85, 46, 26, 23, 31, 65, 36, 0]
Rota do Picker 4: [0, 11, 89, 22, 7, 21, 1, 59, 85, 28, 48, 30, 18, 40, 50, 10, 8, 31, 42, 33, 55, 45, 27, 9, 46, 26, 2, 0]
Rota do Picker 5: [0, 8, 27, 47, 9, 18, 20, 3, 52, 55, 7, 46, 26, 2, 59, 48, 60, 41, 31, 45, 30, 10, 87, 13, 94, 33, 28, 0]
Rota do Picker 6: [0, 46, 27, 45, 31, 55, 18, 13, 9, 47, 7, 11, 8, 32, 12, 2, 3, 41, 60, 22, 51, 74, 65, 10, 30, 40, 97, 57, 17, 26, 1, 20, 48, 28, 0]

Caso de teste: SLAPRP_Guo_small_O100_alpha0.4_v3.txt

Distancia Total: 1594.0
Quantidade de Pickers: 6
