Rota do Picker 1: [0, 1, 41, 61, 23, 27, 21, 5, 43, 63, 81, 7, 62, 46, 6, 44, 45, 64, 83, 8, 25, 82, 4, 0]
Rota do Picker 2: [0, 3, 5, 23, 21, 25, 1, 4, 24, 83, 26, 46, 82, 8, 44, 61, 63, 7, 81, 62, 43, 65, 27, 41, 64, 0]
Rota do Picker 3: [0, 65, 3, 8, 27, 7, 83, 81, 25, 21, 46, 43, 26, 41, 64, 6, 45, 5, 23, 61, 1, 62, 0]
Rota do Picker 4: [0, 23, 4, 1, 62, 43, 5, 61, 41, 21, 81, 3, 6, 82, 64, 83, 25, 44, 26, 8, 0]
Rota do Picker 5: [0, 21, 61, 82, 62, 45, 5, 3, 7, 6, 43, 41, 26, 1, 25, 27, 8, 44, 24, 4, 46, 23, 64, 65, 0]
Rota do Picker 6: [0, 3, 45, 63, 81, 5, 25, 64, 21, 41, 23, 44, 43, 83, 82, 61, 1, 75, 62, 2, 0]
Rota do Picker 7: [0, 1, 21, 41, 61, 23, 43, 64, 45, 63, 62, 82, 81, 3, 83, 5, 22, 0]
Rota do Picker 8: [0, 43, 64, 4, 26, 6, 61, 1, 62, 3, 65, 82, 27, 83, 7, 46, 44, 45, 21, 5, 23, 41, 0]
Rota do Picker 9: [0, 6, 82, 83, 62, 46, 81, 63, 64, 3, 1, 21, 61, 23, 43, 5, 44, 41, 25, 26, 0]
Rota do Picker 10: [0, 43, 81, 83, 41, 1, 75, 82, 7, 21, 63, 62, 23, 61, 26, 0]
Rota do Picker 11: [0, 1, 21, 41, 23, 43, 8, 7, 44, 3, 46, 64, 26, 82, 45, 83, 27, 24, 5, 61, 6, 65, 0]
Rota do Picker 12: [0, 21, 41, 11, 15, 55, 16, 1, 12, 74, 0]

Caso de teste: SLAPRP_Guo_small_O200_alpha0.4_v2.txt

Distancia Total: 1646.0
Quantidade de Pickers: 12
