Rota do Picker 1: [0, 21, 23, 83, 64, 8, 30, 2, 97, 37, 20, 65, 45, 22, 41, 7, 27, 87, 50, 9, 46, 26, 42, 31, 0]
Rota do Picker 2: [0, 1, 7, 46, 45, 65, 27, 9, 10, 30, 8, 89, 3, 21, 41, 42, 87, 26, 22, 0]
Rota do Picker 3: [0, 11, 18, 65, 45, 8, 69, 9, 87, 27, 7, 41, 61, 26, 46, 10, 30, 83, 23, 1, 0]
Rota do Picker 4: [0, 1, 21, 64, 27, 9, 65, 45, 69, 87, 3, 61, 41, 7, 10, 50, 8, 46, 26, 83, 23, 0]
Rota do Picker 5: [0, 1, 7, 46, 42, 11, 55, 18, 20, 40, 59, 75, 32, 60, 37, 26, 27, 23, 41, 64, 8, 10, 30, 50, 13, 98, 2, 93, 94, 74, 31, 0]
Rota do Picker 6: [0, 40, 10, 83, 7, 69, 9, 46, 26, 45, 61, 21, 0]

Caso de teste: SLAPRP_Guo_small_O100_alpha0.3_v3.txt

Distancia Total: 850.0
Quantidade de Pickers: 6
