Rota do Picker 1: [0, 74, 94, 18, 98, 20, 47, 49, 89, 26, 46, 7, 45, 65, 50, 10, 19, 37, 40, 55, 48, 30, 9, 27, 8, 0]
Rota do Picker 2: [0, 7, 8, 9, 50, 45, 26, 30, 10, 47, 27, 46, 3, 20, 40, 18, 1, 65, 22, 12, 0]
Rota do Picker 3: [0, 20, 40, 45, 49, 30, 10, 47, 27, 7, 89, 2, 9, 28, 26, 46, 12, 36, 39, 60, 76, 37, 3, 65, 8, 48, 22, 41, 1, 0]
Rota do Picker 4: [0, 1, 21, 18, 39, 98, 17, 37, 76, 22, 26, 8, 10, 12, 11, 13, 55, 59, 2, 45, 48, 28, 46, 49, 9, 47, 27, 7, 0]
Rota do Picker 5: [0, 45, 21, 41, 55, 18, 39, 60, 19, 59, 9, 49, 89, 86, 67, 46, 8, 7, 27, 47, 10, 26, 36, 76, 0]
Rota do Picker 6: [0, 2, 7, 8, 26, 22, 45, 49, 89, 9, 1, 21, 55, 20, 19, 50, 65, 30, 27, 47, 48, 3, 10, 74, 94, 39, 12, 0]

Caso de teste: SLAPRP_Guo_small_O100_alpha0.3_v9.txt

Distancia Total: 1064.0
Quantidade de Pickers: 6
