Rota do Picker 1: [0, 1, 41, 61, 81, 3, 43, 6, 17, 5, 74, 7, 64, 56, 63, 94, 15, 44, 45, 25, 24, 54, 26, 16, 8, 36, 65, 83, 21, 0]
Rota do Picker 2: [0, 44, 8, 74, 63, 61, 15, 27, 7, 43, 3, 24, 5, 81, 41, 21, 1, 26, 6, 0]
Rota do Picker 3: [0, 61, 15, 1, 5, 36, 74, 21, 81, 17, 3, 63, 54, 26, 35, 43, 41, 16, 24, 56, 0]
Rota do Picker 4: [0, 61, 3, 54, 1, 21, 43, 16, 0]
Rota do Picker 5: [0, 36, 64, 6, 54, 94, 24, 41, 61, 3, 44, 17, 1, 21, 5, 16, 43, 63, 74, 42, 0]
Rota do Picker 6: [0, 7, 65, 4, 24, 44, 45, 64, 5, 26, 81, 23, 43, 8, 6, 63, 3, 61, 41, 21, 1, 0]
Rota do Picker 7: [0, 24, 5, 61, 1, 3, 43, 64, 45, 21, 6, 41, 7, 44, 65, 25, 62, 8, 46, 27, 26, 63, 83, 0]

Caso de teste: SLAPRP_Guo_small_O100_alpha0.3_v1.txt

Distancia Total: 1122.0
Quantidade de Pickers: 7
