Rota do Picker 1: [0, 82, 3, 41, 54, 55, 65, 34, 94, 23, 43, 92, 72, 17, 6, 4, 61, 8, 36, 81, 16, 62, 42, 22, 21, 1, 14, 0]
Rota do Picker 2: [0, 21, 22, 4, 6, 65, 15, 25, 5, 36, 46, 8, 33, 7, 41, 24, 83, 51, 1, 42, 23, 43, 3, 0]
Rota do Picker 3: [0, 26, 81, 47, 42, 61, 65, 85, 63, 7, 64, 45, 6, 22, 83, 46, 25, 5, 43, 84, 21, 27, 23, 44, 24, 4, 3, 41, 1, 8, 0]
Rota do Picker 4: [0, 46, 62, 6, 1, 3, 4, 24, 85, 81, 26, 84, 64, 42, 21, 44, 41, 22, 25, 45, 5, 43, 23, 61, 63, 7, 27, 53, 0]
Rota do Picker 5: [0, 1, 21, 3, 23, 72, 92, 16, 63, 34, 14, 55, 53, 73, 17, 41, 81, 15, 54, 36, 22, 42, 35, 45, 64, 0]
Rota do Picker 6: [0, 23, 7, 45, 55, 94, 21, 41, 42, 85, 73, 83, 62, 44, 4, 81, 54, 43, 53, 5, 24, 16, 63, 61, 17, 22, 6, 3, 1, 64, 34, 0]

Caso de teste: SLAPRP_Guo_small_O100_alpha0.4_v3.txt

Distancia Total: 1290.0
Quantidade de Pickers: 6
