Rota do Picker 1: [0, 13, 53, 73, 39, 58, 38, 54, 34, 14, 22, 21, 81, 41, 61, 23, 43, 33, 16, 76, 77, 57, 17, 44, 5, 1, 0]
Rota do Picker 2: [0, 3, 4, 13, 33, 53, 73, 37, 38, 63, 43, 23, 71, 17, 77, 57, 18, 54, 34, 14, 82, 42, 41, 21, 1, 61, 81, 0]
Rota do Picker 3: [0, 1, 23, 82, 15, 35, 55, 95, 75, 13, 53, 73, 33, 42, 22, 4, 61, 16, 36, 76, 43, 3, 41, 21, 0]
Rota do Picker 4: [0, 71, 44, 82, 62, 22, 1, 41, 61, 16, 56, 76, 37, 73, 33, 13, 3, 24, 4, 2, 14, 34, 54, 39, 36, 91, 51, 11, 5, 81, 21, 0]
Rota do Picker 5: [0, 1, 21, 41, 14, 34, 54, 13, 63, 23, 3, 5, 24, 4, 42, 53, 33, 61, 81, 38, 20, 76, 15, 18, 39, 0]
Rota do Picker 6: [0, 20, 13, 82, 42, 63, 3, 81, 21, 1, 33, 19, 39, 23, 5, 57, 37, 77, 17, 34, 14, 73, 43, 4, 41, 0]
Rota do Picker 7: [0, 1, 41, 21, 13, 33, 53, 73, 16, 36, 15, 22, 3, 24, 5, 4, 0]
Rota do Picker 8: [0, 1, 21, 41, 61, 81, 73, 53, 33, 20, 77, 19, 75, 62, 42, 22, 14, 34, 54, 17, 39, 18, 15, 58, 16, 13, 0]
Rota do Picker 9: [0, 21, 1, 14, 13, 33, 53, 43, 5, 4, 3, 23, 63, 41, 15, 55, 71, 0]
Rota do Picker 10: [0, 1, 21, 41, 13, 75, 17, 58, 38, 18, 77, 57, 76, 16, 73, 53, 33, 24, 3, 62, 0]
Rota do Picker 11: [0, 21, 1, 41, 13, 33, 53, 73, 91, 71, 82, 62, 5, 3, 23, 16, 96, 37, 19, 18, 58, 20, 35, 15, 63, 22, 0]
Rota do Picker 12: [0, 21, 1, 41, 61, 42, 24, 71, 91, 52, 73, 37, 94, 54, 34, 14, 16, 53, 33, 13, 62, 3, 4, 22, 0]

Caso de teste: SLAPRP_Guo_small_O200_alpha0.3_v8.txt

Distancia Total: 1402.0
Quantidade de Pickers: 12
