Rota do Picker 1: [0, 32, 74, 94, 18, 98, 37, 36, 93, 19, 12, 13, 55, 75, 20, 39, 59, 10, 50, 30, 46, 87, 7, 83, 3, 21, 0]
Rota do Picker 2: [0, 21, 45, 8, 48, 27, 46, 97, 57, 37, 19, 89, 9, 26, 30, 7, 10, 13, 55, 75, 18, 50, 65, 41, 0]
Rota do Picker 3: [0, 22, 26, 46, 9, 67, 45, 65, 87, 27, 7, 10, 8, 48, 89, 37, 57, 97, 1, 0]
Rota do Picker 4: [0, 57, 46, 26, 67, 27, 7, 2, 8, 9, 30, 50, 40, 19, 45, 65, 21, 1, 0]
Rota do Picker 5: [0, 1, 41, 26, 46, 8, 10, 50, 45, 69, 9, 87, 67, 27, 7, 64, 55, 40, 39, 19, 76, 36, 12, 0]
Rota do Picker 6: [0, 21, 45, 48, 67, 7, 27, 87, 26, 46, 19, 30, 9, 8, 65, 97, 57, 41, 1, 0]
Rota do Picker 7: [0, 1, 26, 46, 27, 67, 65, 30, 8, 48, 10, 9, 7, 21, 87, 45, 22, 0]
Rota do Picker 8: [0, 32, 30, 67, 7, 3, 12, 36, 59, 19, 69, 87, 27, 22, 2, 21, 10, 9, 64, 65, 50, 8, 83, 1, 45, 0]
Rota do Picker 9: [0, 18, 37, 22, 3, 20, 19, 64, 21, 27, 67, 89, 9, 46, 26, 1, 41, 7, 8, 48, 50, 45, 0]
Rota do Picker 10: [0, 18, 76, 45, 67, 27, 26, 50, 48, 8, 46, 87, 30, 69, 9, 7, 22, 21, 0]
Rota do Picker 11: [0, 1, 64, 2, 3, 22, 45, 9, 10, 48, 8, 69, 7, 46, 26, 21, 0]
Rota do Picker 12: [0, 3, 48, 67, 87, 7, 1, 9, 45, 46, 26, 8, 83, 57, 60, 40, 32, 12, 55, 98, 93, 77, 39, 74, 94, 75, 20, 41, 21, 2, 27, 76, 36, 13, 18, 0]

Caso de teste: SLAPRP_Guo_small_O200_alpha0.2_v9.txt

Distancia Total: 1810.0
Quantidade de Pickers: 12
