Rota do Picker 1: [0, 21, 61, 81, 5, 45, 65, 16, 17, 55, 34, 83, 63, 94, 74, 53, 6, 7, 27, 8, 64, 41, 1, 0]
Rota do Picker 2: [0, 21, 61, 81, 62, 16, 34, 63, 8, 25, 5, 41, 1, 94, 74, 53, 44, 7, 45, 0]
Rota do Picker 3: [0, 55, 85, 44, 4, 24, 84, 62, 82, 33, 72, 12, 34, 73, 53, 16, 21, 5, 6, 81, 61, 41, 1, 0]
Rota do Picker 4: [0, 21, 41, 61, 81, 5, 65, 16, 53, 73, 17, 37, 34, 15, 64, 44, 27, 7, 82, 62, 85, 1, 0]
Rota do Picker 5: [0, 1, 21, 41, 61, 81, 5, 64, 26, 46, 82, 62, 15, 37, 17, 83, 73, 53, 92, 91, 31, 7, 6, 0]
Rota do Picker 6: [0, 23, 82, 62, 61, 41, 21, 63, 5, 25, 45, 65, 7, 27, 55, 17, 74, 34, 83, 6, 81, 1, 0]
Rota do Picker 7: [0, 1, 21, 34, 0]

Caso de teste: SLAPRP_Guo_small_O100_alpha0.3_v6.txt

Distancia Total: 798.0
Quantidade de Pickers: 7
