Rota do Picker 1: [0, 41, 61, 24, 26, 75, 37, 44, 4, 3, 5, 45, 18, 17, 46, 7, 82, 16, 56, 36, 33, 21, 1, 0]
Rota do Picker 2: [0, 41, 33, 17, 5, 61, 21, 1, 4, 24, 64, 25, 23, 3, 63, 7, 6, 51, 0]
Rota do Picker 3: [0, 1, 41, 63, 43, 83, 64, 44, 84, 65, 26, 42, 3, 45, 25, 5, 24, 4, 21, 61, 33, 93, 0]
Rota do Picker 4: [0, 41, 61, 21, 5, 65, 24, 16, 36, 22, 82, 45, 63, 43, 3, 84, 13, 81, 1, 4, 44, 33, 0]
Rota do Picker 5: [0, 1, 21, 61, 24, 4, 43, 3, 41, 81, 5, 26, 6, 7, 44, 18, 33, 17, 37, 32, 0]
Rota do Picker 6: [0, 41, 1, 21, 61, 5, 4, 24, 64, 3, 0]

Caso de teste: SLAPRP_Guo_small_O100_alpha0.3_v3.txt

Distancia Total: 628.0
Quantidade de Pickers: 6
