Rota do Picker 1: [0, 74, 94, 28, 0]
Rota do Picker 2: [0, 40, 28, 32, 22, 1, 7, 3, 19, 20, 83, 10, 9, 4, 13, 37, 45, 48, 46, 47, 17, 26, 87, 27, 8, 2, 21, 18, 0]
Rota do Picker 3: [0, 1, 21, 41, 2, 17, 19, 39, 40, 28, 20, 57, 94, 96, 36, 59, 13, 12, 74, 55, 18, 0]
Rota do Picker 4: [0, 48, 9, 46, 8, 21, 45, 30, 87, 27, 7, 1, 3, 26, 10, 69, 89, 28, 47, 2, 41, 0]
Rota do Picker 5: [0, 7, 9, 10, 27, 17, 26, 2, 89, 69, 21, 13, 52, 22, 30, 87, 41, 64, 33, 47, 48, 45, 46, 28, 8, 3, 1, 0]
Rota do Picker 6: [0, 46, 1, 52, 26, 48, 87, 12, 8, 2, 13, 45, 9, 27, 7, 10, 47, 22, 28, 40, 41, 69, 89, 32, 33, 30, 20, 83, 21, 4, 0]
Rota do Picker 7: [0, 1, 26, 45, 17, 8, 46, 9, 48, 19, 4, 3, 10, 20, 2, 28, 21, 27, 87, 30, 32, 22, 96, 33, 12, 7, 41, 13, 0]
Rota do Picker 8: [0, 1, 28, 75, 12, 17, 2, 32, 18, 19, 57, 7, 52, 74, 39, 10, 13, 59, 40, 20, 48, 46, 55, 3, 8, 27, 94, 22, 45, 0]
Rota do Picker 9: [0, 28, 69, 89, 45, 8, 46, 10, 30, 87, 48, 9, 27, 7, 26, 3, 0]
Rota do Picker 10: [0, 1, 26, 46, 8, 27, 17, 20, 7, 21, 19, 2, 52, 13, 28, 48, 87, 18, 41, 89, 45, 9, 47, 10, 32, 94, 74, 12, 0]
Rota do Picker 11: [0, 87, 27, 10, 48, 28, 46, 26, 2, 8, 9, 30, 45, 89, 69, 7, 47, 0]
Rota do Picker 12: [0, 4, 2, 26, 46, 7, 47, 87, 28, 48, 9, 22, 3, 27, 10, 30, 8, 45, 69, 89, 32, 0]

Caso de teste: SLAPRP_Guo_small_O200_alpha0.4_v1.txt

Distancia Total: 2290.0
Quantidade de Pickers: 12
