Rota do Picker 1: [0, 22, 64, 13, 26, 43, 23, 61, 1, 33, 34, 30, 10, 47, 45, 21, 41, 4, 67, 66, 46, 84, 3, 24, 42, 62, 11, 0]
Rota do Picker 2: [0, 1, 21, 23, 83, 43, 24, 64, 84, 66, 46, 26, 42, 11, 31, 53, 37, 77, 34, 33, 13, 22, 3, 41, 0]
Rota do Picker 3: [0, 42, 41, 21, 61, 22, 43, 83, 64, 84, 23, 10, 46, 66, 3, 26, 96, 0]
Rota do Picker 4: [0, 22, 23, 83, 4, 41, 61, 43, 84, 64, 62, 42, 10, 66, 46, 26, 3, 21, 0]
Rota do Picker 5: [0, 21, 26, 46, 66, 45, 3, 23, 43, 83, 67, 47, 22, 62, 64, 84, 24, 69, 49, 10, 1, 0]
Rota do Picker 6: [0, 3, 23, 21, 22, 67, 83, 64, 10, 1, 43, 26, 66, 62, 61, 41, 33, 53, 75, 11, 0]

Caso de teste: SLAPRP_Guo_small_O100_alpha0.4_v2.txt

Distancia Total: 732.0
Quantidade de Pickers: 6
