Rota do Picker 1: [0, 17, 46, 27, 12, 32, 28, 64, 84, 9, 48, 97, 21, 8, 10, 36, 26, 40, 37, 50, 55, 87, 7, 1, 69, 31, 60, 20, 30, 47, 45, 0]
Rota do Picker 2: [0, 17, 9, 32, 13, 89, 69, 67, 87, 28, 50, 21, 10, 1, 27, 26, 48, 30, 45, 31, 7, 8, 46, 55, 0]
Rota do Picker 3: [0, 26, 31, 18, 19, 48, 21, 47, 13, 83, 64, 84, 1, 30, 94, 28, 8, 9, 96, 51, 17, 89, 32, 10, 74, 55, 12, 97, 60, 45, 87, 7, 20, 27, 46, 40, 0]
Rota do Picker 4: [0, 12, 13, 10, 26, 87, 28, 67, 48, 8, 45, 68, 2, 1, 69, 46, 27, 51, 50, 9, 47, 7, 30, 21, 0]
Rota do Picker 5: [0, 17, 64, 50, 12, 10, 47, 37, 87, 19, 1, 7, 27, 67, 8, 48, 45, 55, 20, 46, 9, 30, 40, 60, 26, 28, 0]
Rota do Picker 6: [0, 8, 10, 37, 40, 32, 50, 31, 98, 78, 84, 64, 59, 18, 12, 1, 20, 19, 47, 7, 27, 46, 45, 17, 0]
Rota do Picker 7: [0, 46, 48, 55, 37, 51, 97, 12, 89, 8, 45, 13, 96, 50, 2, 17, 30, 7, 21, 64, 84, 9, 60, 40, 20, 10, 28, 0]
Rota do Picker 8: [0, 97, 55, 10, 46, 48, 28, 37, 45, 9, 8, 67, 47, 7, 21, 1, 26, 68, 20, 60, 12, 31, 89, 40, 50, 30, 2, 32, 69, 27, 36, 19, 0]
Rota do Picker 9: [0, 48, 28, 46, 45, 69, 10, 9, 8, 67, 27, 7, 89, 26, 30, 50, 68, 0]
Rota do Picker 10: [0, 50, 60, 39, 18, 1, 97, 20, 8, 67, 74, 12, 96, 94, 17, 36, 37, 59, 31, 98, 2, 19, 21, 40, 55, 46, 45, 0]
Rota do Picker 11: [0, 7, 8, 10, 69, 89, 40, 36, 21, 28, 48, 9, 30, 60, 68, 67, 12, 47, 27, 17, 31, 50, 32, 1, 84, 64, 45, 46, 22, 2, 97, 19, 0]
Rota do Picker 12: [0, 67, 10, 28, 47, 27, 7, 45, 89, 69, 8, 48, 9, 50, 30, 46, 2, 0]
Rota do Picker 13: [0, 47, 69, 7, 26, 45, 9, 46, 30, 10, 28, 8, 1, 21, 48, 89, 50, 27, 87, 68, 0]

Caso de teste: SLAPRP_Guo_small_O200_alpha0.4_v4.txt

Distancia Total: 3322.0
Quantidade de Pickers: 13
