Rota do Picker 1: [0, 16, 21, 14, 13, 41, 61, 62, 17, 0]
Rota do Picker 2: [0, 3, 43, 16, 61, 18, 83, 62, 41, 21, 1, 0]
Rota do Picker 3: [0, 1, 41, 81, 4, 26, 62, 15, 63, 73, 6, 23, 3, 61, 21, 43, 7, 16, 82, 46, 18, 17, 84, 44, 24, 0]
Rota do Picker 4: [0, 1, 21, 41, 81, 4, 24, 64, 63, 8, 62, 61, 23, 3, 43, 44, 46, 45, 65, 7, 27, 25, 84, 83, 5, 6, 26, 15, 0]
Rota do Picker 5: [0, 1, 41, 61, 4, 44, 62, 15, 36, 25, 24, 81, 5, 27, 23, 43, 83, 17, 64, 34, 73, 16, 6, 3, 21, 45, 26, 14, 0]

Caso de teste: SLAPRP_Guo_small_O50_alpha0.4_v10.txt

Distancia Total: 724.0
Quantidade de Pickers: 5
