Rota do Picker 1: [0, 2, 23, 45, 21, 42, 4, 10, 9, 32, 12, 76, 27, 7, 22, 46, 26, 3, 1, 11, 30, 8, 62, 68, 40, 0]
Rota do Picker 2: [0, 60, 7, 21, 42, 22, 20, 5, 1, 62, 3, 52, 76, 72, 17, 32, 45, 31, 12, 13, 23, 41, 11, 14, 33, 36, 43, 97, 61, 51, 40, 9, 2, 0]
Rota do Picker 3: [0, 22, 8, 26, 76, 40, 21, 32, 52, 33, 0]
Rota do Picker 4: [0, 7, 10, 21, 4, 5, 45, 8, 27, 61, 50, 14, 40, 26, 76, 51, 23, 11, 30, 9, 42, 22, 2, 1, 60, 0]
Rota do Picker 5: [0, 40, 61, 42, 9, 26, 8, 51, 27, 23, 22, 2, 1, 21, 76, 45, 7, 10, 11, 50, 62, 12, 24, 60, 30, 20, 5, 33, 0]
Rota do Picker 6: [0, 2, 22, 42, 7, 30, 50, 76, 8, 61, 21, 10, 27, 3, 34, 41, 68, 4, 33, 26, 23, 1, 45, 9, 11, 0]
Rota do Picker 7: [0, 41, 30, 26, 43, 46, 27, 23, 50, 9, 7, 45, 42, 22, 2, 1, 8, 51, 68, 61, 10, 4, 3, 24, 11, 28, 0]
Rota do Picker 8: [0, 10, 2, 68, 30, 7, 45, 42, 22, 21, 24, 23, 50, 46, 9, 28, 8, 3, 26, 27, 1, 0]
Rota do Picker 9: [0, 3, 34, 43, 8, 23, 2, 12, 32, 76, 17, 45, 10, 40, 20, 9, 7, 42, 22, 1, 0]
Rota do Picker 10: [0, 50, 10, 2, 21, 4, 9, 27, 23, 24, 5, 8, 26, 61, 45, 30, 28, 68, 22, 46, 1, 3, 7, 0]
Rota do Picker 11: [0, 41, 45, 24, 2, 30, 76, 40, 14, 23, 1, 20, 26, 22, 21, 8, 9, 60, 42, 3, 33, 62, 0]
Rota do Picker 12: [0, 1, 2, 22, 8, 26, 40, 21, 41, 12, 13, 76, 45, 46, 30, 42, 7, 10, 51, 43, 61, 24, 62, 72, 11, 23, 3, 27, 4, 5, 20, 50, 60, 0]
Rota do Picker 13: [0, 40, 7, 45, 20, 24, 5, 42, 22, 1, 21, 27, 23, 8, 10, 52, 32, 41, 76, 4, 26, 60, 2, 33, 14, 13, 43, 0]
Rota do Picker 14: [0, 2, 22, 42, 21, 30, 1, 3, 8, 9, 68, 50, 76, 23, 43, 61, 7, 10, 45, 26, 28, 24, 27, 5, 51, 41, 0]

Caso de teste: SLAPRP_Guo_small_O200_alpha0.2_v10.txt

Distancia Total: 2996.0
Quantidade de Pickers: 14
