SKUs: 40
Pedidos: 101

Primeiro pedido:
Order(1, [6, 7, 24])

Ultimo pedido:
Order(101, [2, 3, 4, 7, 8, 18, 21, 38])

Location(1, 1, -1, 20)
Location(2, 1, -2, 20)
Location(3, 1, -3, 20)
Location(4, 1, -4, 20)
Location(5, 1, -5, 20)
Location(6, 1, -6, 20)
Location(7, 1, -7, 20)
Location(8, 1, -8, 20)
Location(9, 1, -9, 20)
Location(10, 1, -10, 40)
Location(11, 1, 1, 20)
Location(12, 1, 2, 20)
Location(13, 1, 3, 20)
Location(14, 1, 4, 20)
Location(15, 1, 5, 20)
Location(16, 1, 6, 20)
Location(17, 1, 7, 20)
Location(18, 1, 8, 20)
Location(19, 1, 9, 20)
Location(20, 1, 10, 40)
Location(21, 2, -1, 20)
Location(22, 2, -2, 20)
Location(23, 2, -3, 20)
Location(24, 2, -4, 20)
Location(25, 2, -5, 20)
Location(26, 2, -6, 20)
Location(27, 2, -7, 20)
Location(28, 2, -8, 20)
Location(29, 2, -9, 20)
Location(30, 2, -10, 40)
Location(31, 2, 1, 20)
Location(32, 2, 2, 20)
Location(33, 2, 3, 20)
Location(34, 2, 4, 20)
Location(35, 2, 5, 20)
Location(36, 2, 6, 20)
Location(37, 2, 7, 20)
Location(38, 2, 8, 20)
Location(39, 2, 9, 20)
Location(40, 2, 10, 40)
Location(41, 3, -1, 20)
Location(42, 3, -2, 20)
Location(43, 3, -3, 20)
Location(44, 3, -4, 20)
Location(45, 3, -5, 20)
Location(46, 3, -6, 20)
Location(47, 3, -7, 20)
Location(48, 3, -8, 20)
Location(49, 3, -9, 20)
Location(50, 3, -10, 40)
Location(51, 3, 1, 20)
Location(52, 3, 2, 20)
Location(53, 3, 3, 20)
Location(54, 3, 4, 20)
Location(55, 3, 5, 20)
Location(56, 3, 6, 20)
Location(57, 3, 7, 20)
Location(58, 3, 8, 20)
Location(59, 3, 9, 20)
Location(60, 3, 10, 40)
Location(61, 4, -1, 20)
Location(62, 4, -2, 20)
Location(63, 4, -3, 20)
Location(64, 4, -4, 20)
Location(65, 4, -5, 20)
Location(66, 4, -6, 20)
Location(67, 4, -7, 20)
Location(68, 4, -8, 20)
Location(69, 4, -9, 20)
Location(70, 4, -10, 40)
Location(71, 4, 1, 20)
Location(72, 4, 2, 20)
Location(73, 4, 3, 20)
Location(74, 4, 4, 20)
Location(75, 4, 5, 20)
Location(76, 4, 6, 20)
Location(77, 4, 7, 20)
Location(78, 4, 8, 20)
Location(79, 4, 9, 20)
Location(80, 4, 10, 40)
Location(81, 5, -1, 20)
Location(82, 5, -2, 20)
Location(83, 5, -3, 20)
Location(84, 5, -4, 20)
Location(85, 5, -5, 20)
Location(86, 5, -6, 20)
Location(87, 5, -7, 20)
Location(88, 5, -8, 20)
Location(89, 5, -9, 20)
Location(90, 5, -10, 40)
Location(91, 5, 1, 20)
Location(92, 5, 2, 20)
Location(93, 5, 3, 20)
Location(94, 5, 4, 20)
Location(95, 5, 5, 20)
Location(96, 5, 6, 20)
Location(97, 5, 7, 20)
Location(98, 5, 8, 20)
Location(99, 5, 9, 20)
Location(100, 5, 10, 40)

Frequencias: [38, 50, 38, 46, 43, 42, 45, 52, 6, 8, 3, 1, 6, 6, 4, 4, 5, 2, 5, 6, 6, 6, 3, 6, 5, 8, 6, 5, 5, 3, 6, 6, 4, 9, 0, 5, 1, 5, 0, 0]

Matriz de coocorrencia: 
40×40 Matrix{Int64}:
  0  17  19  22  19  14  17  21  1  2  1  0  3  2  0  2  2  0  1  4  2  3  1  2  2  5  2  2  2  1  2  1  0  3  0  0  0  2  0  0
 17   0  17  24  24  23  26  27  3  2  2  1  4  2  1  1  1  1  1  1  4  2  0  2  1  5  3  2  4  1  2  2  0  3  0  4  0  2  0  0
 19  17   0  22  22  15  18  21  1  4  1  0  1  2  3  1  2  2  1  3  5  4  2  3  1  4  2  2  2  0  4  4  0  5  0  1  1  2  0  0
 22  24  22   0  20  17  19  24  3  3  1  1  2  3  1  4  1  1  1  1  4  1  0  3  1  5  3  1  4  0  4  3  3  7  0  3  0  2  0  0
 19  24  22  20   0  21  27  24  2  5  0  1  4  3  0  1  3  1  1  1  3  2  1  3  2  6  1  3  3  0  2  3  1  6  0  3  0  1  0  0
 14  23  15  17  21   0  23  20  2  4  2  1  1  3  1  1  2  0  4  3  2  2  2  2  1  4  3  4  0  2  2  2  2  3  0  4  1  4  0  0
 17  26  18  19  27  23   0  26  2  6  0  1  2  4  0  1  3  2  0  3  5  3  2  6  2  4  2  2  3  3  2  2  0  3  0  3  0  3  0  0
 21  27  21  24  24  20  26   0  3  6  2  1  4  3  0  1  2  2  3  3  3  2  2  2  3  3  1  2  2  2  2  5  3  5  0  2  1  3  0  0
  1   3   1   3   2   2   2   3  0  0  0  0  0  1  1  0  0  0  0  0  0  1  1  0  2  1  1  1  0  0  0  0  0  0  0  0  0  0  0  0
  2   2   4   3   5   4   6   6  0  0  0  0  0  2  0  0  0  1  0  2  0  1  1  0  0  0  0  0  0  1  0  2  0  0  0  0  0  0  0  0
  1   2   1   1   0   2   0   2  0  0  0  0  0  0  0  0  1  0  0  0  0  0  0  0  0  0  0  0  0  0  1  0  0  0  0  0  0  0  0  0
  0   1   0   1   1   1   1   1  0  0  0  0  0  0  0  0  0  0  0  0  0  0  0  0  0  0  0  0  0  0  0  0  0  0  0  1  0  0  0  0
  3   4   1   2   4   1   2   4  0  0  0  0  0  1  0  0  1  0  0  1  0  0  0  0  0  0  0  0  0  0  0  0  0  0  0  0  0  0  0  0
  2   2   2   3   3   3   4   3  1  2  0  0  1  0  0  0  1  1  0  0  0  0  0  0  1  1  0  0  0  0  0  1  0  0  0  0  0  0  0  0
  0   1   3   1   0   1   0   0  1  0  0  0  0  0  0  0  0  0  0  0  0  1  1  0  1  0  0  0  0  0  0  0  0  0  0  1  0  0  0  0
  2   1   1   4   1   1   1   1  0  0  0  0  0  0  0  0  0  0  0  0  0  0  0  1  0  0  0  1  2  0  0  0  0  1  0  0  0  1  0  0
  2   1   2   1   3   2   3   2  0  0  1  0  1  1  0  0  0  0  1  1  0  2  0  0  0  0  0  0  0  0  0  0  1  1  0  0  0  0  0  0
  0   1   2   1   1   0   2   2  0  1  0  0  0  1  0  0  0  0  0  0  1  0  0  0  0  0  0  0  0  0  0  1  0  0  0  0  0  1  0  0
  1   1   1   1   1   4   0   3  0  0  0  0  0  0  0  0  1  0  0  0  0  0  0  0  0  0  0  1  0  0  0  0  2  1  0  1  0  1  0  0
  4   1   3   1   1   3   3   3  0  2  0  0  1  0  0  0  1  0  0  0  0  2  1  0  0  0  0  0  0  2  0  1  0  0  0  0  0  1  0  0
  2   4   5   4   3   2   5   3  0  0  0  0  0  0  0  0  0  1  0  0  0  0  0  0  0  0  0  0  0  0  1  2  0  1  0  0  0  1  0  0
  3   2   4   1   2   2   3   2  1  1  0  0  0  0  1  0  2  0  0  2  0  0  1  0  1  0  0  0  0  0  1  0  0  2  0  0  0  0  0  0
  1   0   2   0   1   2   2   2  1  1  0  0  0  0  1  0  0  0  0  1  0  1  0  0  1  0  0  1  0  1  0  0  0  0  0  0  0  0  0  0
  2   2   3   3   3   2   6   2  0  0  0  0  0  0  0  1  0  0  0  0  0  0  0  0  1  0  0  0  1  0  1  0  0  1  0  0  0  0  0  0
  2   1   1   1   2   1   2   3  2  0  0  0  0  1  1  0  0  0  0  0  0  1  1  1  0  1  0  0  0  0  0  0  0  0  0  0  0  0  0  0
  5   5   4   5   6   4   4   3  1  0  0  0  0  1  0  0  0  0  0  0  0  0  0  0  1  0  0  0  1  0  1  0  0  1  0  0  0  0  0  0
  2   3   2   3   1   3   2   1  1  0  0  0  0  0  0  0  0  0  0  0  0  0  0  0  0  0  0  1  1  0  0  0  0  0  0  0  0  0  0  0
  2   2   2   1   3   4   2   2  1  0  0  0  0  0  0  1  0  0  1  0  0  0  1  0  0  0  1  0  0  0  0  0  0  1  0  0  0  0  0  0
  2   4   2   4   3   0   3   2  0  0  0  0  0  0  0  2  0  0  0  0  0  0  0  1  0  1  1  0  0  0  0  0  0  0  0  0  0  0  0  0
  1   1   0   0   0   2   3   2  0  1  0  0  0  0  0  0  0  0  0  2  0  0  1  0  0  0  0  0  0  0  0  0  0  0  0  0  0  1  0  0
  2   2   4   4   2   2   2   2  0  0  1  0  0  0  0  0  0  0  0  0  1  1  0  1  0  1  0  0  0  0  0  1  0  2  0  0  0  0  0  0
  1   2   4   3   3   2   2   5  0  2  0  0  0  1  0  0  0  1  0  1  2  0  0  0  0  0  0  0  0  0  1  0  1  0  0  0  0  0  0  0
  0   0   0   3   1   2   0   3  0  0  0  0  0  0  0  0  1  0  2  0  0  0  0  0  0  0  0  0  0  0  0  1  0  1  0  0  0  0  0  0
  3   3   5   7   6   3   3   5  0  0  0  0  0  0  0  1  1  0  1  0  1  2  0  1  0  1  0  1  0  0  2  0  1  0  0  0  0  0  0  0
  0   0   0   0   0   0   0   0  0  0  0  0  0  0  0  0  0  0  0  0  0  0  0  0  0  0  0  0  0  0  0  0  0  0  0  0  0  0  0  0
  0   4   1   3   3   4   3   2  0  0  0  1  0  0  1  0  0  0  1  0  0  0  0  0  0  0  0  0  0  0  0  0  0  0  0  0  0  1  0  0
  0   0   1   0   0   1   0   1  0  0  0  0  0  0  0  0  0  0  0  0  0  0  0  0  0  0  0  0  0  0  0  0  0  0  0  0  0  0  0  0
  2   2   2   2   1   4   3   3  0  0  0  0  0  0  0  1  0  1  1  1  1  0  0  0  0  0  0  0  0  1  0  0  0  0  0  1  0  0  0  0
  0   0   0   0   0   0   0   0  0  0  0  0  0  0  0  0  0  0  0  0  0  0  0  0  0  0  0  0  0  0  0  0  0  0  0  0  0  0  0  0
  0   0   0   0   0   0   0   0  0  0  0  0  0  0  0  0  0  0  0  0  0  0  0  0  0  0  0  0  0  0  0  0  0  0  0  0  0  0  0  0
SKU(38, 184.0, 0.07)
SKU(50, 185.0, 0.08)
SKU(38, 96.0, 0.21)
SKU(46, 149.0, 0.1)
SKU(43, 125.0, 0.13)
SKU(42, 165.0, 0.08)
SKU(45, 191.0, 0.07)
SKU(52, 156.0, 0.11)
SKU(6, 58.0, 0.09)
SKU(8, 36.0, 0.21)
SKU(3, 35.0, 0.11)
SKU(1, 26.0, 0.12)
SKU(6, 32.0, 0.19)
SKU(6, 63.0, 0.07)
SKU(4, 76.0, 0.05)
SKU(4, 51.0, 0.09)
SKU(5, 46.0, 0.08)
SKU(2, 28.0, 0.12)
SKU(5, 27.0, 0.26)
SKU(6, 33.0, 0.17)
SKU(6, 68.0, 0.07)
SKU(6, 36.0, 0.16)
SKU(3, 43.0, 0.1)
SKU(6, 87.0, 0.05)
SKU(5, 50.0, 0.11)
SKU(8, 67.0, 0.09)
SKU(6, 46.0, 0.13)
SKU(5, 31.0, 0.16)
SKU(5, 73.0, 0.06)
SKU(3, 71.0, 0.04)
SKU(6, 37.0, 0.15)
SKU(6, 81.0, 0.06)
SKU(4, 61.0, 0.07)
SKU(9, 91.0, 0.05)
SKU(0, 13.0, 0.12)
SKU(5, 29.0, 0.16)
SKU(1, 48.0, 0.04)
SKU(5, 33.0, 0.14)
SKU(0, 18.0, 0.08)
SKU(0, 14.0, 0.12)

Posicao 1 (Corredor 1, Prateleira -1)
   SKU 2 -> 180
   SKU 7 -> 80

Posicao 2 (Corredor 1, Prateleira -2)
   SKU 8 -> 156
   SKU 30 -> 71

Posicao 3 (Corredor 1, Prateleira -3)
   SKU 13 -> 32
   SKU 17 -> 46
   SKU 29 -> 64

Posicao 11 (Corredor 1, Prateleira 1)
   SKU 1 -> 169
   SKU 2 -> 5
   SKU 7 -> 111

Posicao 12 (Corredor 1, Prateleira 2)
   SKU 1 -> 15
   SKU 5 -> 112
   SKU 24 -> 87

Posicao 13 (Corredor 1, Prateleira 3)
   SKU 22 -> 36
   SKU 26 -> 67
   SKU 28 -> 31

Posicao 14 (Corredor 1, Prateleira 4)
   SKU 12 -> 26
   SKU 23 -> 43
   SKU 37 -> 48

Posicao 20 (Corredor 1, Prateleira 10)
   SKU 3 -> 96

Posicao 21 (Corredor 2, Prateleira -1)
   SKU 5 -> 13
   SKU 6 -> 165
   SKU 32 -> 81

Posicao 22 (Corredor 2, Prateleira -2)
   SKU 15 -> 76
   SKU 27 -> 46
   SKU 38 -> 33

Posicao 23 (Corredor 2, Prateleira -3)
   SKU 11 -> 35

Posicao 31 (Corredor 2, Prateleira 1)
   SKU 4 -> 149
   SKU 29 -> 9
   SKU 34 -> 91

Posicao 32 (Corredor 2, Prateleira 2)
   SKU 10 -> 36
   SKU 14 -> 63
   SKU 16 -> 51

Posicao 41 (Corredor 3, Prateleira -1)
   SKU 9 -> 58
   SKU 20 -> 33
   SKU 31 -> 37

Posicao 42 (Corredor 3, Prateleira -2)
   SKU 18 -> 28
   SKU 35 -> 13
   SKU 36 -> 29

Posicao 51 (Corredor 3, Prateleira 1)
   SKU 21 -> 68
   SKU 25 -> 50
   SKU 33 -> 61

Posicao 61 (Corredor 4, Prateleira -1)
   SKU 19 -> 27

Posicao 81 (Corredor 5, Prateleira -1)
   SKU 39 -> 18

Posicao 99 (Corredor 5, Prateleira 9)
   SKU 40 -> 14

