Rota do Picker 1: [0, 1, 7, 8, 9, 69, 89, 45, 76, 37, 36, 41, 28, 87, 47, 18, 97, 40, 60, 67, 27, 46, 26, 0]
Rota do Picker 2: [0, 26, 46, 8, 9, 10, 45, 65, 7, 67, 87, 27, 2, 1, 21, 55, 76, 36, 48, 47, 30, 18, 20, 22, 0]
Rota do Picker 3: [0, 1, 8, 9, 30, 50, 7, 27, 26, 46, 45, 18, 40, 76, 96, 60, 19, 87, 65, 21, 36, 0]
Rota do Picker 4: [0, 74, 94, 12, 57, 97, 77, 39, 55, 11, 65, 28, 8, 50, 10, 9, 46, 26, 47, 67, 7, 27, 87, 45, 69, 21, 0]
Rota do Picker 5: [0, 3, 45, 8, 9, 69, 89, 30, 36, 51, 26, 87, 27, 7, 47, 65, 41, 32, 18, 10, 46, 1, 0]
Rota do Picker 6: [0, 1, 22, 2, 51, 12, 89, 46, 26, 45, 76, 97, 3, 83, 67, 87, 9, 10, 47, 27, 8, 7, 21, 41, 74, 17, 36, 19, 59, 40, 18, 57, 37, 55, 32, 0]

Caso de teste: SLAPRP_Guo_small_O100_alpha0.2_v7.txt

Distancia Total: 1012.0
Quantidade de Pickers: 6
