Rota do Picker 1: [0, 7, 27, 45, 64, 18, 20, 97, 3, 21, 55, 28, 10, 38, 2, 37, 65, 11, 46, 40, 79, 60, 51, 59, 98, 39, 36, 0]
Rota do Picker 2: [0, 55, 27, 8, 9, 50, 70, 45, 18, 37, 20, 10, 40, 46, 26, 64, 67, 87, 30, 1, 83, 7, 48, 28, 65, 2, 41, 21, 0]
Rota do Picker 3: [0, 40, 1, 86, 26, 37, 48, 27, 7, 45, 87, 67, 46, 2, 21, 65, 28, 41, 70, 10, 18, 30, 9, 8, 64, 50, 0]
Rota do Picker 4: [0, 46, 45, 20, 1, 28, 10, 50, 60, 76, 37, 7, 8, 27, 18, 38, 2, 9, 40, 0]
Rota do Picker 5: [0, 26, 46, 8, 27, 45, 21, 28, 10, 87, 86, 89, 9, 70, 50, 30, 2, 64, 7, 65, 1, 67, 0]
Rota do Picker 6: [0, 26, 46, 8, 28, 48, 9, 45, 30, 27, 7, 65, 70, 67, 87, 50, 10, 0]
Rota do Picker 7: [0, 87, 1, 64, 30, 20, 7, 40, 76, 18, 50, 9, 46, 26, 2, 37, 27, 65, 60, 45, 67, 8, 55, 10, 0]
Rota do Picker 8: [0, 2, 26, 46, 27, 45, 36, 60, 0]

Caso de teste: SLAPRP_Guo_small_O100_alpha0.2_v10.txt

Distancia Total: 1624.0
Quantidade de Pickers: 8
