Rota do Picker 1: [0, 12, 14, 71, 21, 1, 11, 13, 18, 53, 47, 78, 19, 20, 22, 62, 15, 55, 41, 32, 33, 36, 76, 77, 97, 0]
Rota do Picker 2: [0, 21, 22, 4, 27, 8, 55, 18, 12, 1, 14, 3, 23, 26, 37, 20, 11, 47, 30, 84, 52, 72, 46, 87, 41, 10, 62, 13, 0]
Rota do Picker 3: [0, 4, 53, 93, 19, 43, 20, 36, 76, 47, 77, 3, 23, 35, 34, 33, 13, 2, 46, 62, 97, 18, 22, 32, 55, 15, 12, 11, 1, 0]
Rota do Picker 4: [0, 53, 13, 76, 20, 17, 8, 62, 33, 14, 11, 12, 46, 55, 77, 97, 30, 19, 47, 43, 18, 41, 21, 67, 1, 37, 36, 26, 23, 22, 0]
Rota do Picker 5: [0, 21, 41, 22, 42, 36, 11, 12, 55, 34, 47, 10, 33, 4, 46, 27, 37, 26, 67, 13, 53, 43, 8, 18, 0]
Rota do Picker 6: [0, 22, 46, 8, 10, 20, 21, 26, 27, 87, 41, 47, 62, 4, 24, 1, 23, 30, 2, 43, 11, 3, 0]

Caso de teste: SLAPRP_Guo_small_O100_alpha0.3_v5.txt

Distancia Total: 1364.0
Quantidade de Pickers: 6
