Rota do Picker 1: [0, 1, 41, 4, 24, 6, 26, 43, 27, 23, 81, 61, 7, 45, 46, 5, 65, 21, 25, 63, 8, 64, 44, 0]
Rota do Picker 2: [0, 21, 41, 61, 81, 32, 18, 7, 23, 64, 24, 4, 1, 26, 43, 27, 6, 25, 63, 8, 46, 84, 45, 5, 82, 0]
Rota do Picker 3: [0, 45, 6, 21, 1, 61, 4, 24, 23, 43, 46, 41, 81, 8, 26, 5, 44, 7, 65, 82, 25, 0]
Rota do Picker 4: [0, 7, 1, 41, 61, 24, 45, 83, 82, 23, 81, 5, 43, 4, 21, 44, 63, 64, 84, 6, 26, 0]
Rota do Picker 5: [0, 25, 23, 61, 1, 21, 81, 4, 43, 27, 41, 24, 6, 63, 45, 83, 44, 5, 0]
Rota do Picker 6: [0, 41, 61, 21, 1, 37, 26, 5, 64, 63, 82, 83, 81, 44, 4, 43, 23, 0]
Rota do Picker 7: [0, 83, 44, 26, 82, 81, 45, 63, 25, 5, 43, 23, 64, 24, 4, 61, 41, 21, 1, 0]
Rota do Picker 8: [0, 24, 64, 63, 44, 65, 81, 41, 45, 43, 23, 4, 61, 21, 1, 27, 5, 46, 26, 83, 0]
Rota do Picker 9: [0, 1, 21, 41, 4, 24, 23, 82, 37, 61, 25, 64, 43, 83, 62, 42, 63, 81, 0]
Rota do Picker 10: [0, 45, 24, 64, 82, 65, 44, 4, 27, 83, 23, 46, 6, 63, 43, 25, 5, 61, 1, 7, 41, 21, 26, 8, 0]
Rota do Picker 11: [0, 44, 21, 63, 4, 24, 23, 26, 8, 45, 6, 82, 7, 25, 43, 5, 1, 27, 83, 81, 65, 46, 64, 61, 84, 0]
Rota do Picker 12: [0, 43, 83, 21, 23, 41, 1, 24, 22, 42, 27, 6, 63, 5, 82, 65, 81, 25, 61, 4, 44, 0]

Caso de teste: SLAPRP_Guo_small_O200_alpha0.2_v1.txt

Distancia Total: 1642.0
Quantidade de Pickers: 12
