Rota do Picker 1: [0, 37, 46, 26, 87, 47, 7, 50, 45, 27, 10, 8, 9, 69, 84, 0]
Rota do Picker 2: [0, 11, 55, 57, 59, 20, 19, 36, 30, 7, 27, 87, 8, 9, 69, 10, 21, 41, 2, 93, 40, 39, 18, 75, 32, 12, 0]
Rota do Picker 3: [0, 41, 21, 1, 45, 69, 9, 87, 47, 27, 7, 26, 46, 50, 30, 84, 64, 8, 0]
Rota do Picker 4: [0, 21, 8, 30, 50, 65, 26, 64, 10, 87, 27, 7, 83, 3, 2, 22, 12, 55, 36, 76, 32, 98, 1, 41, 11, 74, 94, 18, 19, 57, 93, 13, 59, 20, 37, 75, 0]
Rota do Picker 5: [0, 41, 45, 8, 30, 9, 46, 26, 21, 2, 7, 27, 87, 65, 69, 3, 37, 0]
Rota do Picker 6: [0, 22, 30, 7, 27, 67, 87, 47, 65, 45, 50, 89, 9, 8, 46, 26, 41, 21, 37, 57, 74, 32, 0]
Rota do Picker 7: [0, 1, 7, 8, 9, 69, 30, 10, 50, 67, 87, 27, 47, 46, 26, 45, 65, 2, 84, 64, 0]
Rota do Picker 8: [0, 37, 20, 67, 83, 21, 84, 64, 8, 9, 50, 30, 10, 7, 47, 65, 45, 87, 27, 26, 22, 41, 0]
Rota do Picker 9: [0, 83, 27, 64, 2, 22, 3, 47, 87, 30, 8, 9, 89, 7, 26, 46, 45, 65, 20, 74, 94, 18, 77, 37, 32, 0]
Rota do Picker 10: [0, 64, 83, 7, 46, 1, 21, 45, 65, 9, 8, 41, 2, 10, 50, 30, 47, 26, 67, 87, 27, 3, 32, 12, 0]
Rota do Picker 11: [0, 41, 1, 45, 65, 8, 87, 7, 27, 9, 10, 69, 46, 84, 64, 21, 20, 0]
Rota do Picker 12: [0, 51, 93, 57, 40, 59, 39, 19, 75, 55, 2, 12, 47, 7, 77, 18, 94, 74, 11, 1, 64, 27, 0]

Caso de teste: SLAPRP_Guo_small_O200_alpha0.3_v8.txt

Distancia Total: 1610.0
Quantidade de Pickers: 12
