Rota do Picker 1: [0, 21, 2, 26, 46, 9, 28, 45, 5, 33, 14, 78, 40, 20, 27, 8, 4, 62, 42, 22, 23, 43, 3, 30, 10, 60, 37, 52, 32, 0]
Rota do Picker 2: [0, 32, 52, 26, 46, 27, 9, 8, 10, 30, 45, 1, 61, 41, 21, 17, 60, 34, 13, 33, 37, 97, 40, 20, 12, 11, 0]
Rota do Picker 3: [0, 22, 42, 62, 9, 28, 45, 20, 60, 40, 15, 32, 23, 3, 43, 14, 78, 10, 4, 46, 26, 21, 1, 0]
Rota do Picker 4: [0, 2, 42, 8, 28, 9, 27, 46, 26, 10, 41, 15, 71, 51, 52, 57, 97, 37, 17, 33, 13, 22, 5, 45, 14, 40, 20, 34, 11, 4, 24, 21, 1, 0]
Rota do Picker 5: [0, 8, 9, 1, 21, 41, 4, 45, 17, 20, 46, 66, 26, 32, 13, 53, 11, 51, 61, 2, 22, 42, 28, 10, 30, 3, 23, 5, 27, 15, 14, 34, 0]
Rota do Picker 6: [0, 17, 78, 52, 32, 23, 46, 26, 2, 22, 42, 8, 9, 10, 27, 43, 24, 4, 5, 3, 37, 57, 94, 34, 14, 1, 62, 11, 0]
Rota do Picker 7: [0, 22, 42, 62, 24, 3, 97, 17, 20, 40, 94, 14, 2, 21, 23, 26, 46, 66, 32, 72, 52, 11, 34, 0]
Rota do Picker 8: [0, 11, 51, 13, 12, 53, 15, 76, 8, 27, 10, 30, 26, 57, 37, 17, 52, 32, 41, 21, 1, 61, 33, 14, 36, 97, 34, 23, 3, 0]
Rota do Picker 9: [0, 21, 41, 61, 37, 11, 72, 52, 32, 14, 62, 42, 2, 22, 5, 26, 46, 45, 13, 53, 33, 60, 20, 17, 23, 43, 36, 0]
Rota do Picker 10: [0, 2, 3, 24, 11, 32, 52, 26, 66, 23, 34, 15, 22, 17, 13, 33, 14, 8, 27, 43, 42, 62, 5, 1, 41, 21, 0]
Rota do Picker 11: [0, 21, 4, 2, 26, 46, 43, 30, 8, 28, 45, 20, 33, 53, 78, 57, 15, 40, 37, 17, 14, 50, 5, 61, 41, 1, 32, 52, 11, 0]

Caso de teste: SLAPRP_Guo_small_O200_alpha0.4_v9.txt

Distancia Total: 1734.0
Quantidade de Pickers: 11
