Rota do Picker 1: [0, 30, 50, 26, 70, 67, 27, 45, 89, 87, 46, 10, 9, 8, 7, 37, 0]
Rota do Picker 2: [0, 10, 37, 8, 9, 67, 57, 40, 22, 30, 59, 50, 47, 26, 45, 1, 84, 41, 19, 65, 60, 46, 87, 27, 7, 21, 0]
Rota do Picker 3: [0, 47, 65, 67, 19, 70, 80, 2, 60, 45, 50, 9, 37, 10, 27, 26, 57, 87, 46, 30, 8, 7, 1, 40, 0]
Rota do Picker 4: [0, 7, 40, 77, 57, 37, 31, 41, 74, 18, 20, 93, 95, 30, 80, 19, 9, 26, 84, 8, 89, 45, 21, 46, 60, 0]
Rota do Picker 5: [0, 8, 27, 47, 87, 60, 26, 46, 67, 9, 45, 7, 21, 50, 30, 10, 1, 0]
Rota do Picker 6: [0, 7, 27, 87, 30, 80, 26, 46, 8, 9, 10, 37, 31, 67, 70, 3, 2, 50, 57, 45, 21, 51, 1, 41, 22, 47, 0]
Rota do Picker 7: [0, 47, 9, 10, 46, 26, 7, 50, 30, 87, 27, 8, 45, 1, 0]

Caso de teste: SLAPRP_Guo_small_O100_alpha0.3_v8.txt

Distancia Total: 1504.0
Quantidade de Pickers: 7
