Rota do Picker 1: [0, 63, 31, 1, 61, 3, 23, 43, 45, 74, 81, 7, 4, 24, 41, 21, 44, 83, 0]
Rota do Picker 2: [0, 21, 41, 61, 3, 43, 63, 23, 83, 22, 6, 24, 65, 81, 45, 5, 4, 1, 2, 42, 64, 82, 75, 26, 84, 0]
Rota do Picker 3: [0, 37, 4, 41, 17, 73, 24, 5, 81, 55, 82, 43, 61, 21, 1, 35, 3, 25, 26, 0]
Rota do Picker 4: [0, 1, 21, 41, 61, 24, 43, 73, 18, 3, 81, 36, 74, 0]
Rota do Picker 5: [0, 1, 21, 61, 74, 33, 71, 11, 83, 18, 93, 36, 51, 37, 43, 75, 55, 17, 12, 72, 95, 35, 3, 0]
Rota do Picker 6: [0, 35, 45, 37, 24, 82, 55, 32, 4, 6, 61, 84, 81, 25, 18, 17, 43, 23, 3, 41, 21, 1, 0]
Rota do Picker 7: [0, 24, 83, 63, 43, 65, 5, 61, 1, 6, 3, 41, 21, 45, 23, 25, 26, 64, 81, 7, 84, 4, 44, 82, 0]
Rota do Picker 8: [0, 63, 62, 6, 4, 24, 45, 73, 26, 25, 64, 44, 81, 83, 61, 1, 82, 43, 23, 3, 41, 21, 75, 35, 0]

Caso de teste: SLAPRP_Guo_small_O100_alpha0.2_v7.txt

Distancia Total: 1226.0
Quantidade de Pickers: 8
