SKUs: 40
Pedidos: 54

Primeiro pedido:
Order(1, [2, 4, 6, 7, 8, 36])

Ultimo pedido:
Order(54, [1, 6, 8, 15, 30])

Location(1, 1, -1, 20)
Location(2, 1, -2, 20)
Location(3, 1, -3, 20)
Location(4, 1, -4, 20)
Location(5, 1, -5, 20)
Location(6, 1, -6, 20)
Location(7, 1, -7, 20)
Location(8, 1, -8, 20)
Location(9, 1, -9, 20)
Location(10, 1, -10, 40)
Location(11, 1, 1, 20)
Location(12, 1, 2, 20)
Location(13, 1, 3, 20)
Location(14, 1, 4, 20)
Location(15, 1, 5, 20)
Location(16, 1, 6, 20)
Location(17, 1, 7, 20)
Location(18, 1, 8, 20)
Location(19, 1, 9, 20)
Location(20, 1, 10, 40)
Location(21, 2, -1, 20)
Location(22, 2, -2, 20)
Location(23, 2, -3, 20)
Location(24, 2, -4, 20)
Location(25, 2, -5, 20)
Location(26, 2, -6, 20)
Location(27, 2, -7, 20)
Location(28, 2, -8, 20)
Location(29, 2, -9, 20)
Location(30, 2, -10, 40)
Location(31, 2, 1, 20)
Location(32, 2, 2, 20)
Location(33, 2, 3, 20)
Location(34, 2, 4, 20)
Location(35, 2, 5, 20)
Location(36, 2, 6, 20)
Location(37, 2, 7, 20)
Location(38, 2, 8, 20)
Location(39, 2, 9, 20)
Location(40, 2, 10, 40)
Location(41, 3, -1, 20)
Location(42, 3, -2, 20)
Location(43, 3, -3, 20)
Location(44, 3, -4, 20)
Location(45, 3, -5, 20)
Location(46, 3, -6, 20)
Location(47, 3, -7, 20)
Location(48, 3, -8, 20)
Location(49, 3, -9, 20)
Location(50, 3, -10, 40)
Location(51, 3, 1, 20)
Location(52, 3, 2, 20)
Location(53, 3, 3, 20)
Location(54, 3, 4, 20)
Location(55, 3, 5, 20)
Location(56, 3, 6, 20)
Location(57, 3, 7, 20)
Location(58, 3, 8, 20)
Location(59, 3, 9, 20)
Location(60, 3, 10, 40)
Location(61, 4, -1, 20)
Location(62, 4, -2, 20)
Location(63, 4, -3, 20)
Location(64, 4, -4, 20)
Location(65, 4, -5, 20)
Location(66, 4, -6, 20)
Location(67, 4, -7, 20)
Location(68, 4, -8, 20)
Location(69, 4, -9, 20)
Location(70, 4, -10, 40)
Location(71, 4, 1, 20)
Location(72, 4, 2, 20)
Location(73, 4, 3, 20)
Location(74, 4, 4, 20)
Location(75, 4, 5, 20)
Location(76, 4, 6, 20)
Location(77, 4, 7, 20)
Location(78, 4, 8, 20)
Location(79, 4, 9, 20)
Location(80, 4, 10, 40)
Location(81, 5, -1, 20)
Location(82, 5, -2, 20)
Location(83, 5, -3, 20)
Location(84, 5, -4, 20)
Location(85, 5, -5, 20)
Location(86, 5, -6, 20)
Location(87, 5, -7, 20)
Location(88, 5, -8, 20)
Location(89, 5, -9, 20)
Location(90, 5, -10, 40)
Location(91, 5, 1, 20)
Location(92, 5, 2, 20)
Location(93, 5, 3, 20)
Location(94, 5, 4, 20)
Location(95, 5, 5, 20)
Location(96, 5, 6, 20)
Location(97, 5, 7, 20)
Location(98, 5, 8, 20)
Location(99, 5, 9, 20)
Location(100, 5, 10, 40)

Frequencias: [30, 24, 31, 23, 25, 24, 20, 21, 1, 3, 3, 7, 4, 1, 6, 3, 2, 2, 3, 1, 3, 4, 3, 1, 5, 4, 3, 1, 7, 3, 8, 4, 4, 2, 2, 1, 1, 3, 3, 0]

Matriz de coocorrencia: 
40×40 Matrix{Int64}:
  0  15  18  11  15  13  15  13  0  2  1  6  3  0  4  2  1  2  1  1  0  3  2  0  2  3  1  0  5  2  3  2  1  2  0  0  1  2  0  0
 15   0  14  11  12  12  13  10  0  1  1  5  3  1  3  1  1  1  0  1  2  0  2  1  2  2  1  1  3  0  4  3  0  2  2  1  0  2  1  0
 18  14   0  14  14  10  10  14  1  1  2  5  2  1  3  3  1  0  1  0  3  1  0  0  4  1  1  0  4  2  5  2  2  1  1  0  1  2  1  0
 11  11  14   0  11  11   7  10  0  2  1  2  3  1  2  1  1  1  2  0  2  0  3  0  1  1  2  1  1  2  4  2  1  0  0  1  0  1  1  0
 15  12  14  11   0  10  13  12  0  0  3  3  1  1  2  2  1  2  2  0  2  3  2  0  2  2  0  1  3  1  6  2  1  1  1  0  0  0  1  0
 13  12  10  11  10   0  10  11  0  1  2  3  2  0  2  0  1  1  0  0  0  2  1  1  2  2  2  1  2  3  4  2  2  0  1  1  0  1  2  0
 15  13  10   7  13  10   0  10  0  1  1  4  0  0  2  2  1  1  1  0  1  2  1  0  3  3  1  1  4  0  1  2  0  2  1  1  0  2  0  0
 13  10  14  10  12  11  10   0  0  1  2  3  2  1  1  3  0  0  0  0  0  2  0  0  2  2  1  0  1  2  2  1  3  0  1  1  0  0  0  0
  0   0   1   0   0   0   0   0  0  0  0  0  0  0  0  0  0  0  0  0  0  0  0  0  0  0  0  0  1  0  0  0  1  0  0  0  0  0  0  0
  2   1   1   2   0   1   1   1  0  0  0  0  0  0  0  0  0  0  1  0  0  0  0  0  0  2  2  0  0  0  0  0  0  0  0  0  0  0  0  0
  1   1   2   1   3   2   1   2  0  0  0  0  0  0  0  0  1  0  0  0  0  1  0  0  0  1  0  0  0  0  2  1  1  0  0  0  0  0  0  0
  6   5   5   2   3   3   4   3  0  0  0  0  2  1  0  0  0  0  0  1  0  1  0  0  0  0  0  0  2  0  0  1  0  1  0  0  0  1  0  0
  3   3   2   3   1   2   0   2  0  0  0  2  0  0  0  0  0  0  0  1  0  0  0  0  0  0  0  0  1  0  0  0  0  0  0  0  0  0  0  0
  0   1   1   1   1   0   0   1  0  0  0  1  0  0  0  0  0  0  0  0  0  0  0  0  0  0  0  0  0  0  0  0  0  0  0  0  0  0  0  0
  4   3   3   2   2   2   2   1  0  0  0  0  0  0  0  0  1  0  0  0  1  0  0  0  0  0  1  0  1  2  2  0  0  1  0  0  1  1  1  0
  2   1   3   1   2   0   2   3  0  0  0  0  0  0  0  0  0  0  0  0  0  0  0  0  1  0  0  0  1  0  0  0  1  0  1  0  0  0  0  0
  1   1   1   1   1   1   1   0  0  0  1  0  0  0  1  0  0  0  0  0  0  0  0  0  0  0  0  0  0  0  1  0  0  1  0  0  0  1  0  0
  2   1   0   1   2   1   1   0  0  0  0  0  0  0  0  0  0  0  0  0  0  0  0  0  0  0  0  0  0  0  1  0  0  0  0  0  0  0  0  0
  1   0   1   2   2   0   1   0  0  1  0  0  0  0  0  0  0  0  0  0  1  0  1  0  1  1  1  0  0  0  0  0  0  0  0  0  0  0  0  0
  1   1   0   0   0   0   0   0  0  0  0  1  1  0  0  0  0  0  0  0  0  0  0  0  0  0  0  0  1  0  0  0  0  0  0  0  0  0  0  0
  0   2   3   2   2   0   1   0  0  0  0  0  0  0  1  0  0  0  1  0  0  0  0  0  1  0  0  0  0  0  1  1  0  0  0  0  0  1  1  0
  3   0   1   0   3   2   2   2  0  0  1  1  0  0  0  0  0  0  0  0  0  0  0  0  1  1  0  0  1  0  1  1  1  0  0  0  0  0  0  0
  2   2   0   3   2   1   1   0  0  0  0  0  0  0  0  0  0  0  1  0  0  0  0  0  0  0  0  0  0  0  1  1  0  0  0  0  0  0  0  0
  0   1   0   0   0   1   0   0  0  0  0  0  0  0  0  0  0  0  0  0  0  0  0  0  1  0  0  0  0  0  0  0  0  0  1  0  0  0  0  0
  2   2   4   1   2   2   3   2  0  0  0  0  0  0  0  1  0  0  1  0  1  1  0  1  0  0  0  0  0  0  1  0  0  0  1  0  0  0  0  0
  3   2   1   1   2   2   3   2  0  2  1  0  0  0  0  0  0  0  1  0  0  1  0  0  0  0  2  0  1  0  0  0  0  0  0  0  0  0  0  0
  1   1   1   2   0   2   1   1  0  2  0  0  0  0  1  0  0  0  1  0  0  0  0  0  0  2  0  0  0  1  0  0  0  0  0  0  0  0  0  0
  0   1   0   1   1   1   1   0  0  0  0  0  0  0  0  0  0  0  0  0  0  0  0  0  0  0  0  0  0  0  0  0  0  0  0  0  0  0  0  0
  5   3   4   1   3   2   4   1  1  0  0  2  1  0  1  1  0  0  0  1  0  1  0  0  0  1  0  0  0  0  0  0  1  0  1  0  0  1  0  0
  2   0   2   2   1   3   0   2  0  0  0  0  0  0  2  0  0  0  0  0  0  0  0  0  0  0  1  0  0  0  0  0  0  0  0  0  0  0  0  0
  3   4   5   4   6   4   1   2  0  0  2  0  0  0  2  0  1  1  0  0  1  1  1  0  1  0  0  0  0  0  0  1  1  0  0  0  1  0  1  0
  2   3   2   2   2   2   2   1  0  0  1  1  0  0  0  0  0  0  0  0  1  1  1  0  0  0  0  0  0  0  1  0  1  1  0  0  0  1  0  0
  1   0   2   1   1   2   0   3  1  0  1  0  0  0  0  1  0  0  0  0  0  1  0  0  0  0  0  0  1  0  1  1  0  0  0  0  0  0  0  0
  2   2   1   0   1   0   2   0  0  0  0  1  0  0  1  0  1  0  0  0  0  0  0  0  0  0  0  0  0  0  0  1  0  0  0  0  0  1  0  0
  0   2   1   0   1   1   1   1  0  0  0  0  0  0  0  1  0  0  0  0  0  0  0  1  1  0  0  0  1  0  0  0  0  0  0  0  0  0  0  0
  0   1   0   1   0   1   1   1  0  0  0  0  0  0  0  0  0  0  0  0  0  0  0  0  0  0  0  0  0  0  0  0  0  0  0  0  0  0  0  0
  1   0   1   0   0   0   0   0  0  0  0  0  0  0  1  0  0  0  0  0  0  0  0  0  0  0  0  0  0  0  1  0  0  0  0  0  0  0  0  0
  2   2   2   1   0   1   2   0  0  0  0  1  0  0  1  0  1  0  0  0  1  0  0  0  0  0  0  0  1  0  0  1  0  1  0  0  0  0  0  0
  0   1   1   1   1   2   0   0  0  0  0  0  0  0  1  0  0  0  0  0  1  0  0  0  0  0  0  0  0  0  1  0  0  0  0  0  0  0  0  0
  0   0   0   0   0   0   0   0  0  0  0  0  0  0  0  0  0  0  0  0  0  0  0  0  0  0  0  0  0  0  0  0  0  0  0  0  0  0  0  0
SKU(30, 206.0, 0.07)
SKU(24, 161.0, 0.08)
SKU(31, 101.0, 0.21)
SKU(23, 129.0, 0.1)
SKU(25, 115.0, 0.13)
SKU(24, 155.0, 0.08)
SKU(20, 150.0, 0.07)
SKU(21, 123.0, 0.11)
SKU(1, 35.0, 0.09)
SKU(3, 26.0, 0.21)
SKU(3, 47.0, 0.11)
SKU(7, 64.0, 0.12)
SKU(4, 34.0, 0.19)
SKU(1, 46.0, 0.07)
SKU(6, 110.0, 0.05)
SKU(3, 57.0, 0.09)
SKU(2, 54.0, 0.08)
SKU(2, 31.0, 0.12)
SKU(3, 18.0, 0.26)
SKU(1, 26.0, 0.17)
SKU(3, 69.0, 0.07)
SKU(4, 43.0, 0.16)
SKU(3, 46.0, 0.1)
SKU(1, 58.0, 0.05)
SKU(5, 57.0, 0.11)
SKU(4, 64.0, 0.09)
SKU(3, 37.0, 0.13)
SKU(1, 30.0, 0.16)
SKU(7, 107.0, 0.06)
SKU(3, 109.0, 0.04)
SKU(8, 53.0, 0.15)
SKU(4, 82.0, 0.06)
SKU(4, 74.0, 0.07)
SKU(2, 73.0, 0.05)
SKU(2, 29.0, 0.12)
SKU(1, 20.0, 0.16)
SKU(1, 61.0, 0.04)
SKU(3, 32.0, 0.14)
SKU(3, 51.0, 0.08)
SKU(0, 19.0, 0.12)

extremidades das matrizes:
S_hat: (-0.22710423303646418, 0.7753940260805018)
S_hat * P: (-0.20533093987052126, 0.7010542340685232)
W * S_hat: (-0.09114047080490047, 1.2362511348822076)
W * S_hat * P: (-0.026819103227524302, 1.1177273274365018)
correlacao{S_hat, S_hat_hat} = 0.943674819723145

Posicao 1 (Corredor 1, Prateleira -1)
   SKU 1 -> 206
   SKU 2 -> 5
   SKU 7 -> 74

Posicao 2 (Corredor 1, Prateleira -2)
   SKU 5 -> 62
   SKU 15 -> 110
   SKU 29 -> 107

Posicao 3 (Corredor 1, Prateleira -3)
   SKU 21 -> 69
   SKU 31 -> 53
   SKU 33 -> 74

Posicao 11 (Corredor 1, Prateleira 1)
   SKU 2 -> 156
   SKU 6 -> 27
   SKU 7 -> 76

Posicao 12 (Corredor 1, Prateleira 2)
   SKU 8 -> 123
   SKU 30 -> 109
   SKU 32 -> 35

Posicao 13 (Corredor 1, Prateleira 3)
   SKU 17 -> 54
   SKU 38 -> 32
   SKU 39 -> 51

Posicao 21 (Corredor 2, Prateleira -1)
   SKU 4 -> 70
   SKU 6 -> 128
   SKU 32 -> 46

Posicao 22 (Corredor 2, Prateleira -2)
   SKU 3 -> 67
   SKU 34 -> 73
   SKU 37 -> 57

Posicao 23 (Corredor 2, Prateleira -3)
   SKU 10 -> 26
   SKU 18 -> 31
   SKU 35 -> 29

Posicao 31 (Corredor 2, Prateleira 1)
   SKU 3 -> 34
   SKU 4 -> 59
   SKU 5 -> 53

Posicao 32 (Corredor 2, Prateleira 2)
   SKU 12 -> 64
   SKU 25 -> 57
   SKU 26 -> 64

Posicao 33 (Corredor 2, Prateleira 3)
   SKU 9 -> 35
   SKU 14 -> 46
   SKU 20 -> 26

Posicao 39 (Corredor 2, Prateleira 9)
   SKU 40 -> 19

Posicao 41 (Corredor 3, Prateleira -1)
   SKU 11 -> 47
   SKU 16 -> 57
   SKU 22 -> 43

Posicao 42 (Corredor 3, Prateleira -2)
   SKU 19 -> 18
   SKU 24 -> 58
   SKU 28 -> 30

Posicao 51 (Corredor 3, Prateleira 1)
   SKU 13 -> 34
   SKU 23 -> 46
   SKU 27 -> 37

Posicao 52 (Corredor 3, Prateleira 2)
   SKU 36 -> 20
   SKU 37 -> 4

Posicao 71 (Corredor 4, Prateleira 1)
   SKU 32 -> 1

