Rota do Picker 1: [0, 36, 47, 74, 42, 22, 10, 55, 28, 40, 4, 71, 76, 1, 66, 45, 2, 30, 19, 96, 20, 83, 27, 46, 26, 3, 11, 0]
Rota do Picker 2: [0, 8, 26, 66, 22, 74, 1, 45, 55, 9, 4, 30, 20, 10, 28, 2, 3, 27, 46, 42, 23, 83, 0]
Rota do Picker 3: [0, 3, 26, 46, 27, 45, 83, 23, 66, 30, 28, 47, 4, 55, 41, 10, 42, 9, 22, 67, 0]
Rota do Picker 4: [0, 27, 67, 55, 20, 3, 2, 13, 71, 22, 93, 31, 51, 10, 41, 26, 46, 0]
Rota do Picker 5: [0, 3, 8, 28, 4, 26, 46, 10, 30, 9, 47, 55, 66, 27, 45, 83, 42, 0]
Rota do Picker 6: [0, 94, 66, 26, 51, 31, 46, 18, 96, 76, 33, 13, 3, 55, 57, 71, 1, 37, 17, 32, 12, 2, 19, 74, 20, 40, 39, 11, 22, 10, 52, 0]
Rota do Picker 7: [0, 67, 87, 42, 22, 61, 74, 41, 1, 77, 27, 4, 66, 2, 23, 83, 11, 19, 13, 10, 31, 21, 93, 20, 96, 36, 45, 30, 28, 39, 40, 46, 26, 3, 47, 0]

Caso de teste: SLAPRP_Guo_small_O100_alpha0.3_v7.txt

Distancia Total: 1534.0
Quantidade de Pickers: 7
