Rota do Picker 1: [0, 1, 11, 31, 51, 20, 12, 33, 13, 21, 41, 22, 2, 3, 0]
Rota do Picker 2: [0, 22, 20, 31, 51, 13, 2, 42, 3, 21, 1, 11, 71, 12, 0]
Rota do Picker 3: [0, 1, 21, 41, 22, 42, 2, 3, 23, 11, 31, 51, 12, 20, 33, 13, 32, 0]
Rota do Picker 4: [0, 31, 32, 12, 13, 2, 23, 3, 1, 21, 41, 11, 33, 20, 0]
Rota do Picker 5: [0, 13, 21, 41, 3, 11, 20, 32, 12, 42, 22, 2, 71, 31, 1, 0]
Rota do Picker 6: [0, 12, 51, 31, 11, 1, 22, 2, 42, 32, 13, 33, 23, 41, 21, 0]
Rota do Picker 7: [0, 3, 2, 22, 13, 33, 71, 51, 31, 21, 41, 1, 12, 32, 11, 0]
Rota do Picker 8: [0, 2, 31, 0]
Rota do Picker 9: [0, 21, 41, 1, 11, 31, 12, 2, 22, 42, 71, 51, 3, 0]
Rota do Picker 10: [0, 31, 51, 20, 32, 12, 11, 21, 1, 41, 33, 3, 22, 42, 2, 0]
Rota do Picker 11: [0, 1, 11, 31, 71, 51, 20, 32, 12, 21, 2, 22, 42, 3, 0]
Rota do Picker 12: [0, 11, 21, 41, 1, 13, 32, 12, 51, 31, 23, 3, 42, 22, 2, 0]
Rota do Picker 13: [0, 1, 21, 13, 32, 11, 31, 71, 51, 33, 12, 22, 2, 3, 41, 0]

Caso de teste: SLAPRP_Guo_small_O200_alpha0.4_v10.txt

Distancia Total: 714.0
Quantidade de Pickers: 13
