Rota do Picker 1: [0, 1, 21, 41, 3, 82, 64, 24, 4, 26, 5, 23, 61, 44, 43, 83, 27, 63, 46, 62, 81, 25, 8, 7, 0]
Rota do Picker 2: [0, 63, 42, 62, 43, 4, 81, 21, 24, 61, 41, 1, 3, 64, 56, 0]
Rota do Picker 3: [0, 62, 44, 83, 24, 23, 3, 21, 82, 8, 7, 4, 61, 41, 1, 43, 5, 27, 64, 63, 65, 6, 26, 45, 0]
Rota do Picker 4: [0, 82, 62, 44, 83, 4, 23, 43, 63, 41, 24, 5, 3, 61, 21, 1, 81, 56, 8, 25, 0]
Rota do Picker 5: [0, 1, 56, 41, 61, 31, 71, 15, 35, 0]
Rota do Picker 6: [0, 25, 46, 27, 65, 45, 26, 62, 64, 8, 83, 7, 5, 24, 4, 61, 44, 6, 43, 3, 41, 21, 1, 0]
Rota do Picker 7: [0, 24, 27, 43, 23, 3, 81, 61, 41, 1, 4, 6, 8, 25, 63, 64, 26, 65, 82, 7, 45, 5, 21, 0]

Caso de teste: SLAPRP_Guo_small_O100_alpha0.4_v3.txt

Distancia Total: 838.0
Quantidade de Pickers: 7
