Rota do Picker 1: [0, 26, 35, 94, 54, 93, 53, 32, 23, 3, 41, 21, 15, 81, 61, 1, 0]
Rota do Picker 2: [0, 1, 41, 61, 14, 54, 74, 21, 34, 17, 63, 16, 94, 73, 75, 18, 13, 33, 36, 95, 53, 92, 55, 15, 72, 32, 12, 35, 6, 37, 23, 0]
Rota do Picker 3: [0, 8, 75, 55, 14, 81, 41, 21, 1, 15, 32, 23, 3, 5, 11, 31, 71, 91, 54, 95, 92, 72, 61, 43, 34, 94, 53, 18, 63, 6, 93, 73, 12, 37, 26, 0]
Rota do Picker 4: [0, 1, 23, 43, 63, 15, 17, 54, 55, 26, 6, 21, 41, 3, 32, 53, 35, 27, 24, 4, 75, 92, 44, 61, 81, 0]
Rota do Picker 5: [0, 21, 41, 3, 23, 5, 32, 15, 35, 0]
Rota do Picker 6: [0, 26, 46, 6, 61, 7, 81, 63, 94, 44, 71, 91, 82, 42, 41, 21, 15, 23, 24, 4, 1, 12, 5, 3, 43, 32, 92, 45, 62, 73, 0]
Rota do Picker 7: [0, 1, 2, 42, 6, 44, 24, 8, 5, 25, 41, 45, 7, 15, 43, 23, 3, 26, 12, 64, 4, 32, 21, 0]
Rota do Picker 8: [0, 91, 71, 72, 32, 81, 61, 21, 1, 41, 15, 62, 4, 5, 55, 0]

Caso de teste: SLAPRP_Guo_small_O100_alpha0.4_v6.txt

Distancia Total: 1248.0
Quantidade de Pickers: 8
