Rota do Picker 1: [0, 37, 43, 41, 17, 23, 3, 61, 21, 1, 81, 5, 54, 74, 55, 63, 56, 16, 36, 14, 0]
Rota do Picker 2: [0, 81, 6, 64, 84, 54, 65, 7, 27, 55, 63, 5, 1, 21, 61, 3, 25, 23, 83, 43, 41, 0]
Rota do Picker 3: [0, 55, 1, 41, 62, 64, 23, 43, 63, 56, 7, 16, 36, 46, 54, 81, 17, 84, 6, 94, 83, 3, 61, 21, 0]
Rota do Picker 4: [0, 61, 23, 43, 64, 41, 27, 81, 21, 26, 25, 7, 24, 5, 45, 8, 16, 65, 46, 6, 63, 3, 1, 0]
Rota do Picker 5: [0, 83, 63, 94, 64, 6, 54, 7, 81, 5, 17, 43, 23, 3, 61, 41, 21, 1, 0]
Rota do Picker 6: [0, 21, 41, 3, 84, 16, 61, 25, 64, 23, 43, 6, 63, 46, 45, 26, 7, 1, 8, 5, 81, 0]

Caso de teste: SLAPRP_Guo_small_O100_alpha0.2_v8.txt

Distancia Total: 974.0
Quantidade de Pickers: 6
