Rota do Picker 1: [0, 21, 7, 27, 87, 8, 37, 84, 36, 65, 45, 26, 41, 30, 60, 46, 9, 1, 10, 2, 22, 69, 20, 67, 85, 0]
Rota do Picker 2: [0, 21, 41, 8, 10, 87, 20, 69, 27, 9, 30, 45, 84, 22, 67, 60, 70, 1, 85, 37, 36, 50, 46, 26, 7, 0]
Rota do Picker 3: [0, 7, 45, 67, 9, 50, 30, 85, 87, 69, 27, 10, 8, 46, 26, 0]
Rota do Picker 4: [0, 7, 26, 46, 20, 21, 45, 27, 50, 3, 83, 87, 60, 84, 36, 10, 9, 85, 67, 41, 65, 37, 8, 0]
Rota do Picker 5: [0, 87, 21, 69, 10, 8, 83, 3, 41, 30, 50, 26, 1, 85, 45, 46, 9, 67, 27, 7, 2, 0]
Rota do Picker 6: [0, 27, 37, 0]
Rota do Picker 7: [0, 31, 70, 22, 50, 41, 26, 87, 8, 2, 30, 46, 45, 69, 10, 9, 27, 7, 1, 0]
Rota do Picker 8: [0, 70, 85, 65, 22, 67, 69, 27, 10, 20, 26, 89, 37, 21, 3, 83, 50, 60, 87, 45, 46, 9, 8, 7, 36, 0]
Rota do Picker 9: [0, 37, 84, 27, 8, 26, 60, 20, 36, 87, 45, 9, 7, 85, 1, 2, 10, 65, 67, 46, 21, 50, 0]
Rota do Picker 10: [0, 41, 31, 98, 40, 96, 65, 59, 13, 3, 77, 36, 22, 17, 7, 21, 32, 93, 20, 75, 2, 1, 50, 10, 37, 18, 94, 74, 12, 27, 0]
Rota do Picker 11: [0, 13, 74, 18, 20, 98, 7, 10, 50, 36, 22, 1, 60, 46, 21, 96, 32, 41, 12, 37, 77, 65, 0]
Rota do Picker 12: [0, 30, 84, 69, 37, 2, 70, 60, 41, 85, 1, 36, 67, 21, 50, 26, 8, 7, 20, 46, 10, 9, 87, 27, 45, 0]
Rota do Picker 13: [0, 10, 27, 87, 30, 69, 7, 67, 45, 70, 50, 89, 9, 8, 46, 26, 32, 0]
Rota do Picker 14: [0, 12, 36, 75, 74, 94, 98, 60, 32, 21, 20, 37, 7, 77, 19, 18, 59, 17, 31, 1, 40, 93, 13, 0]

Caso de teste: SLAPRP_Guo_small_O200_alpha0.4_v10.txt

Distancia Total: 2922.0
Quantidade de Pickers: 14
