Rota do Picker 1: [0, 12, 7, 4, 45, 3, 23, 32, 15, 53, 93, 18, 17, 34, 14, 62, 64, 61, 41, 1, 21, 54, 74, 73, 0]
Rota do Picker 2: [0, 21, 61, 41, 32, 72, 92, 34, 94, 73, 17, 37, 75, 55, 15, 6, 43, 23, 3, 63, 35, 54, 12, 14, 18, 95, 93, 45, 26, 64, 4, 1, 0]
Rota do Picker 3: [0, 4, 5, 1, 21, 41, 42, 82, 14, 34, 74, 17, 55, 2, 61, 81, 32, 72, 92, 62, 24, 6, 45, 25, 23, 63, 54, 36, 35, 3, 44, 94, 15, 12, 0]
Rota do Picker 4: [0, 3, 4, 24, 44, 64, 5, 23, 6, 26, 7, 35, 55, 15, 63, 1, 71, 91, 95, 54, 14, 32, 81, 61, 41, 21, 0]
Rota do Picker 5: [0, 91, 71, 31, 11, 1, 21, 61, 41, 4, 23, 3, 26, 46, 15, 14, 18, 13, 34, 33, 32, 0]
Rota do Picker 6: [0, 1, 21, 32, 4, 64, 8, 14, 15, 55, 75, 35, 33, 13, 24, 3, 27, 6, 23, 43, 63, 17, 36, 16, 12, 72, 5, 81, 61, 41, 0]

Caso de teste: SLAPRP_Guo_small_O100_alpha0.4_v6.txt

Distancia Total: 878.0
Quantidade de Pickers: 6
