Rota do Picker 1: [0, 74, 1, 40, 20, 75, 59, 60, 37, 12, 32, 39, 93, 77, 41, 7, 94, 55, 98, 18, 36, 11, 2, 13, 95, 10, 27, 19, 21, 0]
Rota do Picker 2: [0, 26, 46, 8, 48, 9, 89, 21, 27, 84, 30, 87, 45, 50, 10, 47, 7, 1, 64, 0]
Rota do Picker 3: [0, 27, 45, 21, 36, 8, 46, 26, 40, 7, 9, 48, 2, 30, 87, 19, 64, 50, 84, 39, 10, 1, 47, 37, 0]
Rota do Picker 4: [0, 21, 32, 74, 18, 7, 30, 19, 45, 46, 47, 10, 36, 40, 26, 96, 39, 48, 8, 9, 64, 84, 83, 27, 41, 1, 0]
Rota do Picker 5: [0, 7, 27, 87, 45, 8, 48, 10, 26, 30, 41, 89, 50, 83, 46, 9, 0]
Rota do Picker 6: [0, 1, 41, 7, 27, 87, 30, 26, 84, 2, 8, 9, 89, 47, 21, 39, 22, 45, 10, 46, 48, 0]

Caso de teste: SLAPRP_Guo_small_O100_alpha0.2_v8.txt

Distancia Total: 1272.0
Quantidade de Pickers: 6
