Rota do Picker 1: [0, 1, 0]
Rota do Picker 2: [0, 21, 0]
Rota do Picker 3: [0, 1, 0]
Rota do Picker 4: [0, 41, 61, 22, 15, 19, 57, 62, 42, 5, 25, 6, 18, 38, 83, 43, 63, 23, 3, 21, 1, 0]
Rota do Picker 5: [0, 1, 21, 41, 81, 61, 42, 3, 5, 4, 44, 43, 63, 37, 17, 92, 75, 15, 45, 24, 0]
Rota do Picker 6: [0, 1, 21, 41, 61, 42, 62, 45, 25, 23, 83, 3, 81, 0]
Rota do Picker 7: [0, 1, 21, 41, 61, 3, 23, 43, 63, 4, 64, 42, 0]
Rota do Picker 8: [0, 21, 41, 61, 81, 75, 95, 17, 57, 37, 18, 76, 56, 23, 3, 22, 82, 42, 1, 0]
Rota do Picker 9: [0, 1, 21, 61, 41, 3, 23, 43, 62, 42, 6, 83, 63, 44, 24, 52, 72, 0]
Rota do Picker 10: [0, 1, 61, 41, 5, 16, 76, 18, 24, 25, 23, 3, 81, 57, 37, 17, 15, 82, 42, 21, 0]
Rota do Picker 11: [0, 1, 3, 4, 44, 6, 43, 17, 76, 75, 15, 19, 56, 38, 18, 62, 42, 5, 81, 61, 41, 21, 0]
Rota do Picker 12: [0, 1, 3, 42, 24, 44, 6, 4, 95, 75, 55, 15, 17, 81, 61, 41, 21, 0]
Rota do Picker 13: [0, 21, 41, 61, 81, 1, 3, 23, 42, 62, 82, 13, 51, 35, 15, 18, 17, 57, 0]
Rota do Picker 14: [0, 32, 31, 15, 95, 1, 21, 61, 81, 41, 25, 3, 42, 0]

Caso de teste: SLAPRP_Guo_small_O200_alpha0.4_v1.txt

Distancia Total: 898.0
Quantidade de Pickers: 14
