Rota do Picker 1: [0, 64, 27, 9, 76, 46, 26, 47, 45, 69, 8, 87, 7, 21, 50, 10, 2, 30, 67, 65, 22, 0]
Rota do Picker 2: [0, 32, 94, 57, 47, 18, 98, 10, 60, 75, 50, 1, 13, 36, 59, 74, 7, 20, 55, 11, 2, 65, 41, 30, 39, 77, 37, 93, 12, 21, 0]
Rota do Picker 3: [0, 37, 41, 7, 27, 9, 1, 46, 89, 67, 10, 64, 21, 65, 69, 3, 45, 87, 47, 8, 26, 2, 0]
Rota do Picker 4: [0, 21, 7, 27, 8, 9, 45, 2, 30, 50, 69, 1, 87, 10, 41, 26, 46, 89, 67, 0]
Rota do Picker 5: [0, 11, 75, 7, 10, 87, 40, 26, 20, 1, 21, 41, 8, 9, 65, 57, 64, 83, 3, 30, 36, 47, 22, 2, 37, 50, 46, 60, 76, 67, 27, 45, 0]
Rota do Picker 6: [0, 47, 98, 94, 93, 32, 22, 1, 50, 30, 39, 57, 75, 55, 12, 2, 11, 74, 7, 0]
Rota do Picker 7: [0, 1, 26, 27, 37, 9, 64, 76, 87, 67, 45, 22, 7, 46, 65, 57, 41, 30, 36, 60, 50, 10, 47, 8, 21, 40, 2, 69, 13, 20, 0]
Rota do Picker 8: [0, 60, 10, 21, 26, 64, 8, 13, 50, 2, 27, 87, 57, 32, 46, 69, 7, 83, 3, 1, 37, 30, 9, 65, 45, 20, 47, 11, 0]
Rota do Picker 9: [0, 21, 7, 8, 9, 45, 87, 3, 69, 46, 2, 27, 50, 30, 10, 47, 67, 89, 26, 65, 0]
Rota do Picker 10: [0, 7, 87, 10, 45, 36, 8, 83, 3, 9, 46, 26, 1, 50, 47, 27, 22, 65, 30, 64, 41, 69, 2, 21, 76, 0]
Rota do Picker 11: [0, 21, 26, 46, 9, 30, 67, 57, 41, 37, 64, 89, 7, 8, 45, 36, 60, 50, 87, 27, 76, 69, 1, 2, 10, 32, 0]
Rota do Picker 12: [0, 1, 32, 39, 59, 7, 75, 94, 20, 77, 40, 19, 13, 31, 60, 21, 36, 76, 98, 22, 12, 55, 57, 93, 18, 74, 11, 0]
Rota do Picker 13: [0, 45, 9, 10, 87, 7, 27, 30, 46, 47, 67, 69, 64, 50, 26, 8, 0]

Caso de teste: SLAPRP_Guo_small_O200_alpha0.3_v10.txt

Distancia Total: 3068.0
Quantidade de Pickers: 13
