Rota do Picker 1: [0, 1, 21, 3, 43, 63, 45, 85, 15, 9, 5, 23, 7, 61, 27, 65, 46, 66, 26, 30, 44, 41, 2, 62, 82, 33, 8, 25, 10, 71, 91, 4, 24, 64, 84, 6, 0]
Rota do Picker 2: [0, 1, 3, 23, 63, 12, 52, 15, 91, 13, 2, 72, 68, 21, 41, 61, 26, 84, 53, 43, 45, 65, 14, 34, 8, 33, 81, 0]
Rota do Picker 3: [0, 1, 21, 41, 23, 6, 26, 45, 66, 7, 43, 3, 8, 63, 24, 4, 2, 87, 67, 14, 28, 5, 25, 27, 10, 85, 48, 86, 65, 64, 47, 0]
Rota do Picker 4: [0, 1, 3, 45, 65, 72, 48, 84, 64, 6, 85, 25, 5, 21, 28, 8, 27, 41, 7, 23, 9, 63, 68, 61, 87, 67, 44, 24, 66, 29, 14, 10, 46, 26, 43, 47, 0]
Rota do Picker 5: [0, 1, 21, 63, 7, 14, 8, 61, 41, 71, 51, 4, 24, 64, 84, 34, 3, 43, 65, 15, 45, 25, 67, 32, 52, 9, 10, 91, 33, 13, 6, 23, 53, 72, 81, 0]
Rota do Picker 6: [0, 1, 2, 42, 72, 21, 41, 61, 4, 24, 91, 51, 86, 27, 44, 62, 7, 64, 83, 85, 33, 53, 29, 30, 45, 34, 23, 6, 26, 13, 65, 25, 5, 67, 14, 63, 28, 81, 84, 48, 32, 12, 0]
Rota do Picker 7: [0, 72, 44, 64, 84, 48, 52, 66, 46, 61, 68, 5, 25, 85, 6, 24, 4, 1, 45, 8, 23, 21, 3, 43, 63, 65, 67, 41, 27, 15, 0]
Rota do Picker 8: [0, 41, 5, 25, 6, 27, 47, 26, 65, 10, 1, 29, 7, 24, 4, 61, 66, 84, 44, 9, 8, 85, 45, 21, 67, 63, 2, 48, 28, 3, 30, 43, 23, 51, 0]
Rota do Picker 9: [0, 1, 21, 61, 63, 33, 81, 43, 47, 53, 85, 52, 32, 10, 41, 4, 24, 44, 64, 84, 7, 2, 62, 25, 27, 72, 3, 26, 45, 23, 6, 65, 0]
Rota do Picker 10: [0, 43, 45, 65, 6, 15, 1, 3, 23, 26, 66, 29, 47, 9, 25, 86, 5, 4, 41, 8, 83, 24, 44, 27, 82, 68, 2, 22, 63, 28, 48, 84, 14, 21, 85, 10, 0]
Rota do Picker 11: [0, 21, 3, 43, 63, 45, 65, 33, 1, 8, 14, 72, 53, 46, 27, 61, 23, 15, 13, 25, 6, 24, 4, 41, 91, 47, 51, 66, 86, 84, 31, 32, 52, 85, 28, 44, 64, 0]
Rota do Picker 12: [0, 21, 3, 23, 63, 8, 28, 47, 34, 44, 84, 61, 65, 29, 26, 43, 85, 9, 27, 24, 4, 45, 6, 41, 7, 1, 46, 25, 14, 87, 13, 0]
Rota do Picker 13: [0, 61, 41, 21, 13, 63, 91, 51, 1, 53, 52, 33, 2, 34, 23, 15, 81, 32, 71, 45, 14, 12, 0]

Caso de teste: SLAPRP_Guo_small_O200_alpha0.2_v3.txt

Distancia Total: 3238.0
Quantidade de Pickers: 13
