Rota do Picker 1: [0, 1, 21, 41, 61, 81, 23, 43, 5, 7, 26, 8, 45, 65, 44, 64, 0]
Rota do Picker 2: [0, 1, 23, 63, 7, 62, 21, 41, 61, 5, 25, 43, 83, 26, 46, 6, 0]
Rota do Picker 3: [0, 41, 81, 61, 43, 83, 63, 44, 62, 25, 5, 45, 65, 46, 64, 42, 27, 6, 23, 21, 1, 0]
Rota do Picker 4: [0, 44, 64, 2, 62, 82, 23, 5, 45, 8, 27, 46, 6, 83, 63, 43, 81, 61, 41, 21, 1, 0]
Rota do Picker 5: [0, 82, 25, 5, 1, 21, 41, 61, 81, 43, 83, 63, 6, 44, 7, 23, 0]
Rota do Picker 6: [0, 21, 1, 41, 61, 81, 23, 43, 83, 45, 4, 24, 26, 62, 82, 8, 27, 7, 25, 5, 0]
Rota do Picker 7: [0, 1, 33, 16, 55, 73, 54, 15, 91, 11, 41, 21, 0]

Caso de teste: SLAPRP_Guo_small_O100_alpha0.2_v5.txt

Distancia Total: 542.0
Quantidade de Pickers: 7
