Rota do Picker 1: [0, 41, 3, 17, 33, 0]
Rota do Picker 2: [0, 21, 41, 3, 4, 22, 16, 24, 44, 33, 37, 56, 82, 7, 84, 25, 23, 43, 51, 6, 81, 32, 61, 63, 1, 64, 5, 65, 0]
Rota do Picker 3: [0, 1, 21, 61, 4, 84, 5, 25, 83, 43, 63, 7, 26, 33, 6, 64, 41, 82, 45, 3, 24, 0]
Rota do Picker 4: [0, 16, 82, 3, 41, 33, 21, 61, 93, 18, 24, 56, 36, 37, 1, 0]
Rota do Picker 5: [0, 1, 21, 61, 5, 17, 63, 25, 75, 41, 81, 4, 13, 33, 24, 3, 46, 7, 16, 43, 0]
Rota do Picker 6: [0, 81, 4, 5, 26, 24, 65, 21, 64, 44, 61, 63, 3, 45, 7, 41, 1, 82, 84, 6, 25, 42, 33, 0]
Rota do Picker 7: [0, 21, 41, 61, 5, 24, 33, 17, 1, 3, 4, 16, 36, 45, 84, 6, 81, 43, 25, 18, 26, 75, 63, 64, 0]

Caso de teste: SLAPRP_Guo_small_O100_alpha0.3_v3.txt

Distancia Total: 1030.0
Quantidade de Pickers: 7
