Rota do Picker 1: [0, 21, 61, 81, 4, 23, 26, 65, 27, 64, 44, 83, 43, 5, 45, 3, 1, 41, 51, 71, 8, 25, 42, 22, 2, 0]
Rota do Picker 2: [0, 25, 8, 82, 22, 42, 46, 64, 24, 2, 5, 45, 44, 4, 61, 41, 21, 7, 43, 63, 65, 27, 6, 23, 3, 1, 0]
Rota do Picker 3: [0, 2, 3, 23, 63, 25, 22, 5, 7, 64, 81, 1, 21, 41, 8, 46, 27, 4, 65, 53, 73, 93, 0]
Rota do Picker 4: [0, 1, 5, 45, 6, 8, 82, 22, 42, 2, 46, 23, 3, 63, 24, 4, 41, 21, 0]
Rota do Picker 5: [0, 1, 41, 3, 23, 43, 63, 5, 65, 45, 25, 62, 42, 4, 64, 24, 81, 61, 21, 22, 7, 27, 34, 75, 53, 13, 0]
Rota do Picker 6: [0, 1, 4, 24, 44, 26, 6, 22, 62, 2, 23, 83, 63, 43, 3, 61, 21, 41, 42, 5, 25, 45, 53, 0]
Rota do Picker 7: [0, 21, 3, 23, 43, 5, 22, 2, 25, 65, 35, 75, 55, 34, 36, 56, 16, 17, 6, 7, 64, 26, 41, 81, 61, 1, 0]
Rota do Picker 8: [0, 53, 21, 81, 61, 41, 4, 62, 82, 42, 2, 83, 24, 64, 43, 3, 63, 26, 7, 5, 23, 1, 0]
Rota do Picker 9: [0, 1, 2, 22, 81, 41, 61, 3, 6, 35, 16, 54, 74, 33, 18, 17, 37, 15, 75, 62, 42, 24, 44, 25, 83, 63, 23, 72, 52, 92, 93, 53, 21, 0]
Rota do Picker 10: [0, 27, 63, 1, 21, 26, 5, 23, 3, 2, 4, 25, 6, 22, 42, 8, 64, 24, 81, 61, 41, 72, 92, 0]
Rota do Picker 11: [0, 34, 1, 41, 4, 44, 5, 27, 3, 7, 26, 83, 63, 23, 65, 45, 6, 21, 0]
Rota do Picker 12: [0, 2, 23, 43, 64, 44, 4, 1, 41, 81, 24, 54, 74, 34, 21, 8, 27, 3, 37, 52, 92, 72, 22, 63, 45, 25, 5, 6, 0]
Rota do Picker 13: [0, 21, 34, 33, 53, 73, 12, 32, 15, 55, 56, 16, 51, 91, 71, 31, 11, 41, 81, 1, 42, 43, 23, 5, 3, 0]

Caso de teste: SLAPRP_Guo_small_O200_alpha0.3_v6.txt

Distancia Total: 1484.0
Quantidade de Pickers: 13
