Rota do Picker 1: [0, 1, 41, 61, 3, 23, 63, 83, 15, 55, 92, 72, 93, 33, 44, 7, 25, 8, 6, 24, 43, 46, 26, 5, 4, 62, 42, 21, 0]
Rota do Picker 2: [0, 1, 41, 22, 42, 25, 26, 8, 5, 4, 24, 44, 3, 81, 61, 6, 7, 46, 65, 83, 63, 23, 43, 21, 15, 18, 0]
Rota do Picker 3: [0, 53, 93, 33, 37, 56, 36, 81, 61, 41, 3, 23, 63, 64, 44, 45, 27, 7, 4, 24, 5, 83, 43, 55, 15, 82, 42, 22, 21, 1, 0]
Rota do Picker 4: [0, 1, 21, 3, 23, 22, 82, 42, 52, 12, 32, 72, 92, 74, 15, 73, 33, 7, 24, 44, 83, 62, 41, 64, 4, 5, 34, 0]
Rota do Picker 5: [0, 18, 53, 33, 25, 5, 23, 41, 21, 61, 15, 13, 93, 32, 72, 4, 8, 63, 65, 22, 42, 6, 7, 64, 45, 44, 24, 3, 43, 1, 0]
Rota do Picker 6: [0, 72, 26, 3, 41, 21, 1, 61, 5, 4, 6, 46, 82, 42, 22, 62, 24, 64, 36, 37, 73, 33, 45, 25, 23, 0]
Rota do Picker 7: [0, 25, 61, 1, 3, 23, 43, 6, 4, 24, 44, 21, 41, 22, 62, 5, 27, 7, 54, 37, 36, 16, 15, 33, 13, 56, 93, 52, 71, 91, 0]

Caso de teste: SLAPRP_Guo_small_O100_alpha0.3_v8.txt

Distancia Total: 1000.0
Quantidade de Pickers: 7
