Rota do Picker 1: [0, 52, 96, 33, 20, 13, 32, 14, 34, 17, 94, 71, 22, 47, 55, 57, 37, 12, 1, 10, 0]
Rota do Picker 2: [0, 32, 52, 14, 46, 1, 12, 20, 84, 57, 62, 43, 10, 94, 13, 37, 17, 71, 21, 42, 51, 76, 34, 55, 83, 23, 3, 47, 0]
Rota do Picker 3: [0, 47, 26, 28, 10, 4, 9, 41, 21, 5, 66, 46, 64, 45, 89, 8, 23, 1, 3, 20, 69, 49, 27, 7, 22, 0]
Rota do Picker 4: [0, 22, 97, 14, 76, 18, 52, 96, 94, 57, 34, 20, 37, 1, 17, 55, 32, 12, 33, 47, 0]
Rota do Picker 5: [0, 41, 43, 27, 51, 1, 21, 5, 83, 45, 26, 46, 66, 9, 24, 4, 47, 7, 33, 28, 93, 12, 89, 69, 8, 23, 3, 76, 0]
Rota do Picker 6: [0, 3, 23, 43, 8, 12, 55, 14, 94, 1, 46, 71, 76, 7, 83, 32, 10, 5, 57, 21, 2, 45, 52, 4, 33, 47, 42, 22, 41, 26, 20, 93, 27, 0]

Caso de teste: SLAPRP_Guo_small_O100_alpha0.3_v2.txt

Distancia Total: 1314.0
Quantidade de Pickers: 6
