Rota do Picker 1: [0, 1, 21, 41, 3, 4, 22, 82, 62, 23, 43, 63, 17, 56, 58, 35, 95, 14, 34, 74, 94, 37, 57, 32, 12, 0]
Rota do Picker 2: [0, 21, 41, 81, 36, 96, 55, 17, 77, 37, 15, 1, 32, 35, 75, 95, 16, 19, 39, 33, 13, 54, 34, 14, 12, 23, 3, 0]
Rota do Picker 3: [0, 1, 22, 82, 3, 61, 42, 62, 14, 34, 58, 17, 15, 41, 21, 5, 25, 13, 33, 32, 12, 74, 91, 6, 4, 23, 43, 57, 18, 0]
Rota do Picker 4: [0, 75, 55, 35, 15, 81, 41, 61, 1, 16, 76, 43, 23, 3, 5, 21, 14, 94, 54, 34, 42, 22, 2, 0]
Rota do Picker 5: [0, 1, 21, 41, 32, 54, 74, 15, 35, 55, 38, 18, 94, 24, 44, 4, 62, 42, 22, 43, 63, 12, 33, 13, 77, 34, 14, 25, 6, 3, 0]
Rota do Picker 6: [0, 1, 21, 41, 61, 14, 15, 55, 75, 37, 18, 32, 44, 24, 23, 3, 43, 4, 17, 94, 54, 34, 58, 12, 51, 0]
Rota do Picker 7: [0, 1, 21, 14, 34, 56, 36, 16, 32, 52, 19, 57, 62, 61, 41, 15, 35, 75, 12, 23, 3, 44, 6, 31, 11, 0]
Rota do Picker 8: [0, 21, 15, 95, 75, 73, 93, 53, 33, 13, 1, 3, 23, 43, 16, 56, 96, 35, 55, 77, 17, 37, 44, 24, 4, 61, 41, 14, 18, 57, 32, 0]
Rota do Picker 9: [0, 1, 5, 25, 3, 32, 12, 16, 36, 96, 76, 75, 95, 55, 35, 24, 6, 81, 61, 94, 74, 54, 34, 14, 41, 21, 0]
Rota do Picker 10: [0, 82, 1, 21, 41, 32, 14, 74, 18, 56, 34, 42, 22, 3, 38, 39, 19, 16, 73, 33, 13, 54, 75, 95, 35, 15, 6, 5, 0]
Rota do Picker 11: [0, 21, 32, 14, 19, 5, 3, 23, 12, 15, 35, 13, 94, 74, 56, 16, 4, 44, 54, 34, 41, 1, 22, 42, 0]
Rota do Picker 12: [0, 91, 32, 12, 3, 13, 33, 52, 16, 57, 38, 14, 21, 1, 0]

Caso de teste: SLAPRP_Guo_small_O200_alpha0.2_v4.txt

Distancia Total: 1488.0
Quantidade de Pickers: 12
