Rota do Picker 1: [0, 2, 26, 46, 10, 30, 67, 7, 27, 87, 45, 69, 9, 8, 48, 57, 97, 37, 0]
Rota do Picker 2: [0, 45, 9, 7, 26, 46, 27, 30, 48, 8, 10, 69, 89, 65, 64, 21, 1, 22, 36, 0]
Rota do Picker 3: [0, 1, 21, 41, 8, 10, 27, 37, 97, 36, 74, 12, 57, 96, 87, 7, 65, 45, 50, 89, 9, 26, 46, 2, 0]
Rota do Picker 4: [0, 57, 77, 36, 32, 12, 55, 75, 18, 39, 59, 40, 93, 31, 7, 10, 51, 37, 98, 94, 74, 11, 21, 0]
Rota do Picker 5: [0, 7, 22, 2, 26, 46, 30, 8, 10, 27, 47, 67, 20, 19, 59, 31, 51, 32, 98, 75, 55, 11, 1, 21, 37, 57, 96, 76, 39, 18, 93, 12, 41, 0]
Rota do Picker 6: [0, 2, 45, 8, 9, 69, 41, 21, 26, 46, 7, 27, 47, 87, 30, 10, 84, 64, 1, 0]
Rota do Picker 7: [0, 64, 21, 8, 48, 27, 87, 65, 45, 46, 67, 7, 26, 22, 37, 36, 30, 10, 9, 83, 3, 31, 0]
Rota do Picker 8: [0, 64, 41, 7, 27, 67, 26, 46, 8, 9, 10, 30, 65, 45, 2, 1, 47, 87, 22, 11, 31, 74, 77, 18, 51, 0]
Rota do Picker 9: [0, 12, 94, 19, 57, 7, 9, 84, 64, 83, 3, 8, 48, 47, 27, 40, 26, 46, 67, 87, 50, 65, 45, 0]
Rota do Picker 10: [0, 31, 12, 40, 20, 89, 69, 64, 83, 3, 45, 10, 9, 48, 8, 46, 26, 7, 87, 67, 27, 1, 0]
Rota do Picker 11: [0, 93, 77, 18, 36, 32, 1, 41, 11, 39, 76, 57, 55, 21, 7, 27, 9, 69, 48, 8, 46, 26, 10, 3, 45, 22, 0]

Caso de teste: SLAPRP_Guo_small_O200_alpha0.3_v1.txt

Distancia Total: 1596.0
Quantidade de Pickers: 11
