SKUs: 40
Pedidos: 204

Primeiro pedido:
Order(1, [2, 3, 4, 5, 7, 10])

Ultimo pedido:
Order(204, [4, 5, 7, 8, 16, 21])

Location(1, 1, -1, 20)
Location(2, 1, -2, 20)
Location(3, 1, -3, 20)
Location(4, 1, -4, 20)
Location(5, 1, -5, 20)
Location(6, 1, -6, 20)
Location(7, 1, -7, 20)
Location(8, 1, -8, 20)
Location(9, 1, -9, 20)
Location(10, 1, -10, 40)
Location(11, 1, 1, 20)
Location(12, 1, 2, 20)
Location(13, 1, 3, 20)
Location(14, 1, 4, 20)
Location(15, 1, 5, 20)
Location(16, 1, 6, 20)
Location(17, 1, 7, 20)
Location(18, 1, 8, 20)
Location(19, 1, 9, 20)
Location(20, 1, 10, 40)
Location(21, 2, -1, 20)
Location(22, 2, -2, 20)
Location(23, 2, -3, 20)
Location(24, 2, -4, 20)
Location(25, 2, -5, 20)
Location(26, 2, -6, 20)
Location(27, 2, -7, 20)
Location(28, 2, -8, 20)
Location(29, 2, -9, 20)
Location(30, 2, -10, 40)
Location(31, 2, 1, 20)
Location(32, 2, 2, 20)
Location(33, 2, 3, 20)
Location(34, 2, 4, 20)
Location(35, 2, 5, 20)
Location(36, 2, 6, 20)
Location(37, 2, 7, 20)
Location(38, 2, 8, 20)
Location(39, 2, 9, 20)
Location(40, 2, 10, 40)
Location(41, 3, -1, 20)
Location(42, 3, -2, 20)
Location(43, 3, -3, 20)
Location(44, 3, -4, 20)
Location(45, 3, -5, 20)
Location(46, 3, -6, 20)
Location(47, 3, -7, 20)
Location(48, 3, -8, 20)
Location(49, 3, -9, 20)
Location(50, 3, -10, 40)
Location(51, 3, 1, 20)
Location(52, 3, 2, 20)
Location(53, 3, 3, 20)
Location(54, 3, 4, 20)
Location(55, 3, 5, 20)
Location(56, 3, 6, 20)
Location(57, 3, 7, 20)
Location(58, 3, 8, 20)
Location(59, 3, 9, 20)
Location(60, 3, 10, 40)
Location(61, 4, -1, 20)
Location(62, 4, -2, 20)
Location(63, 4, -3, 20)
Location(64, 4, -4, 20)
Location(65, 4, -5, 20)
Location(66, 4, -6, 20)
Location(67, 4, -7, 20)
Location(68, 4, -8, 20)
Location(69, 4, -9, 20)
Location(70, 4, -10, 40)
Location(71, 4, 1, 20)
Location(72, 4, 2, 20)
Location(73, 4, 3, 20)
Location(74, 4, 4, 20)
Location(75, 4, 5, 20)
Location(76, 4, 6, 20)
Location(77, 4, 7, 20)
Location(78, 4, 8, 20)
Location(79, 4, 9, 20)
Location(80, 4, 10, 40)
Location(81, 5, -1, 20)
Location(82, 5, -2, 20)
Location(83, 5, -3, 20)
Location(84, 5, -4, 20)
Location(85, 5, -5, 20)
Location(86, 5, -6, 20)
Location(87, 5, -7, 20)
Location(88, 5, -8, 20)
Location(89, 5, -9, 20)
Location(90, 5, -10, 40)
Location(91, 5, 1, 20)
Location(92, 5, 2, 20)
Location(93, 5, 3, 20)
Location(94, 5, 4, 20)
Location(95, 5, 5, 20)
Location(96, 5, 6, 20)
Location(97, 5, 7, 20)
Location(98, 5, 8, 20)
Location(99, 5, 9, 20)
Location(100, 5, 10, 40)

Frequencias: [80, 89, 105, 95, 86, 87, 78, 95, 14, 4, 3, 11, 9, 11, 12, 10, 7, 6, 10, 10, 11, 5, 12, 9, 5, 7, 13, 10, 10, 10, 12, 11, 12, 7, 17, 11, 11, 11, 0, 0]

Matriz de coocorrencia: 
40×40 Matrix{Int64}:
  0  41  41  41  37  37  29  41  6  1  1  8  3  2  3  1  2  2  7  2  1  2  7  3  2  5  4  2  4  7  4  4  3  3  6  5  6  5  0  0
 41   0  47  43  41  44  38  49  4  2  1  8  5  6  4  4  3  4  4  4  5  2  5  5  3  3  8  4  6  4  5  6  3  3  7  4  5  5  0  0
 41  47   0  41  47  43  44  41  7  2  1  7  4  6  8  5  3  2  5  3  6  1  7  1  1  4  4  8  6  9  7  4  3  2  8  6  5  4  0  0
 41  43  41   0  42  43  41  42  9  2  2  3  5  6  8  4  2  2  4  5  4  2  4  4  3  4  8  4  7  4  6  4  3  2  8  4  6  5  0  0
 37  41  47  42   0  36  34  38  7  2  1  7  3  7  6  4  0  3  6  2  4  1  5  2  2  4  7  5  5  7  4  9  6  1  9  4  3  3  0  0
 37  44  43  43  36   0  34  50  7  1  1  4  2  6  8  2  2  2  6  5  4  3  6  6  2  4  5  6  5  6  6  6  4  4  7  6  4  5  0  0
 29  38  44  41  34  34   0  38  3  2  1  5  4  7  8  5  4  4  5  4  7  1  2  4  0  2  3  7  3  6  5  4  4  4  9  5  5  3  0  0
 41  49  41  42  38  50  38   0  4  1  2  5  2  6  6  5  5  1  6  4  6  2  6  4  2  2  7  3  5  4  7  5  5  4  8  7  4  9  0  0
  6   4   7   9   7   7   3   4  0  1  0  0  0  1  2  0  0  0  1  1  1  0  2  0  1  2  1  0  2  1  0  0  2  0  1  0  1  0  0  0
  1   2   2   2   2   1   2   1  1  0  0  0  0  0  0  0  0  0  0  0  0  0  0  0  0  0  1  0  0  0  0  0  1  1  1  0  1  0  0  0
  1   1   1   2   1   1   1   2  0  0  0  1  0  0  1  0  0  0  0  0  0  0  0  0  0  0  0  0  0  0  0  1  1  0  0  1  0  1  0  0
  8   8   7   3   7   4   5   5  0  0  1  0  0  0  1  0  0  0  0  1  0  0  1  0  1  0  1  0  1  1  1  3  0  1  2  0  0  0  0  0
  3   5   4   5   3   2   4   2  0  0  0  0  0  0  1  0  0  2  0  1  1  0  1  0  0  0  1  0  1  1  0  0  0  0  1  0  0  0  0  0
  2   6   6   6   7   6   7   6  1  0  0  0  0  0  0  2  0  1  0  0  1  0  0  0  1  2  0  0  1  0  2  1  1  0  2  2  0  0  0  0
  3   4   8   8   6   8   8   6  2  0  1  1  1  0  0  0  0  0  0  0  0  0  1  1  0  0  1  0  1  1  1  0  1  0  1  0  0  1  0  0
  1   4   5   4   4   2   5   5  0  0  0  0  0  2  0  0  0  0  0  1  2  0  1  0  1  0  1  0  0  1  0  0  0  0  2  0  3  1  0  0
  2   3   3   2   0   2   4   5  0  0  0  0  0  0  0  0  0  0  0  0  1  0  0  0  0  0  0  0  0  0  0  0  0  0  0  0  1  0  0  0
  2   4   2   2   3   2   4   1  0  0  0  0  2  1  0  0  0  0  0  1  2  0  0  0  0  0  1  0  0  0  0  0  0  0  0  1  1  0  0  0
  7   4   5   4   6   6   5   6  1  0  0  0  0  0  0  0  0  0  0  0  0  0  0  0  1  0  1  2  0  0  1  0  1  0  0  0  0  0  0  0
  2   4   3   5   2   5   4   4  1  0  0  1  1  0  0  1  0  1  0  0  1  1  0  1  1  0  1  1  1  0  0  0  0  2  2  0  1  1  0  0
  1   5   6   4   4   4   7   6  1  0  0  0  1  1  0  2  1  2  0  1  0  0  2  0  0  1  0  0  0  0  2  0  1  1  1  0  0  0  0  0
  2   2   1   2   1   3   1   2  0  0  0  0  0  0  0  0  0  0  0  1  0  0  0  2  0  0  0  1  0  0  1  0  0  1  0  1  0  0  0  0
  7   5   7   4   5   6   2   6  2  0  0  1  1  0  1  1  0  0  0  0  2  0  0  1  0  0  1  0  1  1  2  0  0  0  1  1  0  0  0  0
  3   5   1   4   2   6   4   4  0  0  0  0  0  0  1  0  0  0  0  1  0  2  1  0  0  0  1  0  0  0  1  0  2  1  1  0  0  1  0  0
  2   3   1   3   2   2   0   2  1  0  0  1  0  1  0  1  0  0  1  1  0  0  0  0  0  0  2  0  0  0  0  0  0  0  1  0  2  0  0  0
  5   3   4   4   4   4   2   2  2  0  0  0  0  2  0  0  0  0  0  0  1  0  0  0  0  0  0  0  1  0  0  1  0  0  2  1  0  0  0  0
  4   8   4   8   7   5   3   7  1  1  0  1  1  0  1  1  0  1  1  1  0  0  1  1  2  0  0  0  1  0  0  0  2  0  1  0  1  1  0  0
  2   4   8   4   5   6   7   3  0  0  0  0  0  0  0  0  0  0  2  1  0  1  0  0  0  0  0  0  1  0  1  1  1  0  0  1  0  0  0  0
  4   6   6   7   5   5   3   5  2  0  0  1  1  1  1  0  0  0  0  1  0  0  1  0  0  1  1  1  0  1  0  1  1  0  1  0  0  0  0  0
  7   4   9   4   7   6   6   4  1  0  0  1  1  0  1  1  0  0  0  0  0  0  1  0  0  0  0  0  1  0  1  2  0  1  0  2  1  0  0  0
  4   5   7   6   4   6   5   7  0  0  0  1  0  2  1  0  0  0  1  0  2  1  2  1  0  0  0  1  0  1  0  1  0  0  2  0  0  0  0  0
  4   6   4   4   9   6   4   5  0  0  1  3  0  1  0  0  0  0  0  0  0  0  0  0  0  1  0  1  1  2  1  0  1  0  3  2  0  1  0  0
  3   3   3   3   6   4   4   5  2  1  1  0  0  1  1  0  0  0  1  0  1  0  0  2  0  0  2  1  1  0  0  1  0  0  0  0  0  2  0  0
  3   3   2   2   1   4   4   4  0  1  0  1  0  0  0  0  0  0  0  2  1  1  0  1  0  0  0  0  0  1  0  0  0  0  0  2  1  0  0  0
  6   7   8   8   9   7   9   8  1  1  0  2  1  2  1  2  0  0  0  2  1  0  1  1  1  2  1  0  1  0  2  3  0  0  0  2  2  0  0  0
  5   4   6   4   4   6   5   7  0  0  1  0  0  2  0  0  0  1  0  0  0  1  1  0  0  1  0  1  0  2  0  2  0  2  2  0  0  0  0  0
  6   5   5   6   3   4   5   4  1  1  0  0  0  0  0  3  1  1  0  1  0  0  0  0  2  0  1  0  0  1  0  0  0  1  2  0  0  0  0  0
  5   5   4   5   3   5   3   9  0  0  1  0  0  0  1  1  0  0  0  1  0  0  0  1  0  0  1  0  0  0  0  1  2  0  0  0  0  0  0  0
  0   0   0   0   0   0   0   0  0  0  0  0  0  0  0  0  0  0  0  0  0  0  0  0  0  0  0  0  0  0  0  0  0  0  0  0  0  0  0  0
  0   0   0   0   0   0   0   0  0  0  0  0  0  0  0  0  0  0  0  0  0  0  0  0  0  0  0  0  0  0  0  0  0  0  0  0  0  0  0  0
SKU(80, 182.0, 0.07)
SKU(89, 176.0, 0.08)
SKU(105, 145.0, 0.21)
SKU(95, 165.0, 0.1)
SKU(86, 146.0, 0.13)
SKU(87, 174.0, 0.08)
SKU(78, 169.0, 0.07)
SKU(95, 171.0, 0.11)
SKU(14, 43.0, 0.09)
SKU(4, 18.0, 0.21)
SKU(3, 27.0, 0.11)
SKU(11, 40.0, 0.12)
SKU(9, 33.0, 0.19)
SKU(11, 61.0, 0.07)
SKU(12, 76.0, 0.05)
SKU(10, 50.0, 0.09)
SKU(7, 43.0, 0.08)
SKU(6, 24.0, 0.12)
SKU(10, 20.0, 0.26)
SKU(10, 30.0, 0.17)
SKU(11, 61.0, 0.07)
SKU(5, 23.0, 0.16)
SKU(12, 49.0, 0.1)
SKU(9, 70.0, 0.05)
SKU(5, 33.0, 0.11)
SKU(7, 40.0, 0.09)
SKU(13, 37.0, 0.13)
SKU(10, 32.0, 0.16)
SKU(10, 67.0, 0.06)
SKU(10, 82.0, 0.04)
SKU(12, 32.0, 0.15)
SKU(11, 67.0, 0.06)
SKU(12, 65.0, 0.07)
SKU(7, 62.0, 0.05)
SKU(17, 46.0, 0.12)
SKU(11, 31.0, 0.16)
SKU(11, 84.0, 0.04)
SKU(11, 27.0, 0.14)
SKU(0, 10.0, 0.08)
SKU(0, 9.0, 0.12)

extremidades das matrizes:
S_hat: (-0.21826261756417553, 0.7056002531972522)
S_hat * P: (-0.21210063319176628, 0.6856797657501088)
W * S_hat: (-0.08808965061630628, 1.1240296302849504)
W * S_hat * P: (-0.024162833737940818, 1.092296055872458)
correlacao{S_hat, S_hat_hat} = 0.9516869240856218

Posicao 1 (Corredor 1, Prateleira -1)
   SKU 2 -> 176
   SKU 6 -> 4
   SKU 7 -> 80

Posicao 2 (Corredor 1, Prateleira -2)
   SKU 5 -> 48
   SKU 8 -> 95
   SKU 30 -> 82

Posicao 3 (Corredor 1, Prateleira -3)
   SKU 14 -> 61
   SKU 29 -> 67
   SKU 35 -> 46

Posicao 11 (Corredor 1, Prateleira 1)
   SKU 1 -> 182
   SKU 6 -> 19
   SKU 7 -> 82

Posicao 12 (Corredor 1, Prateleira 2)
   SKU 5 -> 98
   SKU 15 -> 76
   SKU 37 -> 84

Posicao 13 (Corredor 1, Prateleira 3)
   SKU 16 -> 50
   SKU 31 -> 32
   SKU 36 -> 31

Posicao 18 (Corredor 1, Prateleira 8)
   SKU 40 -> 9

Posicao 21 (Corredor 2, Prateleira -1)
   SKU 4 -> 74
   SKU 6 -> 151
   SKU 7 -> 7

Posicao 22 (Corredor 2, Prateleira -2)
   SKU 3 -> 80
   SKU 23 -> 1
   SKU 34 -> 62

Posicao 23 (Corredor 2, Prateleira -3)
   SKU 20 -> 30
   SKU 26 -> 40
   SKU 38 -> 27

Posicao 31 (Corredor 2, Prateleira 1)
   SKU 3 -> 12
   SKU 4 -> 91
   SKU 8 -> 76

Posicao 32 (Corredor 2, Prateleira 2)
   SKU 3 -> 53
   SKU 24 -> 70
   SKU 32 -> 67

Posicao 33 (Corredor 2, Prateleira 3)
   SKU 17 -> 43
   SKU 18 -> 24
   SKU 22 -> 23

Posicao 41 (Corredor 3, Prateleira -1)
   SKU 9 -> 43
   SKU 21 -> 61
   SKU 33 -> 65

Posicao 42 (Corredor 3, Prateleira -2)
   SKU 13 -> 33
   SKU 19 -> 20
   SKU 25 -> 33

Posicao 51 (Corredor 3, Prateleira 1)
   SKU 12 -> 40
   SKU 23 -> 48
   SKU 27 -> 37

Posicao 52 (Corredor 3, Prateleira 2)
   SKU 10 -> 18
   SKU 11 -> 27
   SKU 28 -> 32

Posicao 66 (Corredor 4, Prateleira -6)
   SKU 39 -> 10

