Rota do Picker 1: [0, 1, 7, 9, 69, 48, 46, 17, 21, 64, 84, 30, 8, 37, 50, 27, 36, 83, 19, 89, 2, 26, 40, 76, 45, 87, 47, 0]
Rota do Picker 2: [0, 7, 37, 0]
Rota do Picker 3: [0, 45, 46, 7, 26, 1, 27, 87, 9, 48, 2, 3, 50, 47, 85, 41, 30, 10, 64, 89, 8, 0]
Rota do Picker 4: [0, 1, 7, 46, 47, 10, 69, 50, 30, 48, 64, 45, 87, 27, 9, 8, 26, 0]
Rota do Picker 5: [0, 7, 27, 46, 45, 36, 76, 3, 83, 10, 37, 94, 1, 2, 50, 89, 26, 64, 17, 69, 9, 48, 8, 19, 87, 47, 41, 0]
Rota do Picker 6: [0, 17, 45, 7, 9, 48, 37, 40, 3, 83, 27, 19, 8, 21, 46, 41, 26, 0]
Rota do Picker 7: [0, 47, 19, 93, 59, 98, 18, 36, 37, 39, 76, 55, 11, 20, 75, 74, 31, 94, 77, 7, 51, 0]

Caso de teste: SLAPRP_Guo_small_O100_alpha0.4_v10.txt

Distancia Total: 1258.0
Quantidade de Pickers: 7
