Rota do Picker 1: [0, 78, 11, 51, 57, 77, 59, 30, 20, 46, 36, 37, 96, 18, 13, 76, 19, 21, 45, 65, 40, 84, 64, 79, 94, 55, 32, 12, 1, 0]
Rota do Picker 2: [0, 28, 64, 30, 49, 50, 20, 1, 89, 10, 45, 21, 7, 8, 26, 46, 66, 27, 84, 9, 69, 37, 0]
Rota do Picker 3: [0, 22, 7, 77, 57, 37, 11, 46, 18, 13, 12, 55, 75, 49, 51, 17, 0]
Rota do Picker 4: [0, 83, 9, 89, 19, 37, 13, 8, 30, 27, 84, 64, 50, 20, 1, 7, 46, 66, 26, 69, 17, 10, 28, 36, 11, 31, 60, 0]
Rota do Picker 5: [0, 26, 27, 47, 55, 94, 60, 64, 7, 84, 20, 19, 17, 8, 46, 36, 45, 11, 31, 51, 75, 10, 12, 96, 76, 22, 37, 66, 49, 89, 13, 0]
Rota do Picker 6: [0, 11, 12, 8, 46, 69, 7, 9, 89, 84, 66, 26, 27, 64, 30, 10, 28, 49, 50, 68, 47, 0]

Caso de teste: SLAPRP_Guo_small_O100_alpha0.4_v9.txt

Distancia Total: 1390.0
Quantidade de Pickers: 6
