Rota do Picker 1: [0, 11, 32, 52, 15, 60, 3, 26, 46, 10, 50, 30, 27, 42, 83, 43, 23, 41, 21, 81, 61, 22, 24, 20, 33, 0]
Rota do Picker 2: [0, 21, 41, 22, 62, 45, 10, 50, 30, 9, 27, 24, 42, 36, 33, 14, 5, 46, 26, 0]
Rota do Picker 3: [0, 21, 41, 43, 83, 26, 46, 27, 5, 4, 13, 36, 20, 60, 10, 30, 50, 24, 22, 23, 3, 62, 42, 1, 0]
Rota do Picker 4: [0, 22, 62, 5, 27, 9, 20, 60, 33, 36, 41, 1, 26, 46, 30, 10, 45, 42, 81, 21, 83, 23, 3, 0]
Rota do Picker 5: [0, 21, 41, 22, 42, 4, 26, 46, 5, 9, 27, 24, 83, 43, 23, 3, 1, 62, 14, 20, 0]
Rota do Picker 6: [0, 20, 21, 41, 61, 3, 43, 83, 22, 42, 62, 4, 26, 46, 45, 30, 10, 9, 27, 24, 23, 1, 0]
Rota do Picker 7: [0, 1, 62, 33, 52, 83, 43, 23, 42, 22, 27, 4, 24, 10, 46, 26, 45, 61, 41, 21, 0]
Rota do Picker 8: [0, 62, 46, 45, 21, 1, 41, 81, 10, 30, 50, 26, 43, 23, 4, 24, 27, 9, 36, 33, 15, 11, 0]
Rota do Picker 9: [0, 43, 1, 41, 22, 42, 62, 23, 83, 10, 9, 30, 3, 61, 81, 46, 26, 27, 45, 21, 0]
Rota do Picker 10: [0, 24, 45, 22, 42, 33, 97, 94, 10, 27, 46, 83, 43, 26, 30, 3, 23, 14, 13, 18, 20, 17, 52, 61, 41, 21, 1, 34, 71, 11, 15, 37, 72, 36, 0]
Rota do Picker 11: [0, 24, 21, 41, 81, 22, 42, 45, 10, 30, 26, 46, 27, 60, 20, 14, 83, 23, 3, 43, 50, 9, 1, 0]
Rota do Picker 12: [0, 61, 1, 42, 24, 15, 33, 13, 94, 18, 40, 20, 17, 37, 53, 52, 32, 11, 81, 21, 41, 50, 10, 45, 26, 62, 22, 0]

Caso de teste: SLAPRP_Guo_small_O200_alpha0.4_v10.txt

Distancia Total: 1592.0
Quantidade de Pickers: 12
