Rota do Picker 1: [0, 21, 41, 22, 20, 40, 78, 36, 33, 3, 61, 32, 37, 39, 84, 47, 8, 43, 30, 10, 26, 62, 42, 1, 0]
Rota do Picker 2: [0, 1, 21, 61, 32, 17, 84, 68, 47, 94, 14, 36, 24, 45, 43, 62, 42, 19, 8, 26, 22, 41, 0]
Rota do Picker 3: [0, 36, 14, 8, 24, 22, 21, 41, 26, 46, 45, 62, 42, 10, 30, 40, 20, 3, 83, 43, 61, 33, 53, 1, 0]
Rota do Picker 4: [0, 1, 21, 41, 22, 24, 8, 46, 26, 45, 3, 5, 9, 30, 10, 4, 42, 62, 0]
Rota do Picker 5: [0, 45, 68, 41, 22, 42, 11, 40, 20, 36, 24, 84, 30, 89, 8, 46, 26, 3, 21, 1, 37, 17, 94, 34, 32, 0]
Rota do Picker 6: [0, 1, 26, 3, 78, 14, 15, 34, 39, 37, 17, 32, 11, 41, 61, 5, 45, 46, 10, 8, 4, 42, 22, 21, 0]
Rota do Picker 7: [0, 1, 14, 17, 97, 20, 96, 37, 39, 11, 61, 41, 22, 42, 62, 26, 10, 4, 45, 46, 21, 78, 40, 32, 0]
Rota do Picker 8: [0, 32, 41, 1, 84, 30, 5, 45, 26, 8, 4, 46, 10, 61, 21, 42, 22, 14, 94, 0]
Rota do Picker 9: [0, 32, 17, 20, 39, 19, 72, 41, 14, 34, 23, 43, 83, 33, 53, 3, 4, 30, 46, 26, 5, 1, 21, 22, 42, 62, 15, 0]
Rota do Picker 10: [0, 1, 14, 33, 39, 84, 62, 61, 21, 41, 22, 26, 8, 24, 36, 40, 15, 11, 42, 45, 0]
Rota do Picker 11: [0, 1, 21, 41, 17, 78, 36, 14, 26, 45, 5, 4, 22, 62, 3, 40, 30, 10, 47, 84, 15, 39, 20, 97, 37, 32, 11, 0]
Rota do Picker 12: [0, 1, 21, 41, 61, 42, 22, 4, 8, 9, 24, 3, 11, 32, 72, 94, 0]

Caso de teste: SLAPRP_Guo_small_O200_alpha0.2_v4.txt

Distancia Total: 1738.0
Quantidade de Pickers: 12
