Rota do Picker 1: [0, 1, 21, 22, 42, 4, 45, 83, 23, 5, 24, 64, 6, 36, 27, 82, 63, 62, 41, 3, 26, 7, 25, 44, 61, 43, 81, 0]
Rota do Picker 2: [0, 63, 25, 73, 27, 24, 26, 6, 42, 7, 5, 43, 23, 1, 82, 64, 65, 22, 4, 44, 46, 61, 45, 8, 41, 21, 2, 0]
Rota do Picker 3: [0, 18, 56, 54, 15, 11, 93, 55, 36, 4, 24, 23, 17, 37, 33, 14, 61, 81, 53, 75, 92, 72, 42, 41, 21, 1, 34, 0]
Rota do Picker 4: [0, 1, 21, 41, 61, 71, 91, 16, 14, 63, 93, 73, 42, 81, 5, 23, 37, 43, 15, 0]
Rota do Picker 5: [0, 62, 27, 43, 8, 42, 44, 63, 4, 22, 82, 83, 1, 61, 24, 64, 26, 45, 81, 21, 41, 5, 25, 6, 23, 7, 0]
Rota do Picker 6: [0, 44, 6, 63, 43, 4, 81, 23, 83, 27, 82, 26, 62, 42, 22, 45, 3, 1, 41, 61, 5, 24, 21, 0]
Rota do Picker 7: [0, 64, 7, 82, 62, 81, 83, 43, 22, 42, 4, 24, 23, 44, 17, 53, 5, 3, 1, 21, 41, 61, 73, 0]

Caso de teste: SLAPRP_Guo_small_O100_alpha0.2_v9.txt

Distancia Total: 1152.0
Quantidade de Pickers: 7
