Rota do Picker 1: [0, 1, 21, 41, 61, 23, 43, 63, 44, 26, 46, 6, 5, 45, 65, 7, 8, 25, 82, 0]
Rota do Picker 2: [0, 41, 61, 81, 42, 62, 25, 8, 46, 6, 23, 43, 64, 44, 5, 7, 21, 1, 0]
Rota do Picker 3: [0, 41, 23, 5, 24, 44, 43, 83, 7, 45, 81, 61, 6, 26, 8, 62, 21, 1, 0]
Rota do Picker 4: [0, 1, 41, 61, 81, 21, 2, 42, 83, 65, 25, 5, 44, 64, 11, 14, 93, 0]
Rota do Picker 5: [0, 1, 21, 41, 61, 81, 23, 43, 27, 6, 5, 63, 82, 64, 7, 18, 0]
Rota do Picker 6: [0, 41, 1, 21, 61, 23, 43, 5, 25, 45, 6, 27, 7, 8, 46, 65, 64, 44, 0]

Caso de teste: SLAPRP_Guo_small_O100_alpha0.3_v2.txt

Distancia Total: 482.0
Quantidade de Pickers: 6
