Rota do Picker 1: [0, 1, 11, 31, 51, 32, 33, 13, 23, 3, 2, 42, 22, 41, 21, 12, 0]
Rota do Picker 2: [0, 3, 23, 52, 32, 12, 31, 11, 22, 2, 1, 21, 41, 33, 13, 0]
Rota do Picker 3: [0, 21, 3, 2, 22, 12, 32, 52, 51, 31, 11, 23, 1, 0]
Rota do Picker 4: [0, 11, 31, 13, 33, 1, 41, 21, 42, 22, 2, 23, 0]
Rota do Picker 5: [0, 3, 23, 1, 21, 41, 2, 42, 22, 13, 12, 32, 52, 11, 51, 31, 0]
Rota do Picker 6: [0, 1, 21, 2, 3, 23, 22, 51, 11, 31, 13, 12, 0]
Rota do Picker 7: [0, 21, 41, 1, 51, 31, 11, 52, 12, 33, 23, 42, 22, 2, 0]
Rota do Picker 8: [0, 1, 21, 2, 42, 22, 32, 33, 13, 12, 31, 11, 0]
Rota do Picker 9: [0, 1, 41, 21, 12, 32, 13, 31, 11, 51, 42, 22, 2, 0]
Rota do Picker 10: [0, 11, 2, 21, 1, 23, 3, 41, 0]
Rota do Picker 11: [0, 1, 21, 41, 2, 12, 32, 13, 51, 31, 11, 0]

Caso de teste: SLAPRP_Guo_small_O200_alpha0.4_v2.txt

Distancia Total: 438.0
Quantidade de Pickers: 11
