Rota do Picker 1: [0, 12, 74, 57, 7, 26, 46, 27, 67, 87, 45, 37, 20, 9, 8, 30, 50, 70, 10, 76, 36, 0]
Rota do Picker 2: [0, 7, 47, 10, 67, 87, 27, 8, 70, 50, 26, 46, 45, 65, 9, 64, 21, 0]
Rota do Picker 3: [0, 18, 37, 10, 30, 9, 89, 67, 45, 64, 96, 36, 87, 46, 26, 70, 50, 8, 27, 7, 2, 1, 0]
Rota do Picker 4: [0, 26, 46, 76, 93, 75, 55, 77, 60, 18, 12, 2, 65, 30, 50, 8, 87, 27, 7, 1, 0]
Rota do Picker 5: [0, 64, 45, 50, 30, 9, 8, 46, 26, 27, 7, 87, 47, 22, 2, 10, 70, 21, 96, 0]
Rota do Picker 6: [0, 1, 21, 83, 37, 36, 20, 76, 26, 8, 30, 10, 7, 27, 87, 9, 50, 46, 45, 0]

Caso de teste: SLAPRP_Guo_small_O100_alpha0.4_v8.txt

Distancia Total: 778.0
Quantidade de Pickers: 6
