Rota do Picker 1: [0, 64, 46, 65, 25, 5, 1, 61, 33, 73, 93, 15, 14, 7, 83, 63, 23, 82, 22, 41, 21, 3, 4, 24, 44, 32, 52, 72, 0]
Rota do Picker 2: [0, 8, 6, 4, 61, 41, 21, 1, 3, 23, 43, 24, 44, 64, 73, 93, 37, 15, 53, 32, 5, 82, 62, 42, 22, 63, 83, 33, 0]
Rota do Picker 3: [0, 4, 25, 3, 24, 5, 42, 62, 82, 61, 81, 56, 17, 52, 32, 92, 53, 31, 72, 65, 27, 83, 23, 1, 21, 41, 33, 93, 91, 0]
Rota do Picker 4: [0, 81, 61, 41, 21, 2, 23, 63, 83, 6, 7, 27, 8, 43, 45, 65, 44, 82, 42, 22, 62, 25, 5, 24, 4, 3, 1, 0]
Rota do Picker 5: [0, 1, 41, 5, 45, 53, 34, 54, 15, 73, 32, 52, 21, 27, 22, 42, 82, 2, 62, 83, 63, 43, 23, 4, 24, 8, 7, 6, 26, 46, 44, 3, 0]
Rota do Picker 6: [0, 12, 32, 16, 18, 17, 33, 53, 36, 52, 72, 54, 74, 56, 13, 24, 64, 44, 5, 27, 43, 3, 26, 4, 81, 61, 1, 21, 41, 22, 42, 73, 93, 91, 0]
Rota do Picker 7: [0, 15, 53, 33, 24, 65, 25, 5, 41, 21, 1, 4, 44, 64, 73, 93, 17, 37, 36, 52, 32, 46, 6, 8, 7, 26, 27, 3, 0]
Rota do Picker 8: [0, 21, 71, 4, 44, 24, 23, 83, 62, 82, 2, 22, 25, 45, 5, 27, 26, 46, 7, 63, 3, 61, 41, 1, 0]
Rota do Picker 9: [0, 81, 21, 42, 22, 25, 46, 26, 24, 4, 64, 2, 1, 41, 61, 3, 23, 43, 63, 53, 93, 18, 54, 92, 74, 36, 16, 52, 32, 0]
Rota do Picker 10: [0, 1, 23, 43, 3, 2, 61, 81, 26, 6, 7, 27, 83, 63, 42, 22, 4, 65, 5, 64, 24, 41, 21, 0]
Rota do Picker 11: [0, 21, 53, 33, 43, 23, 3, 1, 22, 42, 62, 82, 15, 36, 56, 16, 92, 72, 32, 65, 5, 7, 6, 24, 41, 0]
Rota do Picker 12: [0, 81, 1, 21, 35, 14, 5, 24, 4, 41, 61, 6, 64, 62, 42, 25, 45, 46, 8, 44, 7, 3, 63, 83, 32, 92, 72, 43, 23, 52, 53, 73, 93, 36, 51, 11, 0]

Caso de teste: SLAPRP_Guo_small_O200_alpha0.4_v10.txt

Distancia Total: 1624.0
Quantidade de Pickers: 12
