Rota do Picker 1: [0, 1, 21, 41, 5, 25, 45, 7, 67, 87, 27, 10, 3, 23, 63, 83, 13, 33, 53, 72, 52, 32, 66, 26, 6, 2, 4, 24, 15, 29, 0]
Rota do Picker 2: [0, 1, 41, 5, 7, 48, 28, 86, 46, 26, 6, 85, 25, 8, 9, 29, 91, 53, 33, 14, 72, 52, 43, 23, 3, 21, 4, 24, 13, 0]
Rota do Picker 3: [0, 21, 3, 23, 7, 27, 10, 8, 28, 87, 47, 24, 4, 26, 46, 14, 15, 61, 41, 1, 5, 25, 45, 65, 33, 0]
Rota do Picker 4: [0, 1, 21, 41, 61, 23, 12, 32, 22, 25, 29, 9, 86, 66, 26, 81, 2, 27, 47, 67, 65, 85, 45, 5, 44, 24, 4, 6, 7, 8, 0]
Rota do Picker 5: [0, 1, 5, 24, 44, 45, 4, 21, 41, 61, 25, 65, 85, 29, 30, 10, 9, 27, 47, 87, 67, 46, 23, 72, 52, 82, 62, 2, 13, 0]
Rota do Picker 6: [0, 31, 91, 51, 34, 13, 43, 3, 23, 61, 21, 6, 26, 27, 63, 7, 29, 9, 52, 15, 87, 67, 28, 48, 65, 45, 25, 5, 41, 1, 0]
Rota do Picker 7: [0, 21, 41, 5, 45, 85, 25, 47, 27, 44, 1, 61, 81, 33, 53, 13, 24, 4, 66, 26, 6, 2, 23, 3, 8, 28, 48, 10, 29, 64, 84, 34, 0]
Rota do Picker 8: [0, 1, 41, 5, 25, 13, 33, 53, 3, 0]
Rota do Picker 9: [0, 11, 31, 91, 7, 45, 2, 41, 61, 27, 47, 26, 6, 43, 23, 3, 34, 65, 9, 86, 66, 32, 72, 52, 15, 25, 5, 24, 4, 21, 1, 0]
Rota do Picker 10: [0, 3, 43, 65, 9, 29, 85, 45, 25, 5, 81, 61, 21, 41, 1, 6, 26, 86, 24, 4, 13, 14, 34, 47, 7, 23, 63, 66, 10, 30, 52, 32, 12, 0]
Rota do Picker 11: [0, 91, 28, 8, 48, 82, 62, 3, 23, 10, 27, 7, 2, 1, 21, 12, 32, 72, 52, 46, 6, 86, 63, 43, 41, 61, 81, 5, 26, 66, 24, 64, 4, 84, 44, 0]
Rota do Picker 12: [0, 52, 26, 23, 1, 46, 8, 5, 25, 65, 45, 2, 42, 86, 6, 27, 28, 67, 53, 33, 13, 32, 61, 41, 21, 4, 24, 44, 64, 84, 7, 3, 0]
Rota do Picker 13: [0, 81, 1, 21, 41, 23, 63, 83, 7, 6, 26, 86, 66, 64, 44, 3, 43, 46, 67, 87, 10, 8, 9, 14, 13, 33, 15, 0]

Caso de teste: SLAPRP_Guo_small_O200_alpha0.4_v10.txt

Distancia Total: 1756.0
Quantidade de Pickers: 13
