Rota do Picker 1: [0, 7, 27, 87, 46, 60, 80, 40, 19, 45, 89, 9, 8, 26, 2, 30, 50, 10, 47, 67, 0]
Rota do Picker 2: [0, 26, 46, 60, 40, 8, 45, 9, 87, 67, 27, 7, 10, 50, 19, 41, 21, 0]
Rota do Picker 3: [0, 8, 10, 27, 7, 67, 87, 9, 70, 30, 46, 45, 84, 41, 31, 74, 18, 20, 93, 95, 19, 57, 1, 0]
Rota do Picker 4: [0, 21, 3, 27, 67, 9, 7, 47, 87, 46, 26, 8, 10, 50, 22, 41, 1, 0]
Rota do Picker 5: [0, 65, 27, 47, 9, 8, 10, 30, 50, 70, 2, 51, 31, 3, 45, 7, 87, 67, 26, 46, 60, 40, 21, 0]
Rota do Picker 6: [0, 45, 27, 87, 9, 10, 30, 8, 46, 26, 89, 50, 1, 47, 67, 7, 40, 19, 77, 57, 37, 31, 0]
Rota do Picker 7: [0, 21, 7, 10, 27, 87, 46, 37, 60, 19, 57, 45, 50, 8, 1, 26, 84, 9, 30, 70, 59, 22, 2, 0]

Caso de teste: SLAPRP_Guo_small_O100_alpha0.3_v8.txt

Distancia Total: 954.0
Quantidade de Pickers: 7
