Rota do Picker 1: [0, 23, 15, 24, 53, 21, 4, 44, 5, 43, 14, 94, 1, 3, 73, 13, 6, 82, 42, 22, 41, 25, 16, 0]
Rota do Picker 2: [0, 53, 13, 63, 41, 34, 14, 5, 3, 21, 61, 22, 94, 57, 6, 82, 81, 73, 15, 35, 1, 43, 4, 17, 23, 0]
Rota do Picker 3: [0, 41, 81, 22, 15, 55, 1, 14, 34, 96, 18, 73, 13, 94, 4, 16, 76, 53, 24, 37, 61, 44, 21, 62, 17, 57, 3, 19, 43, 54, 0]
Rota do Picker 4: [0, 63, 37, 4, 6, 19, 96, 94, 3, 13, 73, 16, 82, 81, 15, 18, 61, 62, 55, 21, 41, 14, 17, 25, 1, 22, 34, 23, 58, 53, 0]
Rota do Picker 5: [0, 63, 58, 44, 4, 34, 14, 3, 41, 21, 1, 5, 6, 18, 43, 23, 53, 13, 62, 61, 0]
Rota do Picker 6: [0, 1, 13, 53, 73, 18, 43, 61, 38, 21, 14, 34, 94, 58, 63, 41, 22, 74, 37, 17, 19, 16, 76, 96, 57, 75, 3, 81, 54, 0]
Rota do Picker 7: [0, 15, 4, 21, 14, 3, 41, 1, 53, 61, 2, 42, 75, 43, 5, 63, 57, 6, 44, 54, 81, 35, 73, 13, 22, 23, 0]
Rota do Picker 8: [0, 3, 13, 17, 1, 43, 37, 61, 38, 5, 81, 23, 53, 63, 35, 15, 11, 22, 73, 94, 75, 34, 14, 41, 21, 4, 18, 0]
Rota do Picker 9: [0, 14, 23, 6, 4, 13, 24, 1, 61, 82, 21, 43, 63, 91, 15, 22, 44, 5, 3, 41, 62, 0]
Rota do Picker 10: [0, 1, 21, 41, 81, 13, 53, 73, 77, 5, 96, 17, 54, 18, 94, 34, 14, 22, 3, 57, 62, 61, 15, 35, 58, 38, 37, 75, 95, 0]
Rota do Picker 11: [0, 3, 13, 91, 96, 81, 53, 44, 43, 5, 93, 73, 15, 61, 34, 14, 41, 21, 23, 35, 22, 1, 0]
Rota do Picker 12: [0, 94, 13, 5, 3, 61, 15, 53, 73, 1, 14, 75, 23, 6, 34, 54, 17, 62, 22, 41, 21, 43, 0]
Rota do Picker 13: [0, 1, 53, 13, 22, 41, 21, 3, 94, 77, 37, 24, 4, 61, 58, 55, 23, 15, 75, 73, 6, 63, 34, 5, 54, 81, 42, 14, 43, 0]

Caso de teste: SLAPRP_Guo_small_O200_alpha0.2_v4.txt

Distancia Total: 2714.0
Quantidade de Pickers: 13
