Rota do Picker 1: [0, 21, 7, 22, 24, 4, 42, 82, 83, 43, 23, 26, 6, 46, 27, 5, 61, 41, 1, 0]
Rota do Picker 2: [0, 3, 43, 26, 5, 65, 6, 23, 83, 25, 41, 21, 61, 62, 82, 22, 7, 24, 4, 1, 0]
Rota do Picker 3: [0, 1, 21, 41, 61, 14, 34, 74, 54, 75, 33, 93, 72, 45, 8, 27, 7, 23, 63, 43, 5, 65, 25, 4, 44, 64, 3, 0]
Rota do Picker 4: [0, 14, 74, 55, 36, 4, 22, 42, 62, 26, 8, 24, 44, 64, 25, 43, 23, 5, 81, 61, 41, 21, 1, 0]
Rota do Picker 5: [0, 61, 81, 21, 14, 36, 35, 92, 72, 34, 54, 37, 18, 6, 64, 44, 24, 5, 25, 45, 46, 27, 7, 41, 1, 0]
Rota do Picker 6: [0, 21, 41, 45, 83, 22, 42, 62, 4, 7, 27, 46, 6, 24, 44, 56, 54, 74, 34, 25, 5, 43, 23, 1, 0]
Rota do Picker 7: [0, 1, 21, 41, 61, 5, 4, 24, 44, 6, 23, 3, 43, 83, 42, 22, 62, 82, 73, 92, 0]
Rota do Picker 8: [0, 21, 41, 1, 52, 72, 92, 64, 44, 26, 6, 5, 63, 43, 23, 83, 8, 24, 4, 62, 42, 22, 0]
Rota do Picker 9: [0, 1, 21, 41, 61, 14, 74, 34, 33, 53, 93, 37, 54, 56, 16, 75, 55, 15, 72, 52, 12, 0]
Rota do Picker 10: [0, 1, 21, 43, 3, 24, 82, 62, 42, 22, 23, 25, 46, 64, 44, 5, 41, 61, 81, 34, 74, 56, 72, 0]
Rota do Picker 11: [0, 51, 41, 21, 1, 42, 82, 36, 56, 14, 34, 15, 81, 4, 62, 22, 44, 24, 26, 5, 63, 43, 0]

Caso de teste: SLAPRP_Guo_small_O200_alpha0.3_v1.txt

Distancia Total: 1090.0
Quantidade de Pickers: 11
