SKUs: 40
Pedidos: 50

Primeiro pedido:
Order(1, [1, 2, 3, 4, 5, 6, 7, 8])

Ultimo pedido:
Order(50, [2, 3, 4, 14, 35])

Location(1, 1, -1, 20)
Location(2, 1, -2, 20)
Location(3, 1, -3, 20)
Location(4, 1, -4, 20)
Location(5, 1, -5, 20)
Location(6, 1, -6, 20)
Location(7, 1, -7, 20)
Location(8, 1, -8, 20)
Location(9, 1, -9, 20)
Location(10, 1, -10, 40)
Location(11, 1, 1, 20)
Location(12, 1, 2, 20)
Location(13, 1, 3, 20)
Location(14, 1, 4, 20)
Location(15, 1, 5, 20)
Location(16, 1, 6, 20)
Location(17, 1, 7, 20)
Location(18, 1, 8, 20)
Location(19, 1, 9, 20)
Location(20, 1, 10, 40)
Location(21, 2, -1, 20)
Location(22, 2, -2, 20)
Location(23, 2, -3, 20)
Location(24, 2, -4, 20)
Location(25, 2, -5, 20)
Location(26, 2, -6, 20)
Location(27, 2, -7, 20)
Location(28, 2, -8, 20)
Location(29, 2, -9, 20)
Location(30, 2, -10, 40)
Location(31, 2, 1, 20)
Location(32, 2, 2, 20)
Location(33, 2, 3, 20)
Location(34, 2, 4, 20)
Location(35, 2, 5, 20)
Location(36, 2, 6, 20)
Location(37, 2, 7, 20)
Location(38, 2, 8, 20)
Location(39, 2, 9, 20)
Location(40, 2, 10, 40)
Location(41, 3, -1, 20)
Location(42, 3, -2, 20)
Location(43, 3, -3, 20)
Location(44, 3, -4, 20)
Location(45, 3, -5, 20)
Location(46, 3, -6, 20)
Location(47, 3, -7, 20)
Location(48, 3, -8, 20)
Location(49, 3, -9, 20)
Location(50, 3, -10, 40)
Location(51, 3, 1, 20)
Location(52, 3, 2, 20)
Location(53, 3, 3, 20)
Location(54, 3, 4, 20)
Location(55, 3, 5, 20)
Location(56, 3, 6, 20)
Location(57, 3, 7, 20)
Location(58, 3, 8, 20)
Location(59, 3, 9, 20)
Location(60, 3, 10, 40)
Location(61, 4, -1, 20)
Location(62, 4, -2, 20)
Location(63, 4, -3, 20)
Location(64, 4, -4, 20)
Location(65, 4, -5, 20)
Location(66, 4, -6, 20)
Location(67, 4, -7, 20)
Location(68, 4, -8, 20)
Location(69, 4, -9, 20)
Location(70, 4, -10, 40)
Location(71, 4, 1, 20)
Location(72, 4, 2, 20)
Location(73, 4, 3, 20)
Location(74, 4, 4, 20)
Location(75, 4, 5, 20)
Location(76, 4, 6, 20)
Location(77, 4, 7, 20)
Location(78, 4, 8, 20)
Location(79, 4, 9, 20)
Location(80, 4, 10, 40)
Location(81, 5, -1, 20)
Location(82, 5, -2, 20)
Location(83, 5, -3, 20)
Location(84, 5, -4, 20)
Location(85, 5, -5, 20)
Location(86, 5, -6, 20)
Location(87, 5, -7, 20)
Location(88, 5, -8, 20)
Location(89, 5, -9, 20)
Location(90, 5, -10, 40)
Location(91, 5, 1, 20)
Location(92, 5, 2, 20)
Location(93, 5, 3, 20)
Location(94, 5, 4, 20)
Location(95, 5, 5, 20)
Location(96, 5, 6, 20)
Location(97, 5, 7, 20)
Location(98, 5, 8, 20)
Location(99, 5, 9, 20)
Location(100, 5, 10, 40)

Frequencias: [25, 26, 29, 30, 23, 29, 21, 26, 2, 1, 3, 1, 1, 5, 0, 0, 1, 2, 2, 4, 2, 2, 2, 2, 6, 2, 1, 1, 4, 1, 1, 3, 3, 3, 3, 1, 6, 3, 0, 0]

Matriz de coocorrencia: 
40×40 Matrix{Int64}:
  0  16  19  17  13  15  11  14  0  1  0  0  1  3  0  0  1  1  1  3  0  0  1  0  4  1  0  1  1  1  0  1  0  2  0  1  4  2  0  0
 16   0  18  17  14  16  12  15  1  1  2  1  1  5  0  0  1  1  1  2  1  2  1  1  3  1  0  1  2  0  1  1  2  1  2  1  2  2  0  0
 19  18   0  16  15  19  14  19  1  0  1  0  1  2  0  0  1  0  1  2  1  0  0  1  3  1  1  1  1  1  1  1  2  2  2  0  4  2  0  0
 17  17  16   0  12  14  11  14  1  1  1  1  1  4  0  0  1  2  1  3  1  1  1  2  4  1  0  1  2  0  1  2  2  2  2  1  4  2  0  0
 13  14  15  12   0  16   9  14  1  0  2  1  1  0  0  0  0  1  0  1  1  1  1  0  0  1  0  0  2  0  0  0  1  1  1  0  1  1  0  0
 15  16  19  14  16   0  15  17  1  0  1  1  0  2  0  0  0  1  2  2  2  2  0  1  2  0  0  1  3  1  0  1  2  2  1  0  4  2  0  0
 11  12  14  11   9  15   0  14  0  0  2  0  1  2  0  0  1  0  1  2  0  1  1  0  2  1  0  0  1  0  0  1  1  2  2  0  1  1  0  0
 14  15  19  14  14  17  14   0  0  0  3  0  1  2  0  0  1  1  1  2  1  1  0  2  2  1  0  0  2  1  1  0  3  2  1  0  5  2  0  0
  0   1   1   1   1   1   0   0  0  0  0  1  0  0  0  0  0  0  0  0  0  0  0  0  0  0  1  0  1  0  0  1  0  0  0  0  0  0  0  0
  1   1   0   1   0   0   0   0  0  0  0  0  0  1  0  0  0  0  0  1  0  0  0  0  1  0  0  0  0  0  0  1  0  0  0  0  0  0  0  0
  0   2   1   1   2   1   2   3  0  0  0  0  0  1  0  0  0  0  0  0  0  1  0  0  0  1  0  0  0  0  0  0  0  0  1  0  0  0  0  0
  0   1   0   1   1   1   0   0  1  0  0  0  0  0  0  0  0  0  0  0  0  0  0  0  0  0  0  0  1  0  0  0  0  0  0  0  0  0  0  0
  1   1   1   1   1   0   1   1  0  0  0  0  0  0  0  0  0  0  0  0  0  0  0  0  0  0  0  0  0  0  0  0  0  0  0  0  0  0  0  0
  3   5   2   4   0   2   2   2  0  1  1  0  0  0  0  0  0  0  0  1  0  1  0  0  2  0  0  0  0  0  0  1  0  0  1  1  1  0  0  0
  0   0   0   0   0   0   0   0  0  0  0  0  0  0  0  0  0  0  0  0  0  0  0  0  0  0  0  0  0  0  0  0  0  0  0  0  0  0  0  0
  0   0   0   0   0   0   0   0  0  0  0  0  0  0  0  0  0  0  0  0  0  0  0  0  0  0  0  0  0  0  0  0  0  0  0  0  0  0  0  0
  1   1   1   1   0   0   1   1  0  0  0  0  0  0  0  0  0  0  0  0  0  0  0  0  1  0  0  0  0  0  0  0  0  0  0  0  0  0  0  0
  1   1   0   2   1   1   0   1  0  0  0  0  0  0  0  0  0  0  0  0  0  0  0  0  1  0  0  0  0  0  0  0  1  0  0  0  1  0  0  0
  1   1   1   1   0   2   1   1  0  0  0  0  0  0  0  0  0  0  0  0  1  0  0  1  0  0  0  0  1  0  0  0  0  0  0  0  1  0  0  0
  3   2   2   3   1   2   2   2  0  1  0  0  0  1  0  0  0  0  0  0  0  0  0  0  1  0  0  1  0  0  0  1  0  1  0  0  0  1  0  0
  0   1   1   1   1   2   0   1  0  0  0  0  0  0  0  0  0  0  1  0  0  0  0  1  0  0  0  0  1  0  0  0  0  0  0  0  1  0  0  0
  0   2   0   1   1   2   1   1  0  0  1  0  0  1  0  0  0  0  0  0  0  0  0  0  0  0  0  0  0  0  0  0  0  0  0  0  0  0  0  0
  1   1   0   1   1   0   1   0  0  0  0  0  0  0  0  0  0  0  0  0  0  0  0  0  0  0  0  0  1  0  0  0  0  0  0  0  0  0  0  0
  0   1   1   2   0   1   0   2  0  0  0  0  0  0  0  0  0  0  1  0  1  0  0  0  0  0  0  0  1  0  1  0  1  1  0  0  1  0  0  0
  4   3   3   4   0   2   2   2  0  1  0  0  0  2  0  0  1  1  0  1  0  0  0  0  0  0  0  0  0  0  0  1  0  0  0  1  2  0  0  0
  1   1   1   1   1   0   1   1  0  0  1  0  0  0  0  0  0  0  0  0  0  0  0  0  0  0  0  0  0  0  0  0  0  0  1  0  0  0  0  0
  0   0   1   0   0   0   0   0  1  0  0  0  0  0  0  0  0  0  0  0  0  0  0  0  0  0  0  0  0  0  0  1  0  0  0  0  0  0  0  0
  1   1   1   1   0   1   0   0  0  0  0  0  0  0  0  0  0  0  0  1  0  0  0  0  0  0  0  0  0  0  0  0  0  0  0  0  0  1  0  0
  1   2   1   2   2   3   1   2  1  0  0  1  0  0  0  0  0  0  1  0  1  0  1  1  0  0  0  0  0  0  0  0  1  0  0  0  1  0  0  0
  1   0   1   0   0   1   0   1  0  0  0  0  0  0  0  0  0  0  0  0  0  0  0  0  0  0  0  0  0  0  0  0  0  0  0  0  0  0  0  0
  0   1   1   1   0   0   0   1  0  0  0  0  0  0  0  0  0  0  0  0  0  0  0  1  0  0  0  0  0  0  0  0  1  1  0  0  0  0  0  0
  1   1   1   2   0   1   1   0  1  1  0  0  0  1  0  0  0  0  0  1  0  0  0  0  1  0  1  0  0  0  0  0  0  0  1  0  0  0  0  0
  0   2   2   2   1   2   1   3  0  0  0  0  0  0  0  0  0  1  0  0  0  0  0  1  0  0  0  0  1  0  1  0  0  1  0  0  0  0  0  0
  2   1   2   2   1   2   2   2  0  0  0  0  0  0  0  0  0  0  0  1  0  0  0  1  0  0  0  0  0  0  1  0  1  0  0  0  0  0  0  0
  0   2   2   2   1   1   2   1  0  0  1  0  0  1  0  0  0  0  0  0  0  0  0  0  0  1  0  0  0  0  0  1  0  0  0  0  0  0  0  0
  1   1   0   1   0   0   0   0  0  0  0  0  0  1  0  0  0  0  0  0  0  0  0  0  1  0  0  0  0  0  0  0  0  0  0  0  0  0  0  0
  4   2   4   4   1   4   1   5  0  0  0  0  0  1  0  0  0  1  1  0  1  0  0  1  2  0  0  0  1  0  0  0  0  0  0  0  0  1  0  0
  2   2   2   2   1   2   1   2  0  0  0  0  0  0  0  0  0  0  0  1  0  0  0  0  0  0  0  1  0  0  0  0  0  0  0  0  1  0  0  0
  0   0   0   0   0   0   0   0  0  0  0  0  0  0  0  0  0  0  0  0  0  0  0  0  0  0  0  0  0  0  0  0  0  0  0  0  0  0  0  0
  0   0   0   0   0   0   0   0  0  0  0  0  0  0  0  0  0  0  0  0  0  0  0  0  0  0  0  0  0  0  0  0  0  0  0  0  0  0  0  0
SKU(25, 201.0, 0.07)
SKU(26, 187.0, 0.08)
SKU(29, 99.0, 0.21)
SKU(30, 164.0, 0.1)
SKU(23, 122.0, 0.13)
SKU(29, 180.0, 0.08)
SKU(21, 175.0, 0.07)
SKU(26, 146.0, 0.11)
SKU(2, 59.0, 0.09)
SKU(1, 17.0, 0.21)
SKU(3, 47.0, 0.11)
SKU(1, 32.0, 0.12)
SKU(1, 22.0, 0.19)
SKU(5, 82.0, 0.07)
SKU(0, 48.0, 0.05)
SKU(0, 27.0, 0.09)
SKU(1, 46.0, 0.08)
SKU(2, 32.0, 0.12)
SKU(2, 14.0, 0.26)
SKU(4, 47.0, 0.17)
SKU(2, 66.0, 0.07)
SKU(2, 32.0, 0.16)
SKU(2, 42.0, 0.1)
SKU(2, 79.0, 0.05)
SKU(6, 64.0, 0.11)
SKU(2, 53.0, 0.09)
SKU(1, 31.0, 0.13)
SKU(1, 32.0, 0.16)
SKU(4, 91.0, 0.06)
SKU(1, 80.0, 0.04)
SKU(1, 22.0, 0.15)
SKU(3, 75.0, 0.06)
SKU(3, 71.0, 0.07)
SKU(3, 99.0, 0.05)
SKU(3, 41.0, 0.12)
SKU(1, 23.0, 0.16)
SKU(6, 128.0, 0.04)
SKU(3, 35.0, 0.14)
SKU(0, 27.0, 0.08)
SKU(0, 20.0, 0.12)

extremidades das matrizes:
S_hat: (-0.26321469752772725, 0.7802134967070153)
S_hat * P: (-0.25710834335423977, 0.7621132158846419)
W * S_hat: (-0.0764294928261511, 1.2463319542631826)
W * S_hat * P: (-0.00788983382081069, 1.217418126874559)
correlacao{S_hat, S_hat_hat} = 0.9483228510551476

Posicao 1 (Corredor 1, Prateleira -1)
   SKU 1 -> 200
   SKU 2 -> 75

Posicao 2 (Corredor 1, Prateleira -2)
   SKU 3 -> 51
   SKU 8 -> 75
   SKU 37 -> 26

Posicao 3 (Corredor 1, Prateleira -3)
   SKU 20 -> 47
   SKU 25 -> 64
   SKU 32 -> 75

Posicao 11 (Corredor 1, Prateleira 1)
   SKU 2 -> 70
   SKU 6 -> 180

Posicao 12 (Corredor 1, Prateleira 2)
   SKU 5 -> 122
   SKU 29 -> 1
   SKU 37 -> 102

Posicao 13 (Corredor 1, Prateleira 3)
   SKU 18 -> 32
   SKU 23 -> 42
   SKU 30 -> 80

Posicao 21 (Corredor 2, Prateleira -1)
   SKU 2 -> 42
   SKU 4 -> 43
   SKU 7 -> 175

Posicao 22 (Corredor 2, Prateleira -2)
   SKU 3 -> 48
   SKU 24 -> 79
   SKU 29 -> 90

Posicao 23 (Corredor 2, Prateleira -3)
   SKU 12 -> 32
   SKU 17 -> 46
   SKU 22 -> 32

Posicao 31 (Corredor 2, Prateleira 1)
   SKU 1 -> 1
   SKU 4 -> 121
   SKU 8 -> 71

Posicao 32 (Corredor 2, Prateleira 2)
   SKU 14 -> 82
   SKU 33 -> 71
   SKU 34 -> 99

Posicao 33 (Corredor 2, Prateleira 3)
   SKU 13 -> 22
   SKU 27 -> 31
   SKU 31 -> 22

Posicao 34 (Corredor 2, Prateleira 4)
   SKU 40 -> 20

Posicao 41 (Corredor 3, Prateleira -1)
   SKU 11 -> 47
   SKU 21 -> 66
   SKU 35 -> 41

Posicao 42 (Corredor 3, Prateleira -2)
   SKU 10 -> 17
   SKU 19 -> 14
   SKU 28 -> 32

Posicao 51 (Corredor 3, Prateleira 1)
   SKU 9 -> 59
   SKU 26 -> 53
   SKU 38 -> 35

Posicao 52 (Corredor 3, Prateleira 2)
   SKU 36 -> 23

Posicao 94 (Corredor 5, Prateleira 4)
   SKU 39 -> 27

Posicao 99 (Corredor 5, Prateleira 9)
   SKU 16 -> 27

Posicao 100 (Corredor 5, Prateleira 10)
   SKU 15 -> 48

