Rota do Picker 1: [0, 1, 42, 62, 4, 33, 93, 27, 8, 24, 44, 36, 16, 35, 15, 37, 17, 6, 26, 81, 61, 41, 21, 0]
Rota do Picker 2: [0, 42, 64, 44, 24, 41, 21, 1, 61, 54, 34, 17, 35, 55, 22, 63, 23, 4, 5, 45, 52, 92, 0]
Rota do Picker 3: [0, 84, 85, 65, 5, 24, 4, 21, 41, 61, 81, 55, 75, 62, 44, 1, 22, 42, 82, 26, 6, 7, 27, 64, 46, 35, 54, 71, 0]
Rota do Picker 4: [0, 82, 62, 61, 41, 43, 8, 5, 25, 44, 64, 7, 27, 21, 35, 16, 36, 34, 84, 24, 4, 42, 22, 26, 6, 23, 3, 1, 0]
Rota do Picker 5: [0, 1, 4, 24, 44, 42, 82, 62, 41, 21, 22, 64, 7, 54, 34, 43, 23, 3, 46, 6, 26, 8, 52, 92, 72, 31, 0]
Rota do Picker 6: [0, 1, 44, 64, 43, 63, 16, 15, 6, 5, 62, 82, 35, 55, 41, 61, 21, 3, 23, 4, 24, 26, 53, 0]
Rota do Picker 7: [0, 81, 41, 61, 21, 92, 71, 36, 35, 14, 34, 94, 74, 84, 44, 4, 5, 7, 25, 65, 43, 3, 22, 82, 42, 1, 0]

Caso de teste: SLAPRP_Guo_small_O100_alpha0.3_v8.txt

Distancia Total: 890.0
Quantidade de Pickers: 7
