Rota do Picker 1: [0, 64, 8, 48, 9, 30, 27, 45, 46, 26, 87, 47, 7, 49, 69, 68, 20, 40, 0]
Rota do Picker 2: [0, 1, 83, 8, 68, 48, 36, 76, 57, 37, 41, 2, 45, 26, 46, 69, 10, 9, 87, 47, 27, 7, 0]
Rota do Picker 3: [0, 32, 1, 2, 45, 46, 48, 69, 9, 87, 27, 7, 8, 49, 47, 40, 57, 21, 0]
Rota do Picker 4: [0, 20, 2, 26, 46, 48, 68, 30, 10, 8, 64, 89, 69, 9, 7, 87, 47, 27, 45, 1, 21, 0]
Rota do Picker 5: [0, 11, 74, 32, 13, 55, 75, 98, 12, 17, 57, 18, 59, 93, 7, 30, 45, 36, 20, 37, 47, 27, 48, 10, 89, 49, 9, 8, 46, 26, 0]
Rota do Picker 6: [0, 32, 37, 57, 77, 76, 83, 1, 26, 8, 48, 9, 40, 10, 3, 64, 87, 27, 7, 47, 46, 2, 45, 0]

Caso de teste: SLAPRP_Guo_small_O100_alpha0.2_v6.txt

Distancia Total: 858.0
Quantidade de Pickers: 6
