Rota do Picker 1: [0, 7, 27, 46, 9, 45, 47, 1, 8, 10, 69, 89, 30, 26, 50, 48, 28, 41, 87, 0]
Rota do Picker 2: [0, 7, 46, 27, 45, 36, 76, 3, 26, 19, 17, 1, 2, 69, 89, 21, 41, 87, 11, 38, 9, 47, 8, 48, 10, 60, 37, 28, 0]
Rota do Picker 3: [0, 7, 17, 26, 46, 27, 19, 20, 0]
Rota do Picker 4: [0, 27, 87, 26, 19, 89, 21, 64, 84, 30, 28, 48, 9, 69, 60, 51, 31, 37, 17, 2, 1, 36, 40, 50, 8, 46, 76, 45, 47, 7, 0]
Rota do Picker 5: [0, 11, 55, 74, 94, 18, 98, 31, 37, 60, 39, 47, 19, 28, 0]
Rota do Picker 6: [0, 46, 19, 26, 8, 41, 40, 9, 48, 28, 17, 97, 37, 45, 7, 84, 64, 3, 27, 36, 60, 0]
Rota do Picker 7: [0, 30, 85, 10, 31, 1, 26, 46, 8, 9, 27, 45, 2, 28, 48, 7, 47, 87, 11, 21, 0]

Caso de teste: SLAPRP_Guo_small_O100_alpha0.4_v10.txt

Distancia Total: 1268.0
Quantidade de Pickers: 7
