Rota do Picker 1: [0, 2, 7, 27, 87, 26, 46, 45, 50, 10, 89, 8, 9, 69, 20, 78, 40, 17, 1, 0]
Rota do Picker 2: [0, 21, 47, 30, 8, 26, 46, 45, 20, 40, 60, 3, 50, 7, 27, 87, 9, 69, 17, 37, 78, 2, 0]
Rota do Picker 3: [0, 45, 85, 8, 48, 27, 46, 26, 10, 30, 89, 49, 9, 7, 47, 87, 64, 84, 17, 37, 20, 0]
Rota do Picker 4: [0, 21, 26, 46, 10, 8, 48, 7, 27, 87, 9, 69, 45, 85, 47, 96, 60, 1, 17, 0]
Rota do Picker 5: [0, 1, 13, 93, 74, 94, 75, 60, 57, 77, 97, 55, 59, 39, 19, 31, 51, 18, 98, 78, 17, 30, 50, 45, 87, 27, 7, 10, 48, 8, 83, 0]
Rota do Picker 6: [0, 21, 45, 46, 48, 10, 9, 87, 27, 7, 26, 8, 49, 69, 30, 50, 3, 83, 64, 17, 20, 60, 0]
Rota do Picker 7: [0, 51, 74, 94, 18, 37, 57, 77, 20, 31, 84, 64, 45, 89, 9, 8, 26, 1, 21, 13, 93, 75, 55, 11, 59, 39, 36, 97, 17, 47, 27, 46, 7, 0]
Rota do Picker 8: [0, 83, 2, 26, 64, 84, 50, 10, 8, 45, 85, 27, 7, 48, 9, 3, 1, 21, 17, 37, 97, 19, 36, 0]
Rota do Picker 9: [0, 10, 7, 9, 69, 26, 46, 8, 50, 30, 27, 87, 47, 85, 45, 0]
Rota do Picker 10: [0, 45, 83, 3, 78, 37, 49, 10, 27, 47, 26, 46, 30, 9, 48, 8, 7, 21, 1, 0]
Rota do Picker 11: [0, 7, 27, 87, 21, 45, 26, 46, 9, 10, 17, 96, 40, 1, 51, 31, 36, 55, 93, 74, 0]

Caso de teste: SLAPRP_Guo_small_O200_alpha0.4_v2.txt

Distancia Total: 1532.0
Quantidade de Pickers: 11
