Rota do Picker 1: [0, 22, 12, 36, 13, 94, 76, 20, 59, 17, 14, 42, 7, 30, 26, 45, 27, 10, 21, 11, 51, 31, 34, 52, 41, 0]
Rota do Picker 2: [0, 21, 41, 22, 42, 26, 40, 39, 17, 13, 12, 72, 30, 10, 59, 19, 18, 23, 52, 11, 0]
Rota do Picker 3: [0, 22, 84, 10, 21, 1, 72, 20, 40, 59, 39, 19, 17, 12, 2, 0]
Rota do Picker 4: [0, 4, 22, 42, 1, 21, 14, 94, 20, 18, 51, 31, 17, 39, 59, 19, 36, 76, 72, 12, 61, 41, 0]
Rota do Picker 5: [0, 2, 22, 23, 84, 76, 36, 12, 71, 1, 21, 61, 57, 17, 13, 34, 94, 51, 31, 0]
Rota do Picker 6: [0, 2, 41, 1, 51, 71, 17, 18, 39, 59, 19, 33, 36, 20, 57, 72, 52, 22, 21, 13, 12, 0]
Rota do Picker 7: [0, 12, 13, 41, 51, 31, 11, 20, 40, 76, 94, 61, 1, 47, 27, 26, 4, 42, 84, 45, 22, 21, 0]
Rota do Picker 8: [0, 22, 61, 21, 43, 83, 26, 27, 76, 18, 59, 39, 19, 17, 13, 12, 10, 51, 11, 0]
Rota do Picker 9: [0, 22, 1, 11, 31, 12, 72, 17, 40, 39, 13, 52, 76, 14, 83, 67, 8, 23, 47, 10, 30, 41, 21, 27, 26, 45, 7, 0]
Rota do Picker 10: [0, 22, 10, 45, 2, 41, 1, 12, 52, 72, 94, 14, 34, 43, 21, 61, 18, 36, 51, 13, 17, 0]
Rota do Picker 11: [0, 22, 51, 84, 30, 10, 40, 59, 39, 18, 17, 12, 52, 42, 21, 1, 0]

Caso de teste: SLAPRP_Guo_small_O200_alpha0.3_v1.txt

Distancia Total: 1386.0
Quantidade de Pickers: 11
