Rota do Picker 1: [0, 21, 44, 56, 73, 41, 81, 42, 82, 75, 33, 19, 35, 13, 5, 3, 61, 1, 24, 16, 37, 76, 43, 17, 74, 57, 93, 0]
Rota do Picker 2: [0, 1, 3, 13, 43, 83, 81, 82, 73, 4, 5, 57, 76, 56, 44, 6, 62, 21, 41, 61, 23, 42, 25, 35, 17, 0]
Rota do Picker 3: [0, 74, 37, 41, 19, 35, 13, 42, 61, 21, 73, 76, 36, 38, 57, 18, 17, 95, 62, 56, 1, 93, 75, 0]
Rota do Picker 4: [0, 1, 41, 61, 81, 3, 42, 13, 25, 21, 43, 82, 4, 35, 45, 16, 24, 23, 6, 5, 63, 0]
Rota do Picker 5: [0, 38, 25, 73, 75, 24, 36, 74, 43, 4, 61, 57, 41, 21, 42, 44, 13, 35, 16, 81, 5, 3, 1, 95, 0]
Rota do Picker 6: [0, 38, 64, 55, 25, 63, 35, 23, 3, 6, 82, 17, 76, 93, 13, 45, 5, 1, 75, 16, 42, 44, 4, 61, 41, 21, 37, 73, 0]
Rota do Picker 7: [0, 18, 62, 17, 4, 24, 19, 75, 37, 81, 64, 38, 21, 41, 61, 36, 1, 13, 73, 35, 6, 3, 42, 0]
Rota do Picker 8: [0, 82, 44, 24, 4, 6, 83, 64, 43, 41, 23, 63, 45, 13, 25, 5, 62, 81, 1, 42, 3, 61, 21, 0]
Rota do Picker 9: [0, 56, 73, 42, 62, 21, 81, 3, 43, 35, 76, 57, 37, 13, 25, 5, 61, 41, 1, 16, 36, 64, 24, 18, 23, 74, 0]
Rota do Picker 10: [0, 75, 93, 25, 64, 56, 81, 82, 38, 83, 43, 21, 35, 3, 61, 41, 5, 73, 13, 42, 1, 0]
Rota do Picker 11: [0, 6, 24, 73, 1, 21, 41, 61, 62, 64, 16, 63, 43, 56, 4, 81, 3, 83, 13, 35, 42, 44, 57, 0]
Rota do Picker 12: [0, 18, 6, 73, 1, 25, 17, 76, 44, 16, 74, 38, 19, 42, 45, 75, 37, 93, 3, 81, 61, 35, 13, 41, 21, 95, 4, 0]
Rota do Picker 13: [0, 21, 61, 3, 6, 42, 13, 35, 23, 82, 75, 1, 62, 73, 55, 4, 5, 41, 17, 63, 44, 81, 0]

Caso de teste: SLAPRP_Guo_small_O200_alpha0.3_v10.txt

Distancia Total: 2652.0
Quantidade de Pickers: 13
