Rota do Picker 1: [0, 82, 6, 1, 5, 4, 3, 23, 63, 21, 65, 22, 42, 45, 7, 44, 62, 41, 8, 52, 24, 64, 43, 83, 25, 0]
Rota do Picker 2: [0, 52, 2, 82, 62, 42, 22, 1, 81, 43, 64, 24, 44, 23, 3, 4, 63, 25, 5, 61, 41, 21, 0]
Rota do Picker 3: [0, 56, 63, 23, 93, 73, 42, 22, 41, 21, 1, 3, 43, 52, 74, 92, 5, 75, 18, 8, 62, 55, 64, 26, 45, 91, 71, 54, 6, 81, 61, 0]
Rota do Picker 4: [0, 25, 82, 62, 46, 63, 83, 44, 64, 6, 52, 65, 81, 43, 45, 5, 61, 8, 42, 23, 3, 41, 21, 1, 4, 24, 26, 22, 0]
Rota do Picker 5: [0, 41, 42, 24, 43, 83, 46, 4, 26, 1, 3, 23, 62, 5, 7, 21, 22, 25, 45, 44, 65, 82, 54, 8, 63, 6, 0]
Rota do Picker 6: [0, 23, 6, 24, 4, 43, 25, 64, 44, 5, 3, 1, 42, 62, 46, 27, 41, 61, 7, 21, 45, 65, 26, 63, 83, 8, 0]
Rota do Picker 7: [0, 65, 42, 83, 43, 1, 27, 82, 62, 23, 61, 41, 21, 3, 63, 22, 44, 6, 81, 25, 5, 26, 4, 24, 0]
Rota do Picker 8: [0, 82, 1, 27, 3, 5, 25, 6, 23, 42, 64, 7, 65, 21, 63, 4, 83, 45, 26, 44, 24, 43, 0]
Rota do Picker 9: [0, 1, 21, 22, 42, 62, 25, 75, 43, 27, 5, 81, 61, 74, 52, 82, 65, 45, 23, 3, 41, 63, 44, 64, 0]
Rota do Picker 10: [0, 34, 61, 1, 14, 41, 21, 75, 55, 43, 3, 71, 23, 33, 53, 93, 56, 91, 35, 32, 12, 16, 17, 73, 18, 54, 37, 52, 74, 92, 15, 22, 72, 0]
Rota do Picker 11: [0, 6, 3, 42, 63, 65, 41, 22, 26, 46, 25, 81, 1, 21, 23, 43, 4, 27, 61, 62, 82, 5, 8, 64, 44, 52, 7, 93, 11, 24, 0]
Rota do Picker 12: [0, 1, 41, 61, 81, 51, 71, 13, 91, 23, 72, 35, 22, 42, 5, 18, 37, 4, 24, 55, 92, 21, 34, 75, 52, 43, 3, 14, 0]

Caso de teste: SLAPRP_Guo_small_O200_alpha0.3_v8.txt

Distancia Total: 2154.0
Quantidade de Pickers: 12
