Rota do Picker 1: [0, 1, 26, 46, 45, 13, 8, 28, 48, 9, 85, 60, 27, 36, 40, 10, 7, 84, 64, 47, 22, 11, 19, 50, 30, 21, 0]
Rota do Picker 2: [0, 64, 8, 27, 47, 21, 26, 46, 28, 9, 10, 36, 48, 7, 85, 45, 89, 2, 3, 1, 50, 30, 41, 0]
Rota do Picker 3: [0, 20, 59, 60, 40, 19, 74, 18, 41, 12, 28, 98, 39, 36, 55, 1, 0]
Rota do Picker 4: [0, 9, 3, 28, 85, 1, 69, 50, 87, 47, 27, 7, 45, 30, 48, 8, 46, 26, 22, 0]
Rota do Picker 5: [0, 8, 46, 27, 45, 60, 12, 55, 74, 94, 28, 26, 9, 20, 40, 48, 0]
Rota do Picker 6: [0, 46, 9, 45, 13, 3, 19, 47, 1, 27, 87, 11, 8, 28, 48, 21, 30, 85, 22, 10, 7, 26, 2, 0]
Rota do Picker 7: [0, 19, 45, 10, 46, 7, 36, 87, 27, 9, 8, 21, 40, 85, 26, 60, 48, 28, 1, 3, 69, 11, 32, 30, 41, 20, 22, 89, 2, 0]
Rota do Picker 8: [0, 1, 45, 26, 46, 8, 28, 48, 9, 7, 27, 69, 2, 21, 30, 47, 89, 3, 10, 50, 87, 0]
Rota do Picker 9: [0, 26, 46, 27, 36, 40, 2, 87, 37, 50, 76, 89, 8, 28, 1, 69, 19, 11, 30, 20, 85, 32, 48, 41, 21, 13, 47, 60, 45, 9, 7, 0]
Rota do Picker 10: [0, 26, 46, 27, 19, 20, 11, 8, 45, 60, 1, 12, 74, 94, 18, 28, 36, 40, 55, 75, 98, 50, 37, 59, 13, 39, 0]
Rota do Picker 11: [0, 7, 8, 9, 47, 27, 50, 26, 30, 48, 89, 69, 85, 10, 28, 46, 45, 21, 0]
Rota do Picker 12: [0, 8, 28, 48, 36, 40, 11, 50, 46, 41, 20, 37, 27, 10, 9, 7, 12, 85, 3, 13, 21, 69, 89, 1, 30, 47, 87, 22, 60, 45, 26, 0]

Caso de teste: SLAPRP_Guo_small_O200_alpha0.4_v6.txt

Distancia Total: 2618.0
Quantidade de Pickers: 12
