Rota do Picker 1: [0, 41, 10, 26, 46, 8, 28, 67, 65, 87, 48, 30, 47, 27, 1, 45, 89, 69, 9, 7, 21, 84, 0]
Rota do Picker 2: [0, 46, 28, 48, 11, 67, 26, 27, 8, 7, 47, 87, 9, 10, 45, 3, 21, 30, 49, 0]
Rota do Picker 3: [0, 7, 8, 27, 3, 57, 12, 55, 47, 46, 67, 40, 1, 10, 45, 20, 87, 51, 28, 26, 17, 48, 69, 9, 2, 65, 18, 0]
Rota do Picker 4: [0, 57, 37, 9, 8, 13, 40, 17, 45, 67, 48, 31, 97, 20, 10, 87, 47, 2, 39, 18, 12, 46, 26, 27, 7, 1, 0]
Rota do Picker 5: [0, 9, 28, 48, 10, 27, 46, 7, 89, 65, 30, 8, 69, 67, 87, 49, 45, 0]
Rota do Picker 6: [0, 84, 37, 87, 11, 7, 13, 67, 41, 17, 27, 65, 45, 57, 10, 26, 47, 21, 8, 28, 48, 9, 69, 20, 2, 46, 30, 32, 51, 0]
Rota do Picker 7: [0, 87, 41, 2, 64, 8, 28, 49, 65, 9, 51, 45, 46, 26, 27, 7, 21, 47, 30, 84, 1, 11, 3, 10, 48, 13, 67, 0]
Rota do Picker 8: [0, 7, 47, 40, 28, 51, 10, 55, 39, 67, 2, 1, 94, 74, 98, 21, 27, 46, 59, 20, 84, 64, 18, 77, 57, 12, 26, 3, 17, 0]
Rota do Picker 9: [0, 12, 57, 77, 10, 1, 17, 39, 37, 97, 38, 20, 36, 31, 98, 94, 74, 13, 59, 40, 18, 55, 11, 0]
Rota do Picker 10: [0, 2, 7, 46, 27, 13, 57, 32, 96, 41, 30, 31, 11, 47, 67, 87, 37, 20, 89, 69, 97, 76, 9, 1, 40, 45, 26, 10, 3, 38, 59, 17, 48, 28, 8, 0]
Rota do Picker 11: [0, 8, 28, 48, 9, 26, 45, 49, 10, 47, 89, 7, 27, 46, 30, 69, 67, 87, 65, 0]
Rota do Picker 12: [0, 87, 65, 89, 21, 57, 30, 47, 2, 69, 1, 3, 11, 49, 84, 48, 10, 27, 7, 51, 45, 9, 28, 8, 46, 26, 40, 67, 0]
Rota do Picker 13: [0, 13, 18, 39, 7, 67, 32, 46, 27, 37, 20, 51, 55, 10, 0]

Caso de teste: SLAPRP_Guo_small_O200_alpha0.2_v2.txt

Distancia Total: 2882.0
Quantidade de Pickers: 13
