Rota do Picker 1: [0, 1, 21, 41, 62, 26, 81, 24, 25, 44, 83, 2, 63, 43, 5, 61, 75, 82, 6, 23, 0]
Rota do Picker 2: [0, 1, 61, 41, 21, 0]
Rota do Picker 3: [0, 64, 62, 21, 82, 24, 61, 41, 1, 63, 45, 65, 25, 5, 6, 81, 23, 43, 44, 0]
Rota do Picker 4: [0, 1, 21, 61, 23, 63, 83, 5, 64, 8, 44, 24, 43, 82, 56, 27, 25, 65, 46, 62, 81, 45, 41, 6, 0]
Rota do Picker 5: [0, 1, 41, 61, 24, 25, 62, 83, 82, 27, 63, 64, 6, 45, 81, 21, 5, 23, 43, 0]
Rota do Picker 6: [0, 41, 11, 34, 18, 1, 21, 12, 14, 16, 35, 0]
Rota do Picker 7: [0, 7, 63, 62, 44, 6, 83, 82, 8, 43, 5, 81, 46, 27, 64, 23, 41, 21, 1, 61, 45, 24, 26, 0]
Rota do Picker 8: [0, 62, 25, 5, 23, 21, 63, 7, 24, 41, 1, 43, 26, 64, 82, 46, 8, 27, 83, 6, 44, 81, 42, 61, 45, 65, 0]

Caso de teste: SLAPRP_Guo_small_O100_alpha0.2_v10.txt

Distancia Total: 990.0
Quantidade de Pickers: 8
