Rota do Picker 1: [0, 62, 64, 10, 55, 20, 97, 42, 22, 21, 24, 84, 26, 5, 61, 1, 13, 51, 45, 47, 27, 7, 4, 0]
Rota do Picker 2: [0, 34, 94, 13, 4, 62, 42, 41, 61, 22, 5, 45, 26, 46, 50, 30, 10, 3, 21, 1, 11, 18, 20, 37, 76, 97, 51, 23, 83, 0]
Rota do Picker 3: [0, 1, 22, 26, 46, 3, 43, 83, 47, 23, 21, 42, 7, 27, 9, 10, 50, 97, 37, 18, 33, 13, 71, 0]
Rota do Picker 4: [0, 34, 32, 72, 20, 40, 37, 11, 76, 14, 62, 83, 23, 1, 3, 5, 26, 46, 45, 64, 84, 42, 22, 41, 21, 0]
Rota do Picker 5: [0, 1, 3, 23, 83, 22, 11, 20, 40, 18, 37, 94, 32, 72, 52, 46, 26, 9, 4, 7, 27, 47, 45, 76, 33, 64, 84, 62, 41, 21, 0]
Rota do Picker 6: [0, 1, 61, 41, 3, 43, 31, 11, 47, 7, 5, 65, 10, 30, 14, 34, 55, 45, 46, 26, 42, 22, 21, 0]
Rota do Picker 7: [0, 26, 27, 1, 41, 22, 45, 4, 64, 71, 11, 15, 40, 20, 55, 14, 83, 43, 23, 3, 84, 46, 21, 0]
Rota do Picker 8: [0, 22, 26, 47, 9, 7, 5, 46, 43, 23, 3, 64, 24, 4, 14, 33, 13, 30, 83, 21, 41, 61, 1, 15, 0]
Rota do Picker 9: [0, 22, 3, 23, 83, 64, 84, 1, 41, 34, 13, 45, 24, 4, 26, 46, 30, 55, 15, 14, 21, 0]
Rota do Picker 10: [0, 1, 61, 21, 22, 42, 26, 46, 45, 4, 43, 24, 64, 84, 30, 10, 83, 23, 3, 0]
Rota do Picker 11: [0, 34, 13, 37, 52, 11, 21, 4, 26, 22, 42, 0]

Caso de teste: SLAPRP_Guo_small_O200_alpha0.4_v8.txt

Distancia Total: 1430.0
Quantidade de Pickers: 11
