Rota do Picker 1: [0, 8, 46, 19, 37, 13, 9, 87, 67, 7, 18, 45, 26, 27, 21, 84, 64, 83, 69, 28, 40, 10, 2, 49, 22, 52, 0]
Rota do Picker 2: [0, 1, 8, 46, 22, 18, 40, 33, 19, 39, 57, 59, 74, 55, 27, 0]
Rota do Picker 3: [0, 10, 28, 8, 41, 7, 67, 87, 26, 46, 45, 30, 65, 27, 9, 2, 47, 89, 69, 49, 0]
Rota do Picker 4: [0, 7, 27, 10, 69, 37, 1, 3, 8, 9, 46, 26, 47, 65, 67, 64, 2, 41, 18, 89, 30, 52, 45, 87, 49, 22, 83, 0]
Rota do Picker 5: [0, 28, 94, 74, 64, 84, 13, 37, 45, 46, 26, 27, 7, 33, 18, 9, 8, 21, 1, 0]
Rota do Picker 6: [0, 7, 8, 27, 46, 45, 18, 2, 22, 67, 69, 49, 30, 28, 10, 37, 26, 21, 13, 87, 47, 64, 1, 9, 3, 0]
Rota do Picker 7: [0, 89, 40, 18, 13, 64, 26, 87, 67, 2, 84, 45, 7, 28, 46, 21, 9, 69, 37, 22, 41, 49, 47, 27, 8, 3, 1, 0]

Caso de teste: SLAPRP_Guo_small_O100_alpha0.4_v2.txt

Distancia Total: 1360.0
Quantidade de Pickers: 7
