Rota do Picker 1: [0, 21, 7, 27, 87, 45, 19, 20, 76, 37, 97, 60, 30, 10, 47, 67, 46, 26, 8, 9, 89, 70, 0]
Rota do Picker 2: [0, 26, 46, 8, 48, 70, 50, 9, 7, 45, 89, 1, 21, 64, 41, 11, 60, 20, 93, 74, 94, 95, 59, 39, 77, 37, 36, 12, 98, 18, 31, 0]
Rota do Picker 3: [0, 64, 27, 87, 7, 8, 48, 46, 2, 26, 37, 20, 19, 76, 36, 67, 45, 83, 10, 30, 50, 9, 1, 0]
Rota do Picker 4: [0, 37, 76, 21, 1, 41, 7, 27, 9, 46, 26, 45, 64, 8, 30, 50, 10, 87, 67, 19, 31, 83, 3, 0]
Rota do Picker 5: [0, 8, 70, 7, 67, 87, 84, 64, 50, 30, 10, 9, 48, 93, 20, 18, 36, 12, 76, 45, 47, 27, 46, 26, 2, 0]
Rota do Picker 6: [0, 21, 3, 9, 30, 26, 8, 48, 27, 67, 47, 7, 1, 93, 59, 36, 51, 0]

Caso de teste: SLAPRP_Guo_small_O100_alpha0.3_v1.txt

Distancia Total: 936.0
Quantidade de Pickers: 6
