Rota do Picker 1: [0, 1, 23, 43, 83, 63, 8, 26, 4, 6, 25, 5, 61, 41, 81, 21, 24, 44, 64, 45, 82, 62, 42, 3, 7, 27, 0]
Rota do Picker 2: [0, 5, 81, 1, 21, 41, 61, 23, 43, 24, 64, 6, 4, 44, 7, 27, 26, 8, 3, 52, 56, 35, 72, 42, 62, 0]
Rota do Picker 3: [0, 1, 21, 41, 61, 81, 42, 7, 5, 25, 43, 83, 63, 46, 6, 3, 23, 4, 24, 53, 73, 0]
Rota do Picker 4: [0, 1, 41, 3, 23, 72, 92, 52, 93, 53, 33, 44, 24, 21, 61, 81, 4, 26, 6, 45, 73, 65, 46, 27, 83, 43, 63, 25, 5, 42, 7, 0]
Rota do Picker 5: [0, 1, 22, 23, 63, 6, 2, 0]
Rota do Picker 6: [0, 1, 21, 41, 61, 24, 23, 3, 43, 65, 25, 52, 92, 72, 55, 75, 17, 26, 46, 27, 44, 45, 5, 6, 8, 64, 0]
Rota do Picker 7: [0, 42, 62, 63, 43, 23, 3, 1, 21, 41, 81, 61, 14, 35, 55, 53, 64, 24, 4, 5, 7, 16, 17, 32, 74, 54, 15, 92, 52, 11, 31, 0]

Caso de teste: SLAPRP_Guo_small_O100_alpha0.3_v6.txt

Distancia Total: 784.0
Quantidade de Pickers: 7
