Rota do Picker 1: [0, 1, 21, 41, 61, 5, 6, 26, 7, 8, 4, 44, 64, 45, 65, 83, 63, 43, 23, 0]
Rota do Picker 2: [0, 1, 21, 41, 61, 23, 43, 83, 63, 5, 27, 7, 44, 24, 4, 6, 46, 64, 0]
Rota do Picker 3: [0, 1, 21, 61, 41, 23, 43, 63, 24, 4, 5, 6, 7, 45, 65, 25, 82, 62, 22, 0]
Rota do Picker 4: [0, 81, 21, 4, 24, 44, 63, 43, 25, 45, 6, 5, 83, 23, 61, 41, 1, 0]
Rota do Picker 5: [0, 82, 37, 24, 64, 4, 25, 45, 26, 6, 5, 1, 81, 21, 41, 61, 23, 43, 0]
Rota do Picker 6: [0, 21, 41, 81, 61, 83, 63, 4, 24, 44, 64, 6, 46, 23, 43, 1, 0]
Rota do Picker 7: [0, 21, 41, 1, 46, 26, 43, 23, 63, 45, 24, 61, 81, 5, 25, 4, 36, 35, 15, 32, 51, 0]
Rota do Picker 8: [0, 1, 21, 41, 61, 4, 24, 27, 7, 26, 46, 6, 25, 64, 43, 23, 83, 0]
Rota do Picker 9: [0, 1, 21, 61, 23, 5, 7, 82, 4, 24, 45, 25, 65, 26, 44, 43, 13, 53, 17, 75, 37, 56, 8, 81, 41, 0]
Rota do Picker 10: [0, 1, 21, 41, 81, 7, 45, 65, 4, 61, 23, 43, 5, 6, 27, 8, 26, 24, 0]
Rota do Picker 11: [0, 21, 1, 41, 23, 43, 63, 6, 7, 26, 4, 24, 64, 5, 45, 81, 61, 8, 27, 0]

Caso de teste: SLAPRP_Guo_small_O200_alpha0.3_v5.txt

Distancia Total: 868.0
Quantidade de Pickers: 11
