Rota do Picker 1: [0, 1, 21, 61, 43, 6, 4, 24, 25, 45, 8, 63, 83, 26, 46, 5, 41, 81, 62, 42, 82, 65, 85, 7, 3, 54, 74, 0]
Rota do Picker 2: [0, 36, 1, 41, 61, 64, 4, 45, 6, 8, 13, 34, 17, 55, 15, 62, 42, 21, 5, 24, 44, 84, 0]
Rota do Picker 3: [0, 3, 4, 24, 44, 63, 83, 43, 6, 7, 27, 13, 73, 93, 16, 15, 94, 74, 54, 32, 52, 25, 65, 5, 61, 41, 21, 1, 0]
Rota do Picker 4: [0, 21, 63, 83, 43, 65, 45, 84, 15, 36, 17, 13, 46, 5, 44, 24, 4, 7, 27, 28, 8, 82, 62, 61, 41, 1, 0]
Rota do Picker 5: [0, 1, 41, 61, 81, 21, 13, 73, 54, 74, 94, 17, 25, 5, 6, 46, 7, 47, 27, 24, 4, 23, 3, 0]
Rota do Picker 6: [0, 21, 41, 81, 61, 33, 53, 8, 25, 5, 16, 17, 31, 6, 7, 4, 44, 84, 64, 24, 42, 82, 1, 22, 62, 15, 35, 13, 0]
Rota do Picker 7: [0, 13, 74, 16, 53, 32, 52, 15, 55, 35, 3, 83, 63, 43, 5, 26, 6, 8, 81, 61, 41, 42, 62, 45, 25, 24, 4, 21, 1, 0]
Rota do Picker 8: [0, 21, 61, 41, 4, 24, 64, 7, 6, 25, 5, 8, 26, 63, 43, 1, 13, 36, 15, 93, 53, 34, 54, 32, 92, 0]
Rota do Picker 9: [0, 1, 21, 41, 61, 62, 82, 17, 15, 74, 54, 34, 4, 24, 5, 25, 43, 91, 53, 73, 93, 13, 0]
Rota do Picker 10: [0, 3, 22, 54, 74, 94, 92, 26, 45, 85, 84, 64, 42, 82, 62, 25, 5, 24, 4, 61, 41, 21, 1, 91, 71, 0]
Rota do Picker 11: [0, 21, 41, 61, 81, 1, 72, 92, 13, 14, 54, 34, 23, 63, 43, 4, 3, 0]
Rota do Picker 12: [0, 1, 2, 25, 65, 4, 44, 64, 84, 82, 62, 22, 7, 5, 85, 41, 61, 81, 21, 11, 6, 46, 32, 52, 15, 35, 43, 3, 0]

Caso de teste: SLAPRP_Guo_small_O200_alpha0.4_v3.txt

Distancia Total: 1344.0
Quantidade de Pickers: 12
