Rota do Picker 1: [0, 26, 10, 68, 36, 42, 62, 8, 30, 22, 13, 66, 23, 43, 24, 50, 9, 1, 65, 46, 21, 0]
Rota do Picker 2: [0, 1, 12, 32, 52, 31, 36, 20, 21, 33, 18, 4, 43, 40, 50, 60, 78, 39, 34, 61, 19, 62, 14, 51, 8, 0]
Rota do Picker 3: [0, 62, 26, 39, 19, 23, 3, 97, 77, 60, 8, 21, 36, 50, 32, 12, 78, 33, 46, 66, 51, 20, 31, 11, 41, 40, 18, 72, 52, 22, 2, 1, 0]
Rota do Picker 4: [0, 32, 52, 8, 10, 71, 31, 21, 20, 65, 26, 68, 23, 3, 11, 27, 30, 42, 22, 2, 53, 43, 4, 46, 94, 41, 36, 34, 12, 50, 0]
Rota do Picker 5: [0, 60, 77, 24, 50, 8, 94, 34, 10, 46, 26, 21, 30, 66, 4, 22, 2, 43, 23, 52, 32, 12, 51, 1, 3, 9, 68, 31, 62, 20, 42, 27, 40, 65, 11, 0]
Rota do Picker 6: [0, 71, 19, 50, 62, 11, 31, 32, 20, 4, 21, 2, 39, 23, 51, 13, 53, 18, 78, 24, 8, 34, 94, 43, 40, 52, 12, 42, 22, 3, 1, 26, 46, 0]
Rota do Picker 7: [0, 27, 30, 33, 78, 18, 8, 4, 60, 32, 11, 23, 36, 3, 12, 34, 31, 52, 43, 26, 46, 40, 1, 21, 20, 77, 9, 39, 10, 0]
Rota do Picker 8: [0, 21, 12, 52, 72, 33, 10, 65, 66, 1, 50, 8, 34, 14, 30, 13, 51, 94, 39, 20, 23, 40, 46, 26, 71, 31, 32, 43, 11, 0]
Rota do Picker 9: [0, 43, 61, 1, 52, 31, 40, 41, 2, 32, 78, 60, 21, 36, 53, 33, 97, 77, 13, 72, 62, 4, 8, 39, 20, 18, 12, 26, 0]
Rota do Picker 10: [0, 72, 68, 50, 20, 65, 13, 21, 18, 94, 3, 62, 52, 40, 27, 43, 4, 36, 19, 10, 8, 42, 22, 23, 46, 26, 51, 31, 32, 12, 1, 34, 0]
Rota do Picker 11: [0, 21, 1, 60, 77, 72, 52, 34, 8, 51, 20, 13, 40, 36, 2, 22, 39, 19, 18, 32, 12, 0]
Rota do Picker 12: [0, 1, 3, 23, 32, 20, 72, 39, 21, 41, 53, 14, 18, 78, 51, 8, 13, 33, 34, 60, 40, 31, 52, 12, 22, 2, 30, 0]
Rota do Picker 13: [0, 12, 13, 53, 31, 40, 30, 50, 3, 11, 33, 27, 8, 4, 46, 26, 72, 21, 2, 34, 77, 97, 1, 32, 52, 43, 68, 0]

Caso de teste: SLAPRP_Guo_small_O200_alpha0.2_v3.txt

Distancia Total: 3286.0
Quantidade de Pickers: 13
