Rota do Picker 1: [0, 1, 32, 18, 98, 55, 75, 20, 57, 60, 77, 97, 31, 51, 93, 13, 74, 96, 76, 26, 46, 69, 50, 10, 9, 8, 45, 0]
Rota do Picker 2: [0, 11, 12, 55, 20, 26, 69, 50, 10, 27, 7, 83, 3, 21, 60, 40, 47, 67, 9, 48, 8, 45, 46, 30, 23, 41, 87, 22, 1, 0]
Rota do Picker 3: [0, 21, 32, 55, 75, 20, 18, 98, 40, 97, 31, 11, 26, 67, 13, 77, 94, 74, 12, 22, 0]
Rota do Picker 4: [0, 32, 55, 75, 18, 97, 74, 13, 40, 60, 20, 46, 26, 8, 48, 9, 69, 30, 45, 10, 12, 0]
Rota do Picker 5: [0, 32, 13, 18, 97, 14, 75, 12, 96, 31, 1, 55, 74, 76, 11, 40, 52, 65, 45, 47, 10, 48, 8, 26, 23, 46, 21, 0]
Rota do Picker 6: [0, 1, 41, 55, 75, 20, 18, 98, 74, 14, 7, 23, 22, 48, 9, 69, 8, 83, 65, 46, 32, 93, 13, 0]

Caso de teste: SLAPRP_Guo_small_O100_alpha0.4_v8.txt

Distancia Total: 1034.0
Quantidade de Pickers: 6
