SKUs: 40
Pedidos: 55

Primeiro pedido:
Order(1, [1, 5, 6, 13, 16, 33, 38])

Ultimo pedido:
Order(55, [5, 6])

Location(1, 1, -1, 20)
Location(2, 1, -2, 20)
Location(3, 1, -3, 20)
Location(4, 1, -4, 20)
Location(5, 1, -5, 20)
Location(6, 1, -6, 20)
Location(7, 1, -7, 20)
Location(8, 1, -8, 20)
Location(9, 1, -9, 20)
Location(10, 1, -10, 40)
Location(11, 1, 1, 20)
Location(12, 1, 2, 20)
Location(13, 1, 3, 20)
Location(14, 1, 4, 20)
Location(15, 1, 5, 20)
Location(16, 1, 6, 20)
Location(17, 1, 7, 20)
Location(18, 1, 8, 20)
Location(19, 1, 9, 20)
Location(20, 1, 10, 40)
Location(21, 2, -1, 20)
Location(22, 2, -2, 20)
Location(23, 2, -3, 20)
Location(24, 2, -4, 20)
Location(25, 2, -5, 20)
Location(26, 2, -6, 20)
Location(27, 2, -7, 20)
Location(28, 2, -8, 20)
Location(29, 2, -9, 20)
Location(30, 2, -10, 40)
Location(31, 2, 1, 20)
Location(32, 2, 2, 20)
Location(33, 2, 3, 20)
Location(34, 2, 4, 20)
Location(35, 2, 5, 20)
Location(36, 2, 6, 20)
Location(37, 2, 7, 20)
Location(38, 2, 8, 20)
Location(39, 2, 9, 20)
Location(40, 2, 10, 40)
Location(41, 3, -1, 20)
Location(42, 3, -2, 20)
Location(43, 3, -3, 20)
Location(44, 3, -4, 20)
Location(45, 3, -5, 20)
Location(46, 3, -6, 20)
Location(47, 3, -7, 20)
Location(48, 3, -8, 20)
Location(49, 3, -9, 20)
Location(50, 3, -10, 40)
Location(51, 3, 1, 20)
Location(52, 3, 2, 20)
Location(53, 3, 3, 20)
Location(54, 3, 4, 20)
Location(55, 3, 5, 20)
Location(56, 3, 6, 20)
Location(57, 3, 7, 20)
Location(58, 3, 8, 20)
Location(59, 3, 9, 20)
Location(60, 3, 10, 40)
Location(61, 4, -1, 20)
Location(62, 4, -2, 20)
Location(63, 4, -3, 20)
Location(64, 4, -4, 20)
Location(65, 4, -5, 20)
Location(66, 4, -6, 20)
Location(67, 4, -7, 20)
Location(68, 4, -8, 20)
Location(69, 4, -9, 20)
Location(70, 4, -10, 40)
Location(71, 4, 1, 20)
Location(72, 4, 2, 20)
Location(73, 4, 3, 20)
Location(74, 4, 4, 20)
Location(75, 4, 5, 20)
Location(76, 4, 6, 20)
Location(77, 4, 7, 20)
Location(78, 4, 8, 20)
Location(79, 4, 9, 20)
Location(80, 4, 10, 40)
Location(81, 5, -1, 20)
Location(82, 5, -2, 20)
Location(83, 5, -3, 20)
Location(84, 5, -4, 20)
Location(85, 5, -5, 20)
Location(86, 5, -6, 20)
Location(87, 5, -7, 20)
Location(88, 5, -8, 20)
Location(89, 5, -9, 20)
Location(90, 5, -10, 40)
Location(91, 5, 1, 20)
Location(92, 5, 2, 20)
Location(93, 5, 3, 20)
Location(94, 5, 4, 20)
Location(95, 5, 5, 20)
Location(96, 5, 6, 20)
Location(97, 5, 7, 20)
Location(98, 5, 8, 20)
Location(99, 5, 9, 20)
Location(100, 5, 10, 40)

Frequencias: [23, 34, 27, 23, 29, 19, 20, 20, 2, 0, 4, 2, 1, 4, 3, 3, 3, 1, 4, 1, 2, 1, 1, 1, 2, 3, 4, 2, 2, 3, 3, 5, 3, 3, 3, 2, 2, 5, 0, 0]

Matriz de coocorrencia: 
40×40 Matrix{Int64}:
  0  14  11  10  17  10   9   9  2  0  4  0  1  1  1  2  1  0  1  0  0  0  0  0  0  1  1  1  1  3  0  2  1  1  1  2  0  3  0  0
 14   0  16  18  15  15  14  15  1  0  3  1  0  2  2  2  1  1  4  1  2  1  0  1  1  3  3  1  2  2  3  4  1  2  3  2  2  1  0  0
 11  16   0  14  13   9  12   8  0  0  1  0  0  2  1  2  0  0  4  0  1  0  0  0  1  2  1  1  1  2  3  2  0  3  1  1  1  3  0  0
 10  18  14   0  12   7   7  13  0  0  1  1  0  2  2  1  2  0  4  0  1  1  0  0  1  3  4  0  0  1  2  2  1  1  1  0  2  1  0  0
 17  15  13  12   0  13  11  11  1  0  3  0  1  3  1  1  2  0  2  1  0  1  0  1  0  2  2  1  1  3  0  3  2  2  1  1  2  4  0  0
 10  15   9   7  13   0   8   5  0  0  2  0  1  2  0  2  1  1  1  0  0  1  0  0  0  0  0  0  2  3  1  4  1  3  0  1  1  1  0  0
  9  14  12   7  11   8   0  10  1  0  3  0  0  1  1  2  1  0  2  0  1  0  0  1  0  2  1  1  2  2  1  3  0  2  1  1  1  0  0  0
  9  15   8  13  11   5  10   0  1  0  2  0  0  1  2  1  2  0  2  1  0  1  0  1  0  2  2  0  0  2  2  2  1  1  2  0  1  2  0  0
  2   1   0   0   1   0   1   1  0  0  0  0  0  0  0  0  0  0  0  0  0  0  0  0  0  0  0  0  0  0  0  0  0  0  0  0  0  0  0  0
  0   0   0   0   0   0   0   0  0  0  0  0  0  0  0  0  0  0  0  0  0  0  0  0  0  0  0  0  0  0  0  0  0  0  0  0  0  0  0  0
  4   3   1   1   3   2   3   2  0  0  0  0  0  0  0  0  0  0  0  0  0  0  0  0  0  0  0  0  1  0  0  1  0  0  0  1  0  0  0  0
  0   1   0   1   0   0   0   0  0  0  0  0  0  0  0  0  0  0  0  0  1  0  1  0  1  0  1  0  0  0  0  0  1  0  0  0  0  0  0  0
  1   0   0   0   1   1   0   0  0  0  0  0  0  0  0  1  0  0  0  0  0  0  0  0  0  0  0  0  0  0  0  0  1  0  0  0  0  1  0  0
  1   2   2   2   3   2   1   1  0  0  0  0  0  0  0  0  1  0  0  0  0  0  0  0  0  0  1  0  0  1  0  0  0  0  0  0  0  1  0  0
  1   2   1   2   1   0   1   2  0  0  0  0  0  0  0  0  0  0  0  0  0  0  0  0  0  1  0  0  0  0  0  1  0  0  0  0  0  0  0  0
  2   2   2   1   1   2   2   1  0  0  0  0  1  0  0  0  0  0  1  0  0  0  0  0  0  0  0  0  0  0  1  0  1  0  0  1  0  1  0  0
  1   1   0   2   2   1   1   2  0  0  0  0  0  1  0  0  0  0  0  0  0  0  0  0  0  0  1  0  0  1  0  0  0  0  0  0  0  0  0  0
  0   1   0   0   0   1   0   0  0  0  0  0  0  0  0  0  0  0  0  0  0  0  0  0  0  0  0  0  0  0  0  0  0  0  0  0  0  0  0  0
  1   4   4   4   2   1   2   2  0  0  0  0  0  0  0  1  0  0  0  0  0  0  0  0  0  1  0  0  0  0  1  0  0  0  0  0  1  0  0  0
  0   1   0   0   1   0   0   1  0  0  0  0  0  0  0  0  0  0  0  0  0  0  0  0  0  0  0  0  0  0  0  0  0  0  0  0  0  0  0  0
  0   2   1   1   0   0   1   0  0  0  0  1  0  0  0  0  0  0  0  0  0  0  0  0  1  0  1  0  0  0  0  0  1  0  0  0  0  0  0  0
  0   1   0   1   1   1   0   1  0  0  0  0  0  0  0  0  0  0  0  0  0  0  0  0  0  0  0  0  0  0  0  0  0  0  0  0  1  0  0  0
  0   0   0   0   0   0   0   0  0  0  0  1  0  0  0  0  0  0  0  0  0  0  0  0  0  0  0  0  0  0  0  0  0  0  0  0  0  0  0  0
  0   1   0   0   1   0   1   1  0  0  0  0  0  0  0  0  0  0  0  0  0  0  0  0  0  0  0  0  0  0  0  0  0  0  1  0  0  0  0  0
  0   1   1   1   0   0   0   0  0  0  0  1  0  0  0  0  0  0  0  0  1  0  0  0  0  0  1  0  0  0  0  0  1  0  0  0  0  0  0  0
  1   3   2   3   2   0   2   2  0  0  0  0  0  0  1  0  0  0  1  0  0  0  0  0  0  0  0  0  0  0  0  0  0  0  0  0  1  0  0  0
  1   3   1   4   2   0   1   2  0  0  0  1  0  1  0  0  1  0  0  0  1  0  0  0  1  0  0  0  0  0  0  0  1  0  0  0  0  0  0  0
  1   1   1   0   1   0   1   0  0  0  0  0  0  0  0  0  0  0  0  0  0  0  0  0  0  0  0  0  0  0  0  0  0  0  0  0  0  0  0  0
  1   2   1   0   1   2   2   0  0  0  1  0  0  0  0  0  0  0  0  0  0  0  0  0  0  0  0  0  0  0  0  1  0  1  0  0  0  0  0  0
  3   2   2   1   3   3   2   2  0  0  0  0  0  1  0  0  1  0  0  0  0  0  0  0  0  0  0  0  0  0  0  0  0  1  0  0  0  0  0  0
  0   3   3   2   0   1   1   2  0  0  0  0  0  0  0  1  0  0  1  0  0  0  0  0  0  0  0  0  0  0  0  0  0  0  1  0  0  0  0  0
  2   4   2   2   3   4   3   2  0  0  1  0  0  0  1  0  0  0  0  0  0  0  0  0  0  0  0  0  1  0  0  0  0  2  0  0  0  0  0  0
  1   1   0   1   2   1   0   1  0  0  0  1  1  0  0  1  0  0  0  0  1  0  0  0  1  0  1  0  0  0  0  0  0  0  0  0  0  2  0  0
  1   2   3   1   2   3   2   1  0  0  0  0  0  0  0  0  0  0  0  0  0  0  0  0  0  0  0  0  1  1  0  2  0  0  0  0  0  0  0  0
  1   3   1   1   1   0   1   2  0  0  0  0  0  0  0  0  0  0  0  0  0  0  0  1  0  0  0  0  0  0  1  0  0  0  0  0  0  0  0  0
  2   2   1   0   1   1   1   0  0  0  1  0  0  0  0  1  0  0  0  0  0  0  0  0  0  0  0  0  0  0  0  0  0  0  0  0  0  0  0  0
  0   2   1   2   2   1   1   1  0  0  0  0  0  0  0  0  0  0  1  0  0  1  0  0  0  1  0  0  0  0  0  0  0  0  0  0  0  0  0  0
  3   1   3   1   4   1   0   2  0  0  0  0  1  1  0  1  0  0  0  0  0  0  0  0  0  0  0  0  0  0  0  0  2  0  0  0  0  0  0  0
  0   0   0   0   0   0   0   0  0  0  0  0  0  0  0  0  0  0  0  0  0  0  0  0  0  0  0  0  0  0  0  0  0  0  0  0  0  0  0  0
  0   0   0   0   0   0   0   0  0  0  0  0  0  0  0  0  0  0  0  0  0  0  0  0  0  0  0  0  0  0  0  0  0  0  0  0  0  0  0  0
SKU(23, 192.0, 0.07)
SKU(34, 210.0, 0.08)
SKU(27, 91.0, 0.21)
SKU(23, 140.0, 0.1)
SKU(29, 136.0, 0.13)
SKU(19, 139.0, 0.08)
SKU(20, 169.0, 0.07)
SKU(20, 124.0, 0.11)
SKU(2, 46.0, 0.09)
SKU(0, 17.0, 0.21)
SKU(4, 60.0, 0.11)
SKU(2, 35.0, 0.12)
SKU(1, 22.0, 0.19)
SKU(4, 77.0, 0.07)
SKU(3, 90.0, 0.05)
SKU(3, 58.0, 0.09)
SKU(3, 57.0, 0.08)
SKU(1, 28.0, 0.12)
SKU(4, 33.0, 0.26)
SKU(1, 25.0, 0.17)
SKU(2, 65.0, 0.07)
SKU(1, 23.0, 0.16)
SKU(1, 33.0, 0.1)
SKU(1, 63.0, 0.05)
SKU(2, 38.0, 0.11)
SKU(3, 60.0, 0.09)
SKU(4, 47.0, 0.13)
SKU(2, 42.0, 0.16)
SKU(2, 70.0, 0.06)
SKU(3, 110.0, 0.04)
SKU(3, 35.0, 0.15)
SKU(5, 96.0, 0.06)
SKU(3, 71.0, 0.07)
SKU(3, 86.0, 0.05)
SKU(3, 41.0, 0.12)
SKU(2, 26.0, 0.16)
SKU(2, 83.0, 0.04)
SKU(5, 42.0, 0.14)
SKU(0, 27.0, 0.08)
SKU(0, 20.0, 0.12)

Posicao 1 (Corredor 1, Prateleira -1)
   SKU 1 -> 6
   SKU 2 -> 124
   SKU 7 -> 138

Posicao 2 (Corredor 1, Prateleira -2)
   SKU 6 -> 139
   SKU 7 -> 31
   SKU 8 -> 61

Posicao 3 (Corredor 1, Prateleira -3)
   SKU 16 -> 58
   SKU 17 -> 57
   SKU 29 -> 70

Posicao 4 (Corredor 1, Prateleira -4)
   SKU 12 -> 35
   SKU 23 -> 33

Posicao 11 (Corredor 1, Prateleira 1)
   SKU 1 -> 186
   SKU 2 -> 86
   SKU 4 -> 1

Posicao 12 (Corredor 1, Prateleira 2)
   SKU 3 -> 1
   SKU 5 -> 134
   SKU 32 -> 39

Posicao 13 (Corredor 1, Prateleira 3)
   SKU 26 -> 60
   SKU 30 -> 110
   SKU 31 -> 35

Posicao 14 (Corredor 1, Prateleira 4)
   SKU 28 -> 42
   SKU 36 -> 26

Posicao 21 (Corredor 2, Prateleira -1)
   SKU 3 -> 90
   SKU 8 -> 10

Posicao 22 (Corredor 2, Prateleira -2)
   SKU 14 -> 77
   SKU 34 -> 86
   SKU 38 -> 42

Posicao 23 (Corredor 2, Prateleira -3)
   SKU 13 -> 22
   SKU 20 -> 25
   SKU 24 -> 63

Posicao 31 (Corredor 2, Prateleira 1)
   SKU 4 -> 139
   SKU 5 -> 2
   SKU 8 -> 53

Posicao 32 (Corredor 2, Prateleira 2)
   SKU 19 -> 33
   SKU 35 -> 41
   SKU 37 -> 83

Posicao 33 (Corredor 2, Prateleira 3)
   SKU 9 -> 46
   SKU 18 -> 28
   SKU 22 -> 23

Posicao 41 (Corredor 3, Prateleira -1)
   SKU 15 -> 90
   SKU 21 -> 65
   SKU 27 -> 47

Posicao 42 (Corredor 3, Prateleira -2)
   SKU 25 -> 38

Posicao 51 (Corredor 3, Prateleira 1)
   SKU 11 -> 60
   SKU 32 -> 57
   SKU 33 -> 71

Posicao 96 (Corredor 5, Prateleira 6)
   SKU 10 -> 17
   SKU 39 -> 27

Posicao 99 (Corredor 5, Prateleira 9)
   SKU 40 -> 20

