Rota do Picker 1: [0, 1, 22, 62, 82, 16, 36, 55, 21, 32, 52, 34, 54, 14, 37, 75, 72, 92, 91, 15, 56, 35, 74, 18, 17, 73, 53, 33, 13, 61, 41, 93, 0]
Rota do Picker 2: [0, 21, 41, 6, 1, 63, 61, 46, 5, 43, 23, 4, 8, 27, 25, 22, 7, 24, 44, 83, 26, 45, 0]
Rota do Picker 3: [0, 1, 21, 7, 26, 54, 73, 62, 65, 64, 83, 45, 34, 72, 27, 63, 52, 43, 3, 42, 56, 61, 4, 24, 6, 13, 53, 41, 5, 25, 23, 75, 22, 82, 0]
Rota do Picker 4: [0, 1, 21, 41, 61, 65, 31, 8, 42, 83, 43, 23, 22, 44, 45, 64, 63, 26, 3, 5, 4, 24, 6, 62, 7, 27, 25, 0]
Rota do Picker 5: [0, 1, 21, 22, 23, 63, 4, 55, 56, 37, 64, 61, 41, 73, 53, 5, 42, 16, 27, 6, 34, 14, 13, 0]
Rota do Picker 6: [0, 5, 83, 45, 26, 81, 41, 21, 62, 43, 24, 22, 27, 7, 44, 64, 63, 23, 4, 82, 42, 1, 61, 0]
Rota do Picker 7: [0, 91, 22, 62, 18, 93, 92, 73, 55, 56, 33, 41, 54, 36, 42, 16, 34, 37, 81, 13, 14, 61, 21, 1, 24, 44, 53, 0]
Rota do Picker 8: [0, 21, 41, 71, 1, 5, 25, 7, 46, 3, 27, 44, 43, 62, 83, 63, 8, 64, 24, 45, 23, 65, 22, 26, 6, 4, 0]
Rota do Picker 9: [0, 55, 62, 91, 81, 22, 23, 43, 54, 74, 72, 34, 14, 61, 41, 21, 1, 0]
Rota do Picker 10: [0, 1, 21, 4, 24, 62, 82, 26, 63, 22, 25, 45, 83, 23, 44, 43, 5, 3, 64, 27, 6, 42, 41, 8, 75, 0]
Rota do Picker 11: [0, 21, 41, 42, 5, 6, 53, 73, 92, 22, 23, 34, 46, 24, 4, 63, 3, 61, 26, 44, 27, 72, 62, 83, 43, 1, 82, 93, 0]
Rota do Picker 12: [0, 7, 22, 25, 82, 44, 61, 45, 83, 56, 1, 21, 41, 23, 43, 63, 5, 4, 64, 27, 62, 75, 42, 26, 0]
Rota do Picker 13: [0, 1, 71, 34, 74, 6, 27, 18, 51, 72, 8, 83, 45, 46, 82, 56, 21, 41, 4, 24, 5, 23, 22, 62, 42, 43, 61, 81, 44, 64, 63, 0]

Caso de teste: SLAPRP_Guo_small_O200_alpha0.2_v2.txt

Distancia Total: 2326.0
Quantidade de Pickers: 13
