Rota do Picker 1: [0, 1, 0]
Rota do Picker 2: [0, 1, 0]
Rota do Picker 3: [0, 1, 0]
Rota do Picker 4: [0, 1, 22, 23, 5, 63, 3, 43, 46, 6, 64, 24, 7, 61, 21, 41, 83, 72, 92, 35, 56, 45, 25, 27, 26, 62, 42, 0]
Rota do Picker 5: [0, 1, 3, 23, 43, 5, 8, 7, 25, 45, 24, 64, 44, 82, 62, 42, 41, 21, 61, 26, 4, 27, 83, 22, 0]
Rota do Picker 6: [0, 1, 21, 41, 61, 5, 24, 3, 23, 64, 45, 25, 6, 63, 83, 82, 62, 2, 42, 44, 43, 72, 0]
Rota do Picker 7: [0, 15, 55, 74, 73, 72, 18, 35, 75, 82, 42, 24, 5, 65, 6, 46, 3, 23, 4, 62, 22, 21, 81, 61, 1, 41, 17, 16, 36, 0]
Rota do Picker 8: [0, 1, 61, 41, 21, 4, 24, 64, 73, 93, 36, 17, 8, 7, 83, 63, 23, 3, 42, 62, 22, 43, 25, 5, 45, 65, 26, 0]
Rota do Picker 9: [0, 22, 62, 1, 21, 25, 5, 4, 23, 43, 24, 45, 44, 3, 27, 63, 72, 11, 71, 91, 37, 14, 61, 41, 0]
Rota do Picker 10: [0, 1, 41, 4, 24, 6, 0]

Caso de teste: SLAPRP_Guo_small_O100_alpha0.2_v10.txt

Distancia Total: 790.0
Quantidade de Pickers: 10
