Rota do Picker 1: [0, 1, 61, 3, 23, 5, 4, 24, 84, 64, 7, 45, 94, 35, 82, 26, 6, 81, 41, 21, 55, 54, 36, 16, 0]
Rota do Picker 2: [0, 1, 21, 41, 3, 23, 83, 4, 8, 46, 47, 27, 5, 84, 34, 36, 35, 25, 85, 65, 6, 26, 24, 81, 61, 0]
Rota do Picker 3: [0, 3, 23, 5, 65, 85, 1, 21, 41, 61, 81, 54, 36, 16, 17, 15, 6, 24, 4, 0]
Rota do Picker 4: [0, 1, 21, 61, 3, 23, 5, 25, 82, 4, 44, 64, 85, 7, 6, 27, 24, 45, 81, 41, 73, 17, 16, 0]
Rota do Picker 5: [0, 7, 26, 22, 42, 62, 61, 41, 81, 15, 16, 33, 54, 94, 43, 65, 24, 4, 83, 23, 3, 31, 34, 64, 84, 44, 6, 21, 1, 0]
Rota do Picker 6: [0, 14, 3, 23, 25, 5, 1, 41, 21, 61, 46, 51, 81, 0]

Caso de teste: SLAPRP_Guo_small_O100_alpha0.4_v3.txt

Distancia Total: 694.0
Quantidade de Pickers: 6
