Rota do Picker 1: [0, 74, 94, 28, 0]
Rota do Picker 2: [0, 60, 97, 51, 84, 64, 1, 67, 36, 31, 28, 7, 70, 8, 48, 37, 2, 76, 87, 20, 30, 10, 26, 46, 9, 47, 45, 19, 12, 27, 0]
Rota do Picker 3: [0, 41, 48, 10, 28, 3, 87, 27, 8, 50, 70, 67, 47, 45, 30, 9, 7, 46, 26, 0]
Rota do Picker 4: [0, 26, 46, 45, 11, 70, 41, 67, 2, 48, 28, 50, 64, 30, 51, 10, 76, 87, 47, 7, 1, 84, 27, 9, 8, 0]
Rota do Picker 5: [0, 89, 46, 10, 28, 48, 9, 26, 45, 70, 30, 50, 8, 67, 27, 7, 21, 0]
Rota do Picker 6: [0, 74, 1, 36, 76, 19, 40, 39, 59, 37, 7, 28, 46, 20, 18, 95, 75, 32, 12, 64, 84, 30, 8, 60, 0]
Rota do Picker 7: [0, 21, 8, 76, 45, 20, 26, 46, 28, 48, 60, 19, 9, 31, 7, 64, 84, 18, 37, 10, 87, 97, 89, 67, 59, 3, 27, 0]

Caso de teste: SLAPRP_Guo_small_O100_alpha0.3_v1.txt

Distancia Total: 1358.0
Quantidade de Pickers: 7
