Rota do Picker 1: [0, 17, 21, 54, 34, 82, 61, 41, 15, 62, 22, 1, 43, 91, 4, 24, 84, 13, 36, 74, 5, 3, 35, 0]
Rota do Picker 2: [0, 1, 41, 61, 4, 64, 5, 24, 21, 83, 63, 85, 43, 35, 65, 46, 11, 13, 8, 62, 45, 42, 6, 7, 54, 26, 82, 74, 84, 0]
Rota do Picker 3: [0, 61, 5, 44, 36, 81, 41, 62, 82, 85, 25, 17, 94, 13, 7, 24, 4, 21, 6, 54, 15, 84, 64, 1, 92, 32, 42, 22, 0]
Rota do Picker 4: [0, 1, 21, 61, 4, 5, 25, 43, 83, 44, 42, 62, 82, 28, 45, 8, 2, 41, 24, 26, 65, 46, 64, 84, 13, 27, 7, 3, 6, 0]
Rota do Picker 5: [0, 41, 5, 24, 4, 61, 21, 1, 84, 64, 65, 13, 7, 27, 36, 45, 63, 43, 6, 42, 62, 46, 17, 28, 82, 25, 0]
Rota do Picker 6: [0, 1, 21, 41, 62, 82, 15, 74, 5, 4, 55, 34, 17, 22, 94, 53, 16, 42, 61, 81, 72, 92, 71, 26, 0]
Rota do Picker 7: [0, 32, 52, 65, 83, 82, 85, 54, 46, 81, 26, 43, 63, 22, 64, 45, 25, 5, 61, 41, 62, 42, 36, 6, 24, 4, 21, 1, 8, 13, 15, 3, 27, 0]
Rota do Picker 8: [0, 1, 21, 41, 61, 81, 54, 74, 8, 43, 83, 17, 64, 4, 62, 42, 5, 91, 27, 25, 15, 13, 24, 53, 36, 0]
Rota do Picker 9: [0, 91, 71, 53, 33, 15, 61, 41, 54, 34, 23, 1, 4, 21, 81, 35, 55, 73, 45, 14, 13, 16, 74, 32, 52, 94, 36, 93, 17, 0]
Rota do Picker 10: [0, 41, 61, 4, 24, 43, 64, 21, 65, 83, 26, 44, 25, 5, 1, 63, 3, 6, 84, 27, 8, 62, 42, 22, 45, 7, 0]
Rota do Picker 11: [0, 84, 85, 45, 4, 21, 64, 7, 43, 41, 61, 24, 25, 8, 63, 22, 6, 65, 3, 23, 27, 5, 44, 1, 26, 47, 0]
Rota do Picker 12: [0, 1, 41, 61, 4, 24, 6, 54, 74, 82, 62, 13, 3, 64, 34, 5, 21, 44, 17, 31, 35, 93, 0]

Caso de teste: SLAPRP_Guo_small_O200_alpha0.4_v3.txt

Distancia Total: 2336.0
Quantidade de Pickers: 12
