Rota do Picker 1: [0, 12, 55, 75, 37, 39, 93, 59, 98, 18, 31, 11, 47, 13, 60, 96, 76, 51, 32, 20, 40, 77, 30, 50, 28, 1, 0]
Rota do Picker 2: [0, 2, 7, 26, 46, 28, 48, 45, 8, 27, 49, 10, 50, 9, 21, 1, 20, 60, 0]
Rota do Picker 3: [0, 2, 46, 26, 7, 27, 47, 9, 29, 10, 30, 45, 8, 28, 48, 37, 0]
Rota do Picker 4: [0, 31, 55, 18, 39, 40, 98, 69, 7, 47, 87, 26, 46, 49, 29, 9, 27, 45, 22, 3, 83, 28, 48, 8, 76, 0]
Rota do Picker 5: [0, 1, 26, 46, 27, 87, 7, 8, 28, 30, 45, 48, 9, 29, 49, 89, 3, 0]
Rota do Picker 6: [0, 8, 9, 10, 29, 7, 50, 89, 49, 27, 26, 46, 28, 48, 45, 40, 60, 76, 22, 0]
Rota do Picker 7: [0, 1, 27, 10, 7, 9, 48, 45, 2, 3, 83, 8, 50, 46, 28, 29, 30, 26, 47, 75, 93, 51, 11, 20, 13, 31, 0]
Rota do Picker 8: [0, 37, 48, 28, 46, 45, 30, 10, 29, 9, 7, 27, 87, 3, 83, 26, 49, 8, 20, 40, 18, 93, 32, 22, 0]
Rota do Picker 9: [0, 8, 7, 27, 87, 9, 10, 50, 45, 48, 28, 46, 26, 89, 69, 49, 76, 37, 20, 68, 3, 2, 0]
Rota do Picker 10: [0, 8, 26, 28, 10, 50, 49, 31, 22, 2, 11, 93, 80, 98, 18, 94, 74, 12, 32, 37, 75, 55, 51, 76, 60, 96, 59, 0]
Rota do Picker 11: [0, 45, 26, 8, 28, 76, 22, 21, 30, 10, 89, 49, 9, 48, 46, 87, 27, 7, 1, 31, 18, 20, 40, 75, 55, 13, 93, 77, 37, 94, 74, 11, 0]
Rota do Picker 12: [0, 1, 2, 45, 47, 27, 10, 49, 9, 48, 28, 8, 26, 46, 83, 37, 98, 75, 93, 13, 31, 74, 94, 20, 40, 21, 11, 0]

Caso de teste: SLAPRP_Guo_small_O200_alpha0.2_v7.txt

Distancia Total: 1804.0
Quantidade de Pickers: 12
