Rota do Picker 1: [0, 55, 20, 40, 60, 18, 45, 3, 46, 47, 52, 32, 2, 26, 27, 9, 10, 8, 1, 75, 94, 74, 37, 17, 13, 12, 0]
Rota do Picker 2: [0, 12, 52, 18, 36, 40, 45, 64, 30, 9, 10, 50, 46, 75, 55, 33, 13, 21, 0]
Rota do Picker 3: [0, 22, 8, 9, 30, 47, 67, 14, 60, 75, 36, 52, 32, 17, 37, 40, 64, 2, 23, 27, 12, 20, 18, 13, 46, 26, 21, 0]
Rota do Picker 4: [0, 71, 11, 21, 41, 26, 46, 8, 48, 14, 96, 76, 47, 10, 30, 23, 45, 7, 27, 83, 0]
Rota do Picker 5: [0, 12, 17, 37, 36, 3, 83, 46, 8, 50, 10, 9, 2, 1, 55, 18, 13, 51, 45, 64, 84, 40, 94, 74, 31, 22, 42, 7, 27, 0]
Rota do Picker 6: [0, 22, 1, 46, 45, 21, 13, 33, 17, 37, 18, 74, 94, 32, 64, 50, 10, 8, 23, 71, 31, 11, 12, 0]
Rota do Picker 7: [0, 12, 11, 46, 64, 47, 23, 21, 20, 40, 18, 14, 48, 26, 9, 45, 10, 8, 32, 94, 74, 36, 55, 0]

Caso de teste: SLAPRP_Guo_small_O100_alpha0.2_v3.txt

Distancia Total: 1110.0
Quantidade de Pickers: 7
