Rota do Picker 1: [0, 13, 51, 31, 22, 2, 1, 21, 41, 3, 23, 32, 12, 52, 11, 0]
Rota do Picker 2: [0, 11, 12, 23, 3, 42, 22, 2, 1, 21, 41, 31, 51, 13, 32, 0]
Rota do Picker 3: [0, 11, 12, 32, 52, 31, 51, 33, 13, 3, 23, 2, 41, 21, 1, 0]
Rota do Picker 4: [0, 1, 3, 23, 2, 21, 22, 42, 41, 11, 32, 52, 12, 13, 51, 31, 0]
Rota do Picker 5: [0, 31, 51, 12, 11, 23, 3, 22, 42, 21, 2, 1, 0]
Rota do Picker 6: [0, 3, 21, 1, 2, 41, 42, 22, 11, 31, 51, 12, 32, 33, 13, 0]
Rota do Picker 7: [0, 2, 22, 1, 21, 41, 23, 3, 52, 32, 12, 11, 31, 51, 0]
Rota do Picker 8: [0, 11, 31, 13, 33, 32, 52, 12, 41, 22, 3, 23, 2, 21, 1, 0]
Rota do Picker 9: [0, 1, 21, 2, 22, 11, 31, 52, 12, 32, 0]
Rota do Picker 10: [0, 1, 21, 23, 42, 22, 2, 52, 32, 12, 51, 31, 11, 0]
Rota do Picker 11: [0, 21, 1, 12, 32, 52, 13, 33, 3, 23, 22, 2, 42, 51, 31, 11, 0]
Rota do Picker 12: [0, 21, 1, 41, 22, 2, 13, 12, 32, 11, 0]

Caso de teste: SLAPRP_Guo_small_O200_alpha0.3_v4.txt

Distancia Total: 512.0
Quantidade de Pickers: 12
