Rota do Picker 1: [0, 11, 50, 3, 94, 12, 21, 31, 2, 41, 49, 89, 60, 7, 1, 30, 28, 27, 87, 10, 69, 76, 37, 4, 20, 18, 13, 45, 9, 8, 46, 26, 0]
Rota do Picker 2: [0, 3, 7, 27, 26, 46, 49, 18, 21, 41, 8, 87, 45, 1, 31, 51, 22, 50, 9, 10, 2, 89, 76, 28, 0]
Rota do Picker 3: [0, 1, 41, 8, 9, 20, 60, 0]
Rota do Picker 4: [0, 87, 10, 11, 21, 50, 41, 26, 49, 3, 13, 30, 46, 28, 45, 27, 9, 8, 7, 2, 1, 0]
Rota do Picker 5: [0, 2, 22, 26, 46, 7, 12, 20, 39, 18, 45, 27, 50, 30, 28, 57, 76, 55, 31, 11, 1, 13, 74, 94, 0]
Rota do Picker 6: [0, 50, 46, 12, 41, 60, 18, 9, 27, 7, 76, 52, 8, 11, 45, 87, 4, 1, 28, 30, 20, 49, 26, 2, 37, 13, 21, 40, 31, 0]
Rota do Picker 7: [0, 21, 13, 69, 30, 18, 12, 89, 9, 3, 11, 10, 87, 27, 7, 1, 49, 45, 28, 8, 46, 26, 41, 0]
Rota do Picker 8: [0, 2, 60, 49, 3, 46, 45, 18, 11, 4, 26, 10, 30, 20, 28, 50, 89, 9, 51, 31, 27, 8, 7, 41, 21, 69, 52, 0]
Rota do Picker 9: [0, 89, 69, 50, 8, 9, 27, 41, 87, 30, 3, 2, 18, 45, 10, 7, 46, 26, 1, 28, 76, 0]
Rota do Picker 10: [0, 7, 8, 9, 27, 46, 30, 18, 4, 10, 50, 3, 49, 89, 11, 45, 87, 26, 21, 69, 0]
Rota do Picker 11: [0, 18, 28, 26, 20, 45, 46, 49, 8, 13, 10, 9, 27, 7, 3, 1, 41, 94, 4, 76, 21, 2, 50, 87, 0]
Rota do Picker 12: [0, 12, 46, 10, 87, 50, 26, 7, 30, 89, 69, 49, 28, 45, 27, 9, 8, 3, 0]
Rota do Picker 13: [0, 1, 12, 32, 76, 46, 8, 13, 74, 94, 28, 60, 55, 75, 77, 52, 11, 31, 98, 50, 39, 57, 41, 20, 59, 17, 7, 18, 21, 0]

Caso de teste: SLAPRP_Guo_small_O200_alpha0.2_v6.txt

Distancia Total: 2658.0
Quantidade de Pickers: 13
