Rota do Picker 1: [0, 21, 61, 3, 23, 62, 0]
Rota do Picker 2: [0, 8, 24, 61, 41, 81, 43, 63, 82, 62, 64, 45, 7, 83, 23, 3, 46, 26, 25, 5, 21, 1, 0]
Rota do Picker 3: [0, 21, 81, 3, 43, 25, 27, 62, 23, 63, 6, 44, 61, 41, 45, 65, 24, 64, 82, 46, 7, 5, 1, 0]
Rota do Picker 4: [0, 21, 41, 61, 81, 62, 45, 25, 6, 44, 24, 27, 7, 26, 5, 1, 3, 23, 43, 83, 64, 0]
Rota do Picker 5: [0, 1, 3, 65, 24, 44, 26, 46, 27, 7, 6, 5, 83, 63, 43, 23, 81, 61, 41, 21, 0]
Rota do Picker 6: [0, 1, 21, 41, 61, 3, 23, 43, 5, 25, 7, 46, 6, 62, 82, 8, 56, 0]
Rota do Picker 7: [0, 21, 1, 61, 81, 24, 64, 5, 7, 63, 83, 43, 23, 3, 26, 8, 44, 42, 41, 12, 52, 15, 55, 34, 31, 0]

Caso de teste: SLAPRP_Guo_small_O100_alpha0.3_v6.txt

Distancia Total: 618.0
Quantidade de Pickers: 7
