Rota do Picker 1: [0, 1, 21, 14, 36, 47, 3, 83, 12, 17, 60, 61, 41, 66, 20, 19, 27, 26, 22, 37, 34, 2, 13, 18, 10, 94, 11, 0]
Rota do Picker 2: [0, 41, 21, 24, 14, 34, 11, 40, 20, 66, 26, 83, 43, 3, 1, 47, 18, 12, 62, 22, 94, 17, 67, 19, 72, 97, 0]
Rota do Picker 3: [0, 1, 61, 22, 4, 24, 62, 45, 10, 83, 23, 30, 26, 84, 67, 43, 21, 3, 27, 66, 0]
Rota do Picker 4: [0, 66, 26, 22, 10, 71, 42, 45, 62, 24, 47, 30, 27, 83, 3, 41, 21, 1, 84, 61, 67, 0]
Rota do Picker 5: [0, 1, 41, 3, 83, 62, 36, 40, 26, 94, 18, 17, 11, 22, 34, 42, 4, 21, 13, 20, 14, 12, 72, 10, 37, 61, 19, 43, 97, 52, 0]
Rota do Picker 6: [0, 21, 3, 13, 40, 1, 83, 11, 52, 18, 19, 97, 22, 17, 94, 43, 37, 71, 12, 26, 41, 23, 76, 33, 62, 60, 14, 20, 36, 34, 0]
Rota do Picker 7: [0, 83, 30, 67, 23, 3, 1, 22, 26, 66, 27, 10, 62, 45, 47, 46, 0]
Rota do Picker 8: [0, 1, 26, 27, 71, 84, 4, 2, 83, 36, 24, 61, 23, 40, 10, 66, 45, 22, 3, 21, 20, 0]
Rota do Picker 9: [0, 1, 3, 43, 22, 11, 12, 17, 26, 66, 84, 40, 61, 94, 23, 97, 41, 19, 14, 45, 62, 20, 36, 67, 27, 83, 21, 52, 13, 24, 42, 0]
Rota do Picker 10: [0, 36, 27, 83, 43, 20, 10, 45, 22, 3, 1, 40, 19, 34, 30, 23, 52, 21, 26, 71, 11, 66, 61, 84, 4, 2, 62, 13, 0]
Rota do Picker 11: [0, 71, 66, 42, 83, 3, 26, 27, 97, 45, 22, 21, 72, 33, 11, 23, 67, 1, 24, 10, 20, 30, 34, 41, 61, 43, 47, 36, 0]
Rota do Picker 12: [0, 61, 46, 52, 10, 2, 67, 84, 4, 11, 45, 22, 66, 3, 30, 47, 27, 26, 83, 23, 41, 21, 1, 20, 0]

Caso de teste: SLAPRP_Guo_small_O200_alpha0.4_v3.txt

Distancia Total: 2764.0
Quantidade de Pickers: 12
