Rota do Picker 1: [0, 5, 82, 25, 42, 23, 26, 6, 41, 24, 45, 1, 3, 43, 63, 83, 21, 62, 22, 44, 46, 64, 4, 81, 61, 0]
Rota do Picker 2: [0, 73, 33, 8, 26, 5, 21, 1, 42, 63, 23, 41, 25, 2, 4, 24, 3, 43, 7, 64, 74, 62, 22, 82, 6, 44, 61, 81, 35, 46, 0]
Rota do Picker 3: [0, 17, 33, 83, 21, 5, 36, 1, 41, 61, 81, 22, 82, 35, 3, 23, 11, 73, 16, 72, 92, 18, 32, 12, 62, 0]
Rota do Picker 4: [0, 1, 3, 23, 5, 21, 82, 42, 24, 4, 41, 46, 45, 25, 44, 22, 81, 26, 6, 61, 65, 43, 64, 7, 63, 8, 83, 0]
Rota do Picker 5: [0, 24, 46, 6, 21, 1, 82, 27, 45, 5, 23, 3, 61, 41, 42, 62, 7, 8, 25, 64, 63, 43, 83, 65, 4, 26, 44, 0]
Rota do Picker 6: [0, 14, 65, 62, 82, 81, 61, 18, 6, 5, 63, 53, 64, 24, 42, 22, 26, 13, 43, 23, 3, 41, 21, 1, 71, 91, 0]

Caso de teste: SLAPRP_Guo_small_O100_alpha0.3_v4.txt

Distancia Total: 1032.0
Quantidade de Pickers: 6
