Rota do Picker 1: [0, 11, 7, 87, 31, 49, 22, 20, 29, 10, 37, 2, 47, 12, 27, 3, 32, 30, 48, 26, 46, 8, 28, 9, 50, 45, 76, 69, 13, 1, 0]
Rota do Picker 2: [0, 7, 8, 28, 9, 27, 45, 40, 3, 26, 46, 48, 49, 76, 1, 89, 22, 37, 30, 51, 69, 29, 20, 13, 0]
Rota do Picker 3: [0, 20, 46, 1, 68, 28, 39, 75, 55, 12, 10, 2, 31, 59, 11, 77, 98, 80, 97, 96, 50, 40, 18, 94, 74, 51, 60, 37, 76, 87, 27, 7, 49, 89, 0]
Rota do Picker 4: [0, 8, 9, 49, 69, 89, 45, 46, 28, 10, 48, 30, 7, 50, 26, 29, 27, 0]
Rota do Picker 5: [0, 10, 29, 9, 46, 2, 8, 27, 87, 45, 48, 26, 28, 30, 50, 7, 49, 3, 69, 89, 40, 0]
Rota do Picker 6: [0, 10, 51, 89, 11, 30, 32, 2, 9, 48, 45, 27, 1, 21, 50, 70, 7, 3, 28, 8, 46, 26, 0]
Rota do Picker 7: [0, 12, 74, 94, 18, 98, 46, 29, 49, 0]
Rota do Picker 8: [0, 31, 29, 3, 89, 69, 7, 47, 11, 20, 50, 21, 1, 13, 10, 60, 8, 28, 9, 45, 40, 76, 46, 26, 37, 87, 27, 48, 49, 0]
Rota do Picker 9: [0, 46, 45, 20, 2, 49, 21, 10, 7, 87, 69, 50, 8, 26, 29, 89, 28, 1, 30, 27, 9, 48, 11, 0]
Rota do Picker 10: [0, 1, 8, 46, 9, 48, 69, 49, 50, 7, 30, 28, 10, 89, 47, 29, 26, 27, 45, 2, 0]
Rota do Picker 11: [0, 60, 40, 69, 9, 28, 76, 45, 8, 48, 22, 10, 47, 87, 13, 89, 46, 37, 11, 26, 51, 27, 7, 20, 21, 31, 0]
Rota do Picker 12: [0, 1, 8, 9, 46, 45, 20, 60, 97, 94, 74, 28, 48, 37, 89, 50, 18, 55, 12, 22, 10, 21, 2, 3, 27, 76, 40, 32, 7, 47, 26, 30, 0]
Rota do Picker 13: [0, 48, 46, 22, 2, 89, 49, 87, 27, 69, 29, 9, 1, 7, 3, 47, 45, 26, 28, 8, 10, 0]

Caso de teste: SLAPRP_Guo_small_O200_alpha0.2_v7.txt

Distancia Total: 2774.0
Quantidade de Pickers: 13
