Rota do Picker 1: [0, 11, 8, 28, 27, 10, 60, 78, 20, 76, 22, 47, 46, 9, 70, 50, 30, 45, 66, 26, 1, 21, 0]
Rota do Picker 2: [0, 42, 37, 76, 12, 20, 60, 39, 8, 47, 87, 26, 46, 45, 9, 70, 50, 27, 28, 3, 33, 13, 31, 0]
Rota do Picker 3: [0, 60, 70, 10, 28, 27, 47, 87, 23, 76, 40, 80, 20, 31, 32, 52, 50, 30, 66, 33, 14, 37, 97, 13, 12, 9, 46, 45, 1, 0]
Rota do Picker 4: [0, 1, 45, 8, 28, 9, 10, 14, 76, 17, 20, 18, 80, 60, 70, 50, 30, 46, 26, 23, 0]
Rota do Picker 5: [0, 31, 51, 76, 37, 33, 18, 40, 80, 60, 20, 41, 11, 14, 22, 26, 46, 45, 9, 70, 8, 28, 10, 42, 47, 87, 27, 23, 3, 21, 0]
Rota do Picker 6: [0, 2, 26, 66, 87, 70, 50, 10, 47, 27, 1, 30, 9, 45, 46, 8, 28, 21, 22, 12, 76, 78, 60, 42, 23, 18, 39, 32, 52, 11, 0]
Rota do Picker 7: [0, 45, 8, 28, 10, 50, 78, 20, 60, 36, 76, 70, 30, 46, 26, 21, 41, 1, 27, 87, 9, 23, 65, 0]
Rota do Picker 8: [0, 37, 9, 28, 26, 31, 51, 36, 41, 21, 45, 27, 47, 23, 20, 12, 32, 66, 3, 8, 50, 30, 10, 65, 46, 42, 76, 40, 78, 2, 0]
Rota do Picker 9: [0, 21, 10, 50, 70, 9, 28, 8, 66, 27, 47, 30, 52, 32, 14, 18, 37, 97, 13, 33, 11, 22, 2, 3, 46, 26, 65, 45, 41, 0]
Rota do Picker 10: [0, 30, 9, 21, 78, 60, 13, 33, 31, 51, 3, 23, 50, 10, 26, 46, 28, 8, 39, 17, 32, 12, 76, 87, 27, 65, 45, 22, 2, 0]
Rota do Picker 11: [0, 45, 41, 21, 31, 13, 37, 17, 14, 30, 9, 47, 1, 76, 8, 28, 36, 20, 32, 12, 60, 3, 2, 22, 42, 27, 87, 26, 46, 66, 50, 11, 0]
Rota do Picker 12: [0, 3, 23, 37, 17, 97, 22, 2, 27, 50, 70, 33, 9, 8, 47, 87, 30, 10, 28, 46, 26, 41, 1, 12, 20, 78, 32, 52, 0]

Caso de teste: SLAPRP_Guo_small_O200_alpha0.3_v7.txt

Distancia Total: 2180.0
Quantidade de Pickers: 12
