Rota do Picker 1: [0, 1, 7, 82, 8, 6, 4, 22, 41, 42, 62, 5, 46, 21, 3, 45, 65, 24, 64, 81, 61, 44, 26, 43, 23, 25, 27, 0]
Rota do Picker 2: [0, 41, 24, 7, 51, 27, 81, 5, 63, 45, 61, 64, 84, 4, 44, 82, 22, 43, 23, 3, 21, 1, 8, 62, 42, 0]
Rota do Picker 3: [0, 17, 7, 27, 12, 53, 18, 22, 61, 42, 62, 82, 6, 35, 81, 84, 54, 16, 43, 23, 3, 36, 14, 26, 64, 24, 41, 21, 1, 0]
Rota do Picker 4: [0, 74, 63, 1, 21, 41, 61, 24, 93, 53, 27, 7, 42, 64, 43, 62, 2, 82, 81, 25, 94, 16, 22, 45, 5, 4, 35, 14, 46, 26, 23, 3, 6, 36, 0]
Rota do Picker 5: [0, 1, 21, 41, 61, 81, 23, 37, 92, 94, 34, 64, 15, 6, 4, 35, 24, 5, 73, 93, 54, 14, 63, 3, 22, 43, 83, 36, 55, 82, 62, 42, 16, 53, 0]
Rota do Picker 6: [0, 37, 15, 84, 24, 4, 93, 73, 42, 22, 21, 1, 3, 23, 43, 17, 36, 0]
Rota do Picker 7: [0, 22, 23, 11, 35, 36, 54, 15, 14, 93, 53, 16, 41, 72, 92, 34, 21, 37, 17, 6, 62, 42, 1, 12, 32, 74, 94, 44, 64, 0]

Caso de teste: SLAPRP_Guo_small_O100_alpha0.3_v4.txt

Distancia Total: 1326.0
Quantidade de Pickers: 7
