Rota do Picker 1: [0, 21, 3, 4, 13, 92, 54, 74, 93, 73, 36, 8, 82, 91, 31, 35, 94, 65, 84, 25, 56, 81, 61, 41, 1, 0]
Rota do Picker 2: [0, 1, 41, 56, 17, 35, 93, 73, 92, 36, 74, 54, 52, 37, 75, 13, 8, 5, 4, 3, 81, 61, 21, 0]
Rota do Picker 3: [0, 25, 21, 41, 61, 81, 3, 4, 65, 45, 43, 83, 1, 13, 93, 74, 18, 17, 0]
Rota do Picker 4: [0, 91, 3, 81, 61, 41, 21, 1, 4, 44, 64, 25, 5, 63, 36, 56, 71, 22, 82, 54, 94, 35, 16, 73, 13, 0]
Rota do Picker 5: [0, 13, 3, 81, 61, 41, 1, 21, 7, 17, 36, 16, 37, 44, 84, 45, 26, 6, 4, 64, 0]
Rota do Picker 6: [0, 6, 82, 21, 13, 73, 56, 74, 94, 18, 35, 55, 75, 37, 4, 64, 7, 3, 81, 61, 41, 1, 0]
Rota do Picker 7: [0, 1, 21, 61, 81, 41, 3, 83, 7, 6, 51, 54, 13, 73, 4, 44, 64, 84, 5, 65, 8, 36, 0]
Rota do Picker 8: [0, 21, 41, 61, 3, 4, 84, 44, 6, 37, 17, 35, 75, 13, 93, 16, 18, 45, 5, 26, 81, 1, 0]
Rota do Picker 9: [0, 1, 21, 41, 81, 61, 6, 26, 56, 36, 33, 25, 5, 4, 65, 17, 75, 74, 13, 3, 0]
Rota do Picker 10: [0, 21, 1, 81, 41, 61, 3, 63, 13, 93, 54, 92, 35, 74, 94, 5, 6, 7, 44, 4, 82, 0]
Rota do Picker 11: [0, 21, 1, 61, 41, 81, 45, 5, 4, 82, 3, 13, 32, 0]

Caso de teste: SLAPRP_Guo_small_O200_alpha0.3_v5.txt

Distancia Total: 1318.0
Quantidade de Pickers: 11
