Rota do Picker 1: [0, 21, 41, 61, 52, 16, 6, 1, 13, 33, 4, 42, 62, 32, 43, 64, 83, 44, 53, 0]
Rota do Picker 2: [0, 55, 32, 43, 18, 73, 37, 57, 22, 52, 92, 16, 35, 74, 34, 12, 1, 13, 15, 75, 53, 17, 33, 61, 41, 21, 0]
Rota do Picker 3: [0, 1, 21, 41, 32, 15, 4, 64, 42, 45, 5, 25, 3, 24, 16, 44, 23, 74, 6, 7, 14, 34, 22, 26, 43, 92, 31, 62, 81, 61, 0]
Rota do Picker 4: [0, 1, 41, 4, 24, 14, 34, 53, 22, 32, 72, 21, 61, 16, 35, 15, 23, 3, 33, 13, 73, 93, 44, 17, 54, 74, 42, 82, 94, 0]
Rota do Picker 5: [0, 1, 21, 41, 4, 44, 13, 14, 34, 61, 43, 35, 0]

Caso de teste: SLAPRP_Guo_small_O50_alpha0.3_v8.txt

Distancia Total: 768.0
Quantidade de Pickers: 5
