Rota do Picker 1: [0, 41, 7, 27, 9, 10, 50, 26, 45, 18, 87, 1, 32, 89, 69, 8, 65, 21, 2, 22, 28, 46, 0]
Rota do Picker 2: [0, 37, 19, 18, 26, 7, 57, 45, 1, 39, 10, 55, 20, 46, 74, 11, 75, 36, 17, 40, 59, 28, 77, 2, 31, 51, 0]
Rota do Picker 3: [0, 9, 10, 41, 28, 30, 69, 3, 87, 2, 21, 1, 45, 27, 7, 8, 26, 46, 18, 36, 0]
Rota do Picker 4: [0, 11, 55, 75, 7, 45, 64, 17, 1, 28, 18, 37, 22, 27, 9, 8, 2, 41, 26, 21, 13, 76, 19, 36, 69, 89, 97, 40, 30, 10, 46, 57, 31, 0]
Rota do Picker 5: [0, 2, 46, 8, 87, 28, 84, 21, 65, 1, 69, 89, 50, 18, 64, 10, 22, 45, 26, 9, 27, 7, 3, 30, 0]
Rota do Picker 6: [0, 18, 8, 1, 37, 7, 26, 46, 57, 3, 27, 30, 19, 89, 87, 50, 40, 45, 69, 9, 11, 36, 28, 76, 65, 0]
Rota do Picker 7: [0, 30, 89, 69, 2, 50, 87, 45, 46, 27, 9, 8, 7, 84, 26, 28, 10, 0]
Rota do Picker 8: [0, 26, 46, 7, 9, 30, 84, 36, 21, 57, 64, 1, 17, 89, 69, 32, 22, 2, 41, 8, 10, 45, 18, 27, 87, 37, 0]
Rota do Picker 9: [0, 1, 7, 8, 9, 30, 27, 45, 89, 21, 50, 46, 69, 22, 3, 10, 28, 84, 87, 26, 0]
Rota do Picker 10: [0, 8, 28, 9, 69, 17, 60, 97, 57, 84, 32, 30, 36, 87, 64, 89, 19, 21, 7, 10, 27, 18, 45, 46, 26, 1, 3, 0]
Rota do Picker 11: [0, 22, 28, 46, 21, 3, 27, 30, 50, 41, 40, 87, 1, 9, 69, 18, 8, 37, 17, 10, 19, 57, 45, 26, 7, 2, 0]
Rota do Picker 12: [0, 7, 27, 26, 45, 17, 18, 19, 21, 11, 31, 55, 57, 46, 28, 36, 32, 74, 37, 76, 9, 20, 60, 87, 8, 2, 3, 40, 0]

Caso de teste: SLAPRP_Guo_small_O200_alpha0.3_v9.txt

Distancia Total: 2844.0
Quantidade de Pickers: 12
