Rota do Picker 1: [0, 9, 2, 30, 21, 50, 8, 42, 46, 26, 5, 10, 43, 23, 0]
Rota do Picker 2: [0, 41, 5, 26, 32, 20, 10, 2, 42, 23, 51, 24, 76, 30, 1, 34, 46, 45, 4, 61, 21, 14, 9, 43, 3, 8, 0]
Rota do Picker 3: [0, 23, 13, 14, 57, 1, 55, 15, 52, 2, 60, 20, 53, 72, 51, 11, 26, 40, 76, 32, 10, 36, 37, 17, 42, 61, 41, 21, 0]
Rota do Picker 4: [0, 21, 23, 46, 66, 32, 14, 42, 9, 76, 20, 11, 52, 10, 1, 5, 26, 34, 3, 43, 40, 62, 8, 24, 51, 61, 41, 2, 57, 0]
Rota do Picker 5: [0, 42, 26, 76, 62, 50, 41, 4, 2, 3, 30, 34, 5, 51, 32, 10, 43, 21, 23, 46, 9, 8, 0]
Rota do Picker 6: [0, 8, 4, 52, 72, 51, 37, 21, 10, 17, 34, 3, 76, 9, 1, 32, 41, 40, 14, 46, 26, 42, 2, 62, 23, 11, 20, 43, 13, 53, 0]
Rota do Picker 7: [0, 1, 8, 21, 30, 40, 26, 23, 42, 2, 24, 9, 62, 32, 4, 46, 76, 13, 14, 5, 34, 3, 22, 43, 51, 0]
Rota do Picker 8: [0, 51, 62, 40, 33, 2, 1, 43, 10, 60, 20, 34, 11, 23, 42, 13, 97, 57, 14, 76, 15, 61, 12, 52, 53, 8, 26, 37, 17, 72, 32, 41, 21, 0]
Rota do Picker 9: [0, 21, 42, 26, 46, 9, 20, 23, 10, 51, 14, 41, 66, 5, 45, 32, 61, 30, 40, 43, 4, 8, 24, 62, 1, 0]
Rota do Picker 10: [0, 12, 30, 1, 42, 26, 66, 10, 32, 21, 23, 46, 9, 4, 2, 43, 3, 62, 51, 24, 41, 8, 76, 0]
Rota do Picker 11: [0, 42, 57, 8, 45, 4, 2, 5, 61, 41, 34, 62, 51, 76, 40, 9, 46, 23, 1, 26, 43, 14, 32, 21, 3, 11, 20, 0]

Caso de teste: SLAPRP_Guo_small_O200_alpha0.4_v9.txt

Distancia Total: 2490.0
Quantidade de Pickers: 11
