Rota do Picker 1: [0, 13, 41, 61, 81, 4, 29, 34, 84, 52, 21, 5, 67, 33, 91, 26, 64, 24, 87, 46, 27, 25, 28, 1, 44, 66, 85, 15, 45, 86, 0]
Rota do Picker 2: [0, 1, 21, 61, 13, 91, 6, 7, 29, 72, 10, 64, 86, 85, 25, 81, 5, 45, 27, 9, 34, 26, 84, 44, 24, 4, 41, 87, 48, 47, 67, 66, 0]
Rota do Picker 3: [0, 61, 81, 22, 5, 41, 4, 24, 44, 8, 65, 25, 10, 13, 87, 86, 52, 48, 66, 72, 26, 47, 64, 84, 7, 21, 1, 0]
Rota do Picker 4: [0, 26, 6, 52, 32, 81, 1, 34, 13, 48, 44, 4, 41, 21, 5, 11, 61, 29, 15, 72, 10, 33, 87, 24, 66, 53, 0]
Rota do Picker 5: [0, 1, 5, 25, 45, 10, 21, 6, 26, 8, 28, 29, 91, 87, 9, 47, 86, 27, 48, 67, 7, 41, 30, 46, 81, 61, 0]
Rota do Picker 6: [0, 52, 27, 86, 26, 6, 21, 87, 67, 84, 4, 61, 41, 1, 34, 47, 29, 9, 48, 65, 30, 44, 24, 13, 10, 28, 8, 81, 64, 5, 25, 45, 85, 0]
Rota do Picker 7: [0, 46, 85, 28, 8, 52, 10, 24, 26, 87, 81, 29, 91, 9, 84, 21, 27, 6, 13, 86, 66, 64, 44, 4, 61, 41, 1, 34, 0]
Rota do Picker 8: [0, 13, 26, 24, 81, 4, 27, 87, 52, 34, 1, 21, 61, 6, 66, 72, 12, 41, 91, 10, 44, 86, 47, 45, 5, 7, 25, 64, 67, 84, 85, 0]
Rota do Picker 9: [0, 41, 61, 4, 24, 44, 26, 27, 29, 84, 85, 48, 8, 45, 25, 5, 66, 30, 6, 1, 9, 86, 82, 7, 10, 65, 81, 67, 47, 2, 21, 0]
Rota do Picker 10: [0, 67, 14, 46, 5, 45, 53, 52, 72, 15, 24, 4, 81, 21, 1, 87, 33, 13, 83, 3, 61, 41, 32, 26, 44, 27, 0]
Rota do Picker 11: [0, 21, 61, 4, 24, 46, 29, 52, 7, 6, 9, 25, 5, 81, 1, 41, 44, 64, 47, 15, 45, 85, 8, 48, 84, 10, 27, 66, 26, 87, 0]
Rota do Picker 12: [0, 1, 21, 13, 81, 91, 0]
Rota do Picker 13: [0, 41, 61, 12, 72, 6, 91, 34, 15, 52, 32, 81, 33, 1, 13, 53, 0]
Rota do Picker 14: [0, 1, 4, 64, 52, 84, 27, 9, 5, 25, 45, 8, 67, 13, 44, 10, 86, 61, 6, 26, 46, 33, 81, 85, 24, 41, 21, 87, 0]

Caso de teste: SLAPRP_Guo_small_O200_alpha0.4_v10.txt

Distancia Total: 2872.0
Quantidade de Pickers: 14
