Rota do Picker 1: [0, 7, 27, 87, 26, 46, 45, 30, 10, 67, 50, 70, 47, 8, 69, 68, 9, 1, 48, 64, 0]
Rota do Picker 2: [0, 20, 68, 46, 1, 26, 10, 19, 7, 27, 87, 9, 69, 45, 37, 40, 0]
Rota do Picker 3: [0, 19, 21, 94, 31, 13, 59, 76, 2, 1, 47, 7, 93, 98, 39, 18, 55, 12, 50, 40, 75, 74, 11, 20, 26, 0]
Rota do Picker 4: [0, 1, 2, 64, 27, 9, 10, 37, 89, 70, 20, 48, 50, 76, 47, 94, 30, 45, 46, 69, 87, 67, 26, 8, 7, 21, 40, 60, 0]
Rota do Picker 5: [0, 11, 93, 7, 27, 9, 69, 46, 87, 89, 67, 70, 47, 26, 50, 8, 48, 45, 64, 30, 10, 0]
Rota do Picker 6: [0, 97, 26, 9, 45, 37, 20, 50, 67, 48, 1, 30, 19, 2, 83, 70, 89, 8, 10, 40, 21, 46, 68, 76, 7, 27, 87, 11, 18, 0]
Rota do Picker 7: [0, 7, 27, 87, 9, 69, 45, 10, 68, 48, 26, 67, 50, 46, 64, 8, 30, 0]

Caso de teste: SLAPRP_Guo_small_O100_alpha0.3_v7.txt

Distancia Total: 1504.0
Quantidade de Pickers: 7
