Rota do Picker 1: [0, 1, 41, 61, 4, 24, 42, 82, 81, 21, 15, 37, 18, 22, 43, 7, 27, 12, 53, 93, 73, 64, 62, 54, 74, 14, 16, 63, 23, 84, 3, 0]
Rota do Picker 2: [0, 1, 21, 41, 3, 42, 62, 2, 24, 64, 14, 36, 35, 46, 7, 44, 26, 6, 25, 8, 4, 5, 45, 22, 23, 43, 16, 53, 0]
Rota do Picker 3: [0, 1, 4, 24, 6, 3, 23, 63, 22, 11, 35, 54, 14, 15, 93, 53, 73, 36, 83, 43, 61, 21, 27, 7, 62, 42, 41, 81, 0]
Rota do Picker 4: [0, 1, 64, 61, 21, 22, 42, 62, 17, 16, 43, 23, 3, 41, 81, 82, 6, 8, 25, 5, 45, 65, 4, 24, 7, 51, 0]
Rota do Picker 5: [0, 1, 21, 41, 62, 82, 35, 55, 37, 36, 17, 43, 6, 46, 27, 7, 44, 24, 42, 22, 25, 74, 32, 12, 92, 94, 34, 64, 4, 23, 3, 61, 0]
Rota do Picker 6: [0, 1, 21, 22, 42, 62, 82, 4, 44, 24, 3, 23, 25, 5, 45, 41, 81, 14, 35, 15, 34, 92, 72, 0]

Caso de teste: SLAPRP_Guo_small_O100_alpha0.3_v4.txt

Distancia Total: 860.0
Quantidade de Pickers: 6
