SKUs: 40
Pedidos: 57

Primeiro pedido:
Order(1, [1, 3, 6, 7, 12, 29, 37])

Ultimo pedido:
Order(57, [7, 8, 25, 27, 36])

Location(1, 1, -1, 20)
Location(2, 1, -2, 20)
Location(3, 1, -3, 20)
Location(4, 1, -4, 20)
Location(5, 1, -5, 20)
Location(6, 1, -6, 20)
Location(7, 1, -7, 20)
Location(8, 1, -8, 20)
Location(9, 1, -9, 20)
Location(10, 1, -10, 40)
Location(11, 1, 1, 20)
Location(12, 1, 2, 20)
Location(13, 1, 3, 20)
Location(14, 1, 4, 20)
Location(15, 1, 5, 20)
Location(16, 1, 6, 20)
Location(17, 1, 7, 20)
Location(18, 1, 8, 20)
Location(19, 1, 9, 20)
Location(20, 1, 10, 40)
Location(21, 2, -1, 20)
Location(22, 2, -2, 20)
Location(23, 2, -3, 20)
Location(24, 2, -4, 20)
Location(25, 2, -5, 20)
Location(26, 2, -6, 20)
Location(27, 2, -7, 20)
Location(28, 2, -8, 20)
Location(29, 2, -9, 20)
Location(30, 2, -10, 40)
Location(31, 2, 1, 20)
Location(32, 2, 2, 20)
Location(33, 2, 3, 20)
Location(34, 2, 4, 20)
Location(35, 2, 5, 20)
Location(36, 2, 6, 20)
Location(37, 2, 7, 20)
Location(38, 2, 8, 20)
Location(39, 2, 9, 20)
Location(40, 2, 10, 40)
Location(41, 3, -1, 20)
Location(42, 3, -2, 20)
Location(43, 3, -3, 20)
Location(44, 3, -4, 20)
Location(45, 3, -5, 20)
Location(46, 3, -6, 20)
Location(47, 3, -7, 20)
Location(48, 3, -8, 20)
Location(49, 3, -9, 20)
Location(50, 3, -10, 40)
Location(51, 3, 1, 20)
Location(52, 3, 2, 20)
Location(53, 3, 3, 20)
Location(54, 3, 4, 20)
Location(55, 3, 5, 20)
Location(56, 3, 6, 20)
Location(57, 3, 7, 20)
Location(58, 3, 8, 20)
Location(59, 3, 9, 20)
Location(60, 3, 10, 40)
Location(61, 4, -1, 20)
Location(62, 4, -2, 20)
Location(63, 4, -3, 20)
Location(64, 4, -4, 20)
Location(65, 4, -5, 20)
Location(66, 4, -6, 20)
Location(67, 4, -7, 20)
Location(68, 4, -8, 20)
Location(69, 4, -9, 20)
Location(70, 4, -10, 40)
Location(71, 4, 1, 20)
Location(72, 4, 2, 20)
Location(73, 4, 3, 20)
Location(74, 4, 4, 20)
Location(75, 4, 5, 20)
Location(76, 4, 6, 20)
Location(77, 4, 7, 20)
Location(78, 4, 8, 20)
Location(79, 4, 9, 20)
Location(80, 4, 10, 40)
Location(81, 5, -1, 20)
Location(82, 5, -2, 20)
Location(83, 5, -3, 20)
Location(84, 5, -4, 20)
Location(85, 5, -5, 20)
Location(86, 5, -6, 20)
Location(87, 5, -7, 20)
Location(88, 5, -8, 20)
Location(89, 5, -9, 20)
Location(90, 5, -10, 40)
Location(91, 5, 1, 20)
Location(92, 5, 2, 20)
Location(93, 5, 3, 20)
Location(94, 5, 4, 20)
Location(95, 5, 5, 20)
Location(96, 5, 6, 20)
Location(97, 5, 7, 20)
Location(98, 5, 8, 20)
Location(99, 5, 9, 20)
Location(100, 5, 10, 40)

Frequencias: [27, 23, 23, 28, 23, 26, 34, 21, 2, 1, 0, 3, 5, 0, 6, 2, 2, 2, 2, 4, 7, 1, 4, 3, 6, 3, 6, 1, 6, 3, 4, 0, 2, 4, 2, 4, 3, 4, 0, 0]

Matriz de coocorrencia: 
40×40 Matrix{Int64}:
  0  11  12  12  13  14  17  10  1  0  0  3  2  0  3  1  1  1  1  1  3  1  2  2  2  1  2  1  4  0  2  0  0  3  2  1  2  1  0  0
 11   0  12  13  16  11  14  10  1  0  0  0  0  0  2  0  1  1  0  1  2  0  2  2  2  1  2  0  0  2  2  0  1  3  0  2  1  1  0  0
 12  12   0  10   8  11  16  12  1  0  0  2  2  0  2  0  0  2  0  2  5  0  2  1  2  3  1  1  3  1  2  0  1  1  0  0  2  2  0  0
 12  13  10   0  13  12  16   8  1  1  0  2  2  0  5  1  2  2  2  1  4  1  2  2  3  2  3  1  3  2  2  0  2  1  1  1  2  3  0  0
 13  16   8  13   0  12  12   8  1  0  0  0  2  0  3  0  1  0  1  2  3  1  1  1  1  1  2  0  0  2  1  0  1  4  2  2  1  2  0  0
 14  11  11  12  12   0  14   9  0  0  0  1  2  0  3  2  1  1  0  1  1  0  1  0  2  0  3  0  4  0  2  0  0  3  1  1  3  2  0  0
 17  14  16  16  12  14   0  16  2  0  0  2  3  0  2  1  0  2  1  4  2  0  1  0  5  2  5  0  2  1  2  0  1  3  1  4  3  2  0  0
 10  10  12   8   8   9  16   0  1  0  0  1  1  0  1  0  0  1  0  3  1  0  0  0  4  2  1  0  1  1  2  0  1  2  0  1  1  2  0  0
  1   1   1   1   1   0   2   1  0  0  0  1  0  0  0  0  0  1  0  0  0  0  0  0  0  0  0  0  0  0  0  0  0  0  0  1  0  0  0  0
  0   0   0   1   0   0   0   0  0  0  0  0  1  0  0  0  0  0  0  0  1  0  0  0  0  0  0  0  1  0  0  0  1  0  0  0  0  0  0  0
  0   0   0   0   0   0   0   0  0  0  0  0  0  0  0  0  0  0  0  0  0  0  0  0  0  0  0  0  0  0  0  0  0  0  0  0  0  0  0  0
  3   0   2   2   0   1   2   1  1  0  0  0  0  0  0  0  1  1  0  0  0  0  0  1  0  0  1  0  1  0  1  0  0  0  0  0  1  0  0  0
  2   0   2   2   2   2   3   1  0  1  0  0  0  0  0  0  0  0  0  0  2  0  0  0  0  0  0  0  1  0  0  0  1  1  1  0  0  0  0  0
  0   0   0   0   0   0   0   0  0  0  0  0  0  0  0  0  0  0  0  0  0  0  0  0  0  0  0  0  0  0  0  0  0  0  0  0  0  0  0  0
  3   2   2   5   3   3   2   1  0  0  0  0  0  0  0  1  1  0  0  1  2  0  1  0  0  1  0  1  1  1  0  0  0  0  0  0  0  1  0  0
  1   0   0   1   0   2   1   0  0  0  0  0  0  0  1  0  0  0  0  0  0  0  1  0  0  0  0  0  0  0  0  0  0  0  0  0  0  0  0  0
  1   1   0   2   1   1   0   0  0  0  0  1  0  0  1  0  0  0  0  0  0  0  0  1  0  0  1  0  0  0  1  0  0  0  0  0  0  0  0  0
  1   1   2   2   0   1   2   1  1  0  0  1  0  0  0  0  0  0  0  0  0  0  0  0  0  0  0  0  0  0  0  0  0  0  0  0  1  0  0  0
  1   0   0   2   1   0   1   0  0  0  0  0  0  0  0  0  0  0  0  0  1  1  0  0  0  0  0  0  0  0  0  0  0  0  0  1  0  0  0  0
  1   1   2   1   2   1   4   3  0  0  0  0  0  0  1  0  0  0  0  0  0  0  0  0  1  1  0  0  0  0  0  0  0  1  0  0  0  0  0  0
  3   2   5   4   3   1   2   1  0  1  0  0  2  0  2  0  0  0  1  0  0  0  1  0  0  1  0  1  2  1  0  0  1  1  0  1  0  1  0  0
  1   0   0   1   1   0   0   0  0  0  0  0  0  0  0  0  0  0  1  0  0  0  0  0  0  0  0  0  0  0  0  0  0  0  0  0  0  0  0  0
  2   2   2   2   1   1   1   0  0  0  0  0  0  0  1  1  0  0  0  0  1  0  0  0  0  1  0  1  0  1  0  0  0  0  0  0  0  0  0  0
  2   2   1   2   1   0   0   0  0  0  0  1  0  0  0  0  1  0  0  0  0  0  0  0  0  0  1  0  0  0  1  0  0  0  0  0  0  0  0  0
  2   2   2   3   1   2   5   4  0  0  0  0  0  0  0  0  0  0  0  1  0  0  0  0  0  1  1  0  0  0  1  0  0  0  1  1  0  0  0  0
  1   1   3   2   1   0   2   2  0  0  0  0  0  0  1  0  0  0  0  1  1  0  1  0  1  0  0  1  0  0  0  0  1  0  0  0  0  0  0  0
  2   2   1   3   2   3   5   1  0  0  0  1  0  0  0  0  1  0  0  0  0  0  0  1  1  0  0  0  0  0  1  0  0  1  0  2  0  0  0  0
  1   0   1   1   0   0   0   0  0  0  0  0  0  0  1  0  0  0  0  0  1  0  1  0  0  1  0  0  0  0  0  0  0  0  0  0  0  0  0  0
  4   0   3   3   0   4   2   1  0  1  0  1  1  0  1  0  0  0  0  0  2  0  0  0  0  0  0  0  0  0  0  0  1  0  0  0  1  0  0  0
  0   2   1   2   2   0   1   1  0  0  0  0  0  0  1  0  0  0  0  0  1  0  1  0  0  0  0  0  0  0  1  0  0  0  0  0  0  1  0  0
  2   2   2   2   1   2   2   2  0  0  0  1  0  0  0  0  1  0  0  0  0  0  0  1  1  0  1  0  0  1  0  0  0  0  0  0  0  0  0  0
  0   0   0   0   0   0   0   0  0  0  0  0  0  0  0  0  0  0  0  0  0  0  0  0  0  0  0  0  0  0  0  0  0  0  0  0  0  0  0  0
  0   1   1   2   1   0   1   1  0  1  0  0  1  0  0  0  0  0  0  0  1  0  0  0  0  1  0  0  1  0  0  0  0  0  0  0  0  0  0  0
  3   3   1   1   4   3   3   2  0  0  0  0  1  0  0  0  0  0  0  1  1  0  0  0  0  0  1  0  0  0  0  0  0  0  0  1  0  0  0  0
  2   0   0   1   2   1   1   0  0  0  0  0  1  0  0  0  0  0  0  0  0  0  0  0  1  0  0  0  0  0  0  0  0  0  0  0  0  0  0  0
  1   2   0   1   2   1   4   1  1  0  0  0  0  0  0  0  0  0  1  0  1  0  0  0  1  0  2  0  0  0  0  0  0  1  0  0  0  0  0  0
  2   1   2   2   1   3   3   1  0  0  0  1  0  0  0  0  0  1  0  0  0  0  0  0  0  0  0  0  1  0  0  0  0  0  0  0  0  1  0  0
  1   1   2   3   2   2   2   2  0  0  0  0  0  0  1  0  0  0  0  0  1  0  0  0  0  0  0  0  0  1  0  0  0  0  0  0  1  0  0  0
  0   0   0   0   0   0   0   0  0  0  0  0  0  0  0  0  0  0  0  0  0  0  0  0  0  0  0  0  0  0  0  0  0  0  0  0  0  0  0  0
  0   0   0   0   0   0   0   0  0  0  0  0  0  0  0  0  0  0  0  0  0  0  0  0  0  0  0  0  0  0  0  0  0  0  0  0  0  0  0  0
SKU(27, 201.0, 0.07)
SKU(23, 159.0, 0.08)
SKU(23, 86.0, 0.21)
SKU(28, 153.0, 0.1)
SKU(23, 107.0, 0.13)
SKU(26, 172.0, 0.08)
SKU(34, 211.0, 0.07)
SKU(21, 127.0, 0.11)
SKU(2, 46.0, 0.09)
SKU(1, 18.0, 0.21)
SKU(0, 26.0, 0.11)
SKU(3, 44.0, 0.12)
SKU(5, 37.0, 0.19)
SKU(0, 35.0, 0.07)
SKU(6, 111.0, 0.05)
SKU(2, 51.0, 0.09)
SKU(2, 52.0, 0.08)
SKU(2, 38.0, 0.12)
SKU(2, 16.0, 0.26)
SKU(4, 30.0, 0.17)
SKU(7, 109.0, 0.07)
SKU(1, 25.0, 0.16)
SKU(4, 51.0, 0.1)
SKU(3, 91.0, 0.05)
SKU(6, 60.0, 0.11)
SKU(3, 57.0, 0.09)
SKU(6, 62.0, 0.13)
SKU(1, 25.0, 0.16)
SKU(6, 105.0, 0.06)
SKU(3, 100.0, 0.04)
SKU(4, 39.0, 0.15)
SKU(0, 38.0, 0.06)
SKU(2, 59.0, 0.07)
SKU(4, 96.0, 0.05)
SKU(2, 35.0, 0.12)
SKU(4, 31.0, 0.16)
SKU(3, 92.0, 0.04)
SKU(4, 36.0, 0.14)
SKU(0, 27.0, 0.08)
SKU(0, 19.0, 0.12)

extremidades das matrizes:
S_hat: (-0.12497682786706822, 0.8083316006365114)
S_hat * P: (-0.11226622034365331, 0.7261212749320172)
W * S_hat: (0.0, 1.288721229427182)
W * S_hat * P: (0.0, 1.1576534944406)
correlacao{S_hat, S_hat_hat} = 0.9859695600743782

Posicao 1 (Corredor 1, Prateleira -1)
   SKU 1 -> 69
   SKU 6 -> 5
   SKU 7 -> 211

Posicao 2 (Corredor 1, Prateleira -2)
   SKU 5 -> 35
   SKU 8 -> 127
   SKU 15 -> 29

Posicao 3 (Corredor 1, Prateleira -3)
   SKU 23 -> 51
   SKU 24 -> 91
   SKU 27 -> 62

Posicao 11 (Corredor 1, Prateleira 1)
   SKU 1 -> 132
   SKU 4 -> 2
   SKU 6 -> 132

Posicao 12 (Corredor 1, Prateleira 2)
   SKU 3 -> 39
   SKU 15 -> 82
   SKU 21 -> 109

Posicao 13 (Corredor 1, Prateleira 3)
   SKU 17 -> 52
   SKU 20 -> 30
   SKU 26 -> 57

Posicao 21 (Corredor 2, Prateleira -1)
   SKU 2 -> 155
   SKU 4 -> 48
   SKU 6 -> 35

Posicao 22 (Corredor 2, Prateleira -2)
   SKU 3 -> 47
   SKU 29 -> 105
   SKU 37 -> 92

Posicao 23 (Corredor 2, Prateleira -3)
   SKU 9 -> 46
   SKU 18 -> 38
   SKU 35 -> 35

Posicao 31 (Corredor 2, Prateleira 1)
   SKU 2 -> 4
   SKU 4 -> 103
   SKU 5 -> 72

Posicao 32 (Corredor 2, Prateleira 2)
   SKU 25 -> 60
   SKU 30 -> 100
   SKU 34 -> 96

Posicao 33 (Corredor 2, Prateleira 3)
   SKU 10 -> 18
   SKU 16 -> 51

Posicao 41 (Corredor 3, Prateleira -1)
   SKU 12 -> 44
   SKU 13 -> 37
   SKU 31 -> 39

Posicao 42 (Corredor 3, Prateleira -2)
   SKU 19 -> 16
   SKU 22 -> 25
   SKU 28 -> 25

Posicao 51 (Corredor 3, Prateleira 1)
   SKU 33 -> 59
   SKU 36 -> 31
   SKU 38 -> 36

Posicao 85 (Corredor 5, Prateleira -5)
   SKU 14 -> 35
   SKU 32 -> 38

Posicao 97 (Corredor 5, Prateleira 7)
   SKU 40 -> 19

Posicao 99 (Corredor 5, Prateleira 9)
   SKU 11 -> 26

Posicao 100 (Corredor 5, Prateleira 10)
   SKU 39 -> 27

