Rota do Picker 1: [0, 4, 52, 92, 21, 41, 61, 15, 35, 16, 7, 26, 0]
Rota do Picker 2: [0, 24, 5, 42, 22, 45, 6, 4, 61, 41, 21, 1, 44, 26, 83, 43, 64, 25, 23, 3, 63, 82, 0]
Rota do Picker 3: [0, 61, 4, 24, 25, 52, 72, 92, 37, 81, 23, 18, 33, 46, 26, 12, 63, 43, 41, 8, 73, 93, 53, 64, 42, 56, 17, 5, 44, 3, 21, 1, 62, 34, 0]
Rota do Picker 4: [0, 21, 41, 23, 45, 82, 65, 64, 62, 25, 4, 81, 46, 53, 5, 63, 43, 3, 61, 42, 22, 1, 24, 18, 0]
Rota do Picker 5: [0, 1, 21, 3, 23, 43, 4, 25, 62, 22, 6, 5, 45, 7, 61, 41, 83, 64, 65, 27, 63, 26, 42, 44, 24, 0]
Rota do Picker 6: [0, 42, 41, 5, 45, 7, 63, 8, 21, 6, 26, 46, 23, 3, 64, 25, 83, 43, 27, 24, 65, 44, 4, 1, 0]
Rota do Picker 7: [0, 21, 41, 61, 15, 1, 71, 91, 16, 93, 34, 31, 53, 35, 74, 18, 56, 37, 17, 81, 55, 8, 0]

Caso de teste: SLAPRP_Guo_small_O100_alpha0.4_v4.txt

Distancia Total: 1074.0
Quantidade de Pickers: 7
