Rota do Picker 1: [0, 21, 0]
Rota do Picker 2: [0, 21, 0]
Rota do Picker 3: [0, 1, 0]
Rota do Picker 4: [0, 21, 0]
Rota do Picker 5: [0, 1, 0]
Rota do Picker 6: [0, 15, 36, 16, 56, 23, 44, 64, 42, 22, 7, 6, 4, 63, 43, 3, 75, 54, 34, 94, 81, 61, 1, 21, 41, 62, 82, 0]
Rota do Picker 7: [0, 1, 21, 61, 81, 3, 6, 8, 5, 45, 75, 73, 93, 42, 62, 82, 83, 63, 23, 43, 26, 46, 16, 17, 37, 13, 41, 4, 0]
Rota do Picker 8: [0, 21, 61, 81, 1, 41, 36, 16, 56, 34, 74, 3, 63, 8, 18, 13, 4, 24, 0]
Rota do Picker 9: [0, 21, 23, 43, 63, 46, 26, 6, 44, 4, 83, 1, 41, 61, 81, 3, 7, 24, 5, 45, 94, 34, 75, 35, 71, 31, 0]
Rota do Picker 10: [0, 1, 22, 43, 3, 21, 41, 61, 81, 6, 5, 63, 23, 24, 84, 4, 82, 33, 53, 93, 73, 12, 54, 17, 52, 32, 13, 0]

Caso de teste: SLAPRP_Guo_small_O100_alpha0.4_v9.txt

Distancia Total: 630.0
Quantidade de Pickers: 10
