Rota do Picker 1: [0, 91, 6, 22, 3, 41, 1, 81, 61, 21, 25, 23, 2, 42, 43, 83, 19, 57, 76, 36, 17, 75, 74, 0]
Rota do Picker 2: [0, 5, 41, 1, 21, 61, 91, 18, 44, 4, 22, 62, 82, 25, 63, 3, 17, 74, 36, 96, 43, 0]
Rota do Picker 3: [0, 83, 63, 91, 17, 75, 45, 43, 1, 21, 41, 61, 3, 22, 82, 62, 4, 5, 25, 18, 38, 0]
Rota do Picker 4: [0, 41, 21, 1, 3, 22, 81, 61, 23, 5, 6, 45, 91, 75, 36, 18, 76, 0]
Rota do Picker 5: [0, 21, 1, 41, 61, 81, 91, 76, 96, 18, 38, 74, 57, 5, 3, 22, 0]
Rota do Picker 6: [0, 21, 1, 22, 23, 41, 61, 3, 63, 4, 5, 81, 82, 62, 36, 56, 0]

Caso de teste: SLAPRP_Guo_small_O100_alpha0.4_v2.txt

Distancia Total: 686.0
Quantidade de Pickers: 6
