Rota do Picker 1: [0, 2, 26, 46, 27, 45, 20, 78, 12, 14, 55, 18, 39, 30, 10, 8, 7, 3, 9, 1, 21, 61, 0]
Rota do Picker 2: [0, 2, 22, 46, 7, 9, 45, 11, 12, 55, 37, 93, 62, 5, 27, 47, 20, 40, 52, 32, 1, 42, 28, 21, 33, 39, 18, 34, 13, 0]
Rota do Picker 3: [0, 2, 8, 28, 9, 45, 78, 18, 40, 20, 46, 26, 27, 7, 5, 1, 41, 61, 21, 0]
Rota do Picker 4: [0, 1, 41, 21, 2, 4, 3, 55, 13, 52, 32, 14, 22, 46, 26, 43, 23, 45, 30, 9, 8, 7, 27, 62, 42, 20, 39, 11, 33, 0]
Rota do Picker 5: [0, 46, 27, 7, 9, 10, 30, 5, 21, 1, 3, 22, 2, 45, 62, 4, 53, 93, 13, 23, 11, 41, 12, 36, 33, 0]
Rota do Picker 6: [0, 21, 28, 30, 12, 0]
Rota do Picker 7: [0, 1, 21, 7, 27, 9, 10, 45, 5, 2, 22, 62, 36, 78, 93, 13, 23, 8, 30, 28, 46, 26, 3, 0]
Rota do Picker 8: [0, 20, 40, 55, 94, 34, 12, 52, 72, 33, 97, 37, 18, 32, 1, 3, 43, 47, 7, 27, 46, 45, 23, 2, 11, 71, 36, 13, 42, 22, 21, 0]
Rota do Picker 9: [0, 21, 2, 26, 46, 27, 45, 4, 5, 11, 31, 55, 20, 39, 23, 3, 7, 9, 30, 18, 78, 36, 93, 33, 0]
Rota do Picker 10: [0, 21, 41, 46, 11, 52, 89, 9, 5, 8, 28, 61, 36, 20, 78, 18, 12, 1, 3, 23, 22, 2, 45, 30, 47, 27, 7, 0]
Rota do Picker 11: [0, 1, 3, 23, 8, 9, 10, 22, 21, 61, 4, 7, 14, 42, 2, 45, 5, 28, 27, 41, 11, 72, 93, 33, 36, 55, 18, 39, 78, 34, 32, 12, 0]
Rota do Picker 12: [0, 61, 71, 18, 34, 55, 12, 32, 14, 47, 7, 3, 11, 23, 1, 21, 28, 10, 45, 4, 42, 22, 2, 26, 46, 9, 30, 27, 62, 0]

Caso de teste: SLAPRP_Guo_small_O200_alpha0.3_v2.txt

Distancia Total: 1744.0
Quantidade de Pickers: 12
