Rota do Picker 1: [0, 1, 0]
Rota do Picker 2: [0, 10, 31, 11, 22, 2, 1, 41, 21, 23, 3, 52, 13, 12, 0]
Rota do Picker 3: [0, 51, 10, 21, 1, 2, 42, 23, 32, 12, 13, 0]
Rota do Picker 4: [0, 1, 21, 41, 2, 3, 10, 22, 51, 71, 11, 31, 13, 14, 12, 32, 0]
Rota do Picker 5: [0, 10, 3, 2, 21, 1, 41, 13, 52, 12, 22, 11, 51, 71, 31, 0]
Rota do Picker 6: [0, 12, 31, 11, 22, 2, 1, 21, 41, 42, 3, 14, 52, 32, 13, 51, 71, 0]
Rota do Picker 7: [0, 71, 51, 31, 21, 41, 1, 2, 22, 23, 3, 11, 13, 12, 32, 52, 0]
Rota do Picker 8: [0, 1, 21, 41, 11, 51, 32, 52, 12, 14, 31, 23, 3, 22, 2, 0]
Rota do Picker 9: [0, 1, 21, 41, 10, 2, 22, 3, 23, 32, 12, 52, 71, 51, 11, 31, 13, 0]
Rota do Picker 10: [0, 21, 1, 10, 2, 22, 52, 12, 11, 51, 31, 0]
Rota do Picker 11: [0, 1, 10, 2, 41, 21, 71, 51, 31, 11, 14, 32, 23, 3, 12, 0]
Rota do Picker 12: [0, 1, 21, 41, 2, 12, 14, 13, 32, 52, 23, 71, 31, 11, 0]
Rota do Picker 13: [0, 1, 21, 12, 31, 51, 11, 2, 42, 0]

Caso de teste: SLAPRP_Guo_small_O200_alpha0.2_v6.txt

Distancia Total: 676.0
Quantidade de Pickers: 13
