SKUs: 40
Pedidos: 100

Primeiro pedido:
Order(1, [2, 3, 4, 5, 6, 8])

Ultimo pedido:
Order(100, [1, 4, 5, 6, 8, 21, 27, 35])

Location(1, 1, -1, 20)
Location(2, 1, -2, 20)
Location(3, 1, -3, 20)
Location(4, 1, -4, 20)
Location(5, 1, -5, 20)
Location(6, 1, -6, 20)
Location(7, 1, -7, 20)
Location(8, 1, -8, 20)
Location(9, 1, -9, 20)
Location(10, 1, -10, 40)
Location(11, 1, 1, 20)
Location(12, 1, 2, 20)
Location(13, 1, 3, 20)
Location(14, 1, 4, 20)
Location(15, 1, 5, 20)
Location(16, 1, 6, 20)
Location(17, 1, 7, 20)
Location(18, 1, 8, 20)
Location(19, 1, 9, 20)
Location(20, 1, 10, 40)
Location(21, 2, -1, 20)
Location(22, 2, -2, 20)
Location(23, 2, -3, 20)
Location(24, 2, -4, 20)
Location(25, 2, -5, 20)
Location(26, 2, -6, 20)
Location(27, 2, -7, 20)
Location(28, 2, -8, 20)
Location(29, 2, -9, 20)
Location(30, 2, -10, 40)
Location(31, 2, 1, 20)
Location(32, 2, 2, 20)
Location(33, 2, 3, 20)
Location(34, 2, 4, 20)
Location(35, 2, 5, 20)
Location(36, 2, 6, 20)
Location(37, 2, 7, 20)
Location(38, 2, 8, 20)
Location(39, 2, 9, 20)
Location(40, 2, 10, 40)
Location(41, 3, -1, 20)
Location(42, 3, -2, 20)
Location(43, 3, -3, 20)
Location(44, 3, -4, 20)
Location(45, 3, -5, 20)
Location(46, 3, -6, 20)
Location(47, 3, -7, 20)
Location(48, 3, -8, 20)
Location(49, 3, -9, 20)
Location(50, 3, -10, 40)
Location(51, 3, 1, 20)
Location(52, 3, 2, 20)
Location(53, 3, 3, 20)
Location(54, 3, 4, 20)
Location(55, 3, 5, 20)
Location(56, 3, 6, 20)
Location(57, 3, 7, 20)
Location(58, 3, 8, 20)
Location(59, 3, 9, 20)
Location(60, 3, 10, 40)
Location(61, 4, -1, 20)
Location(62, 4, -2, 20)
Location(63, 4, -3, 20)
Location(64, 4, -4, 20)
Location(65, 4, -5, 20)
Location(66, 4, -6, 20)
Location(67, 4, -7, 20)
Location(68, 4, -8, 20)
Location(69, 4, -9, 20)
Location(70, 4, -10, 40)
Location(71, 4, 1, 20)
Location(72, 4, 2, 20)
Location(73, 4, 3, 20)
Location(74, 4, 4, 20)
Location(75, 4, 5, 20)
Location(76, 4, 6, 20)
Location(77, 4, 7, 20)
Location(78, 4, 8, 20)
Location(79, 4, 9, 20)
Location(80, 4, 10, 40)
Location(81, 5, -1, 20)
Location(82, 5, -2, 20)
Location(83, 5, -3, 20)
Location(84, 5, -4, 20)
Location(85, 5, -5, 20)
Location(86, 5, -6, 20)
Location(87, 5, -7, 20)
Location(88, 5, -8, 20)
Location(89, 5, -9, 20)
Location(90, 5, -10, 40)
Location(91, 5, 1, 20)
Location(92, 5, 2, 20)
Location(93, 5, 3, 20)
Location(94, 5, 4, 20)
Location(95, 5, 5, 20)
Location(96, 5, 6, 20)
Location(97, 5, 7, 20)
Location(98, 5, 8, 20)
Location(99, 5, 9, 20)
Location(100, 5, 10, 40)

Frequencias: [48, 45, 46, 52, 61, 44, 39, 62, 11, 5, 4, 1, 5, 13, 5, 8, 7, 5, 6, 3, 7, 5, 1, 4, 7, 0, 10, 5, 1, 4, 5, 7, 3, 3, 6, 8, 5, 3, 5, 0]

Matriz de coocorrencia: 
40×40 Matrix{Int64}:
  0  22  25  30  29  24  21  32  5  4  3  1  4  7  1  5  3  3  2  1  3  3  0  2  3  0  7  3  0  4  1  2  2  1  2  3  1  2  3  0
 22   0  24  27  31  22  18  33  5  2  1  1  4  4  2  4  1  3  4  0  3  1  0  2  2  0  2  2  0  1  4  2  2  1  2  5  2  2  2  0
 25  24   0  30  31  21  20  30  4  2  2  0  3  4  3  3  2  4  3  1  3  3  1  4  1  0  3  2  0  3  2  3  0  1  2  2  1  2  1  0
 30  27  30   0  35  25  22  33  8  2  4  1  5  5  3  5  2  2  1  0  4  3  1  1  3  0  4  4  1  3  3  3  2  2  4  5  2  1  2  0
 29  31  31  35   0  26  24  34  8  3  2  1  3  7  3  3  2  4  3  3  4  1  0  3  4  0  7  3  1  1  1  3  1  3  3  6  4  2  3  0
 24  22  21  25  26   0  16  28  5  1  0  0  3  7  2  3  3  3  3  1  4  3  0  1  4  0  3  2  1  2  2  2  0  1  3  4  2  2  1  0
 21  18  20  22  24  16   0  24  5  2  2  0  3  4  0  3  3  3  2  1  2  2  0  2  4  0  4  2  0  3  3  4  2  0  1  3  2  1  3  0
 32  33  30  33  34  28  24   0  8  2  1  0  3  7  2  5  4  3  5  2  4  3  0  3  5  0  5  3  0  0  5  5  1  2  5  5  3  2  3  0
  5   5   4   8   8   5   5   8  0  1  0  0  0  0  1  1  1  0  0  1  0  0  0  0  1  0  0  0  0  0  1  1  0  0  0  3  0  0  1  0
  4   2   2   2   3   1   2   2  1  0  0  0  0  2  0  0  0  0  0  0  0  0  0  0  0  0  0  0  0  0  0  1  1  0  1  1  0  0  0  0
  3   1   2   4   2   0   2   1  0  0  0  0  1  1  1  0  0  0  0  0  1  1  1  0  0  0  1  1  0  1  0  0  1  1  0  0  0  0  1  0
  1   1   0   1   1   0   0   0  0  0  0  0  0  0  0  0  0  0  0  0  0  0  0  0  0  0  0  1  0  0  0  0  0  0  0  0  0  0  0  0
  4   4   3   5   3   3   3   3  0  0  1  0  0  1  0  1  0  0  0  0  0  1  0  0  0  0  0  0  0  0  0  0  0  0  0  0  1  0  0  0
  7   4   4   5   7   7   4   7  0  2  1  0  1  0  0  0  0  0  0  0  3  1  0  1  2  0  2  0  0  0  0  1  0  1  0  0  1  0  1  0
  1   2   3   3   3   2   0   2  1  0  1  0  0  0  0  0  1  0  0  0  1  1  1  0  0  0  0  1  0  1  0  0  0  0  0  1  0  0  0  0
  5   4   3   5   3   3   3   5  1  0  0  0  1  0  0  0  0  0  0  0  0  0  0  0  0  0  1  0  1  1  1  2  0  0  0  0  1  0  0  0
  3   1   2   2   2   3   3   4  1  0  0  0  0  0  1  0  0  0  1  1  0  1  0  0  1  0  0  0  0  0  0  0  0  0  0  0  0  0  1  0
  3   3   4   2   4   3   3   3  0  0  0  0  0  0  0  0  0  0  1  0  0  0  0  0  0  0  1  1  0  0  0  0  0  0  0  0  0  0  0  0
  2   4   3   1   3   3   2   5  0  0  0  0  0  0  0  0  1  1  0  0  0  0  0  1  0  0  0  0  0  0  1  0  0  0  0  0  1  0  0  0
  1   0   1   0   3   1   1   2  1  0  0  0  0  0  0  0  1  0  0  0  0  0  0  1  0  0  0  0  0  0  0  0  0  0  1  0  0  0  1  0
  3   3   3   4   4   4   2   4  0  0  1  0  0  3  1  0  0  0  0  0  0  0  1  0  1  0  1  1  0  1  0  0  0  0  2  0  0  1  1  0
  3   1   3   3   1   3   2   3  0  0  1  0  1  1  1  0  1  0  0  0  0  0  0  0  0  0  0  0  0  1  0  0  1  0  0  0  0  0  1  0
  0   0   1   1   0   0   0   0  0  0  1  0  0  0  1  0  0  0  0  0  1  0  0  0  0  0  0  1  0  0  0  0  0  0  0  0  0  0  0  0
  2   2   4   1   3   1   2   3  0  0  0  0  0  1  0  0  0  0  1  1  0  0  0  0  0  0  0  0  0  0  0  0  0  0  1  0  0  1  0  0
  3   2   1   3   4   4   4   5  1  0  0  0  0  2  0  0  1  0  0  0  1  0  0  0  0  0  0  1  0  0  0  1  0  1  1  1  0  0  0  0
  0   0   0   0   0   0   0   0  0  0  0  0  0  0  0  0  0  0  0  0  0  0  0  0  0  0  0  0  0  0  0  0  0  0  0  0  0  0  0  0
  7   2   3   4   7   3   4   5  0  0  1  0  0  2  0  1  0  1  0  0  1  0  0  0  0  0  0  1  0  0  0  1  1  1  1  1  0  0  0  0
  3   2   2   4   3   2   2   3  0  0  1  1  0  0  1  0  0  1  0  0  1  0  1  0  1  0  1  0  0  0  0  1  0  0  0  1  0  0  0  0
  0   0   0   1   1   1   0   0  0  0  0  0  0  0  0  1  0  0  0  0  0  0  0  0  0  0  0  0  0  0  0  0  0  0  0  0  0  0  0  0
  4   1   3   3   1   2   3   0  0  0  1  0  0  0  1  1  0  0  0  0  1  1  0  0  0  0  0  0  0  0  0  0  1  0  0  0  0  1  1  0
  1   4   2   3   1   2   3   5  1  0  0  0  0  0  0  1  0  0  1  0  0  0  0  0  0  0  0  0  0  0  0  1  0  0  0  0  1  0  0  0
  2   2   3   3   3   2   4   5  1  1  0  0  0  1  0  2  0  0  0  0  0  0  0  0  1  0  1  1  0  0  1  0  1  0  0  2  1  0  0  0
  2   2   0   2   1   0   2   1  0  1  1  0  0  0  0  0  0  0  0  0  0  1  0  0  0  0  1  0  0  1  0  1  0  0  1  1  0  0  1  0
  1   1   1   2   3   1   0   2  0  0  1  0  0  1  0  0  0  0  0  0  0  0  0  0  1  0  1  0  0  0  0  0  0  0  0  0  1  0  0  0
  2   2   2   4   3   3   1   5  0  1  0  0  0  0  0  0  0  0  0  1  2  0  0  1  1  0  1  0  0  0  0  0  1  0  0  0  0  0  0  0
  3   5   2   5   6   4   3   5  3  1  0  0  0  0  1  0  0  0  0  0  0  0  0  0  1  0  1  1  0  0  0  2  1  0  0  0  0  1  1  0
  1   2   1   2   4   2   2   3  0  0  0  0  1  1  0  1  0  0  1  0  0  0  0  0  0  0  0  0  0  0  1  1  0  1  0  0  0  0  0  0
  2   2   2   1   2   2   1   2  0  0  0  0  0  0  0  0  0  0  0  0  1  0  0  1  0  0  0  0  0  1  0  0  0  0  0  1  0  0  1  0
  3   2   1   2   3   1   3   3  1  0  1  0  0  1  0  0  1  0  0  1  1  1  0  0  0  0  0  0  0  1  0  0  1  0  0  1  0  1  0  0
  0   0   0   0   0   0   0   0  0  0  0  0  0  0  0  0  0  0  0  0  0  0  0  0  0  0  0  0  0  0  0  0  0  0  0  0  0  0  0  0
SKU(48, 198.0, 0.07)
SKU(45, 167.0, 0.08)
SKU(46, 103.0, 0.21)
SKU(52, 155.0, 0.1)
SKU(61, 148.0, 0.13)
SKU(44, 161.0, 0.08)
SKU(39, 171.0, 0.07)
SKU(62, 162.0, 0.11)
SKU(11, 73.0, 0.09)
SKU(5, 25.0, 0.21)
SKU(4, 42.0, 0.11)
SKU(1, 22.0, 0.12)
SKU(5, 29.0, 0.19)
SKU(13, 93.0, 0.07)
SKU(5, 79.0, 0.05)
SKU(8, 55.0, 0.09)
SKU(7, 66.0, 0.08)
SKU(5, 40.0, 0.12)
SKU(6, 25.0, 0.26)
SKU(3, 23.0, 0.17)
SKU(7, 69.0, 0.07)
SKU(5, 35.0, 0.16)
SKU(1, 25.0, 0.1)
SKU(4, 75.0, 0.05)
SKU(7, 50.0, 0.11)
SKU(0, 21.0, 0.09)
SKU(10, 55.0, 0.13)
SKU(5, 29.0, 0.16)
SKU(1, 36.0, 0.06)
SKU(4, 82.0, 0.04)
SKU(5, 27.0, 0.15)
SKU(7, 82.0, 0.06)
SKU(3, 47.0, 0.07)
SKU(3, 67.0, 0.05)
SKU(6, 37.0, 0.12)
SKU(8, 32.0, 0.16)
SKU(5, 81.0, 0.04)
SKU(3, 24.0, 0.14)
SKU(5, 45.0, 0.08)
SKU(0, 13.0, 0.12)

extremidades das matrizes:
S_hat: (-0.1371340545502646, 0.7787495690397253)
S_hat * P: (-0.12783495460400712, 0.6705773811315207)
W * S_hat: (-0.08100752972974962, 1.2402977782959423)
W * S_hat * P: (0.0, 1.0688883409171688)
correlacao{S_hat, S_hat_hat} = 0.9582086168581911

Posicao 1 (Corredor 1, Prateleira -1)
   SKU 1 -> 198
   SKU 2 -> 5
   SKU 7 -> 82

Posicao 2 (Corredor 1, Prateleira -2)
   SKU 5 -> 70
   SKU 8 -> 69
   SKU 37 -> 81

Posicao 3 (Corredor 1, Prateleira -3)
   SKU 16 -> 55
   SKU 24 -> 75
   SKU 27 -> 55

Posicao 11 (Corredor 1, Prateleira 1)
   SKU 2 -> 162
   SKU 6 -> 11
   SKU 7 -> 88

Posicao 12 (Corredor 1, Prateleira 2)
   SKU 5 -> 78
   SKU 14 -> 93
   SKU 30 -> 82

Posicao 13 (Corredor 1, Prateleira 3)
   SKU 11 -> 42
   SKU 18 -> 40
   SKU 22 -> 35

Posicao 21 (Corredor 2, Prateleira -1)
   SKU 4 -> 58
   SKU 6 -> 150
   SKU 32 -> 36

Posicao 22 (Corredor 2, Prateleira -2)
   SKU 3 -> 63
   SKU 15 -> 79
   SKU 32 -> 46

Posicao 23 (Corredor 2, Prateleira -3)
   SKU 13 -> 29
   SKU 28 -> 29
   SKU 33 -> 47

Posicao 31 (Corredor 2, Prateleira 1)
   SKU 4 -> 97
   SKU 7 -> 1
   SKU 8 -> 93

Posicao 32 (Corredor 2, Prateleira 2)
   SKU 3 -> 40
   SKU 9 -> 73
   SKU 21 -> 69

Posicao 33 (Corredor 2, Prateleira 3)
   SKU 23 -> 25
   SKU 38 -> 24

Posicao 41 (Corredor 3, Prateleira -1)
   SKU 17 -> 66
   SKU 25 -> 50
   SKU 36 -> 32

Posicao 42 (Corredor 3, Prateleira -2)
   SKU 10 -> 25
   SKU 19 -> 25
   SKU 31 -> 27

Posicao 51 (Corredor 3, Prateleira 1)
   SKU 34 -> 67
   SKU 35 -> 37
   SKU 39 -> 45

Posicao 52 (Corredor 3, Prateleira 2)
   SKU 12 -> 22
   SKU 20 -> 23
   SKU 29 -> 36

Posicao 59 (Corredor 3, Prateleira 9)
   SKU 26 -> 21

Posicao 97 (Corredor 5, Prateleira 7)
   SKU 40 -> 13

