Rota do Picker 1: [0, 61, 31, 32, 18, 37, 77, 55, 94, 14, 20, 60, 40, 11, 10, 50, 30, 22, 2, 0]
Rota do Picker 2: [0, 22, 26, 46, 66, 8, 10, 50, 45, 23, 1, 21, 84, 67, 65, 55, 18, 37, 20, 19, 94, 14, 31, 11, 0]
Rota do Picker 3: [0, 1, 31, 32, 18, 20, 37, 77, 19, 40, 60, 94, 55, 11, 50, 30, 10, 8, 22, 51, 93, 33, 61, 41, 21, 46, 23, 45, 9, 0]
Rota do Picker 4: [0, 1, 41, 22, 31, 55, 18, 20, 40, 37, 77, 14, 11, 51, 21, 61, 30, 10, 32, 13, 93, 0]
Rota do Picker 5: [0, 84, 23, 31, 65, 8, 42, 2, 22, 37, 20, 40, 45, 50, 30, 77, 19, 18, 93, 32, 1, 41, 11, 52, 55, 94, 0]
Rota do Picker 6: [0, 47, 30, 46, 67, 9, 8, 42, 22, 21, 41, 14, 20, 19, 3, 23, 26, 66, 45, 7, 13, 0]
Rota do Picker 7: [0, 42, 23, 31, 32, 93, 37, 77, 18, 19, 40, 55, 2, 22, 30, 50, 10, 1, 65, 0]

Caso de teste: SLAPRP_Guo_small_O100_alpha0.3_v8.txt

Distancia Total: 1022.0
Quantidade de Pickers: 7
