Rota do Picker 1: [0, 1, 0]
Rota do Picker 2: [0, 1, 0]
Rota do Picker 3: [0, 1, 0]
Rota do Picker 4: [0, 1, 0]
Rota do Picker 5: [0, 21, 81, 4, 24, 44, 64, 6, 9, 35, 72, 52, 14, 15, 13, 46, 66, 28, 8, 26, 47, 61, 1, 0]
Rota do Picker 6: [0, 44, 24, 13, 81, 61, 21, 1, 52, 6, 7, 47, 26, 66, 4, 53, 71, 16, 15, 0]
Rota do Picker 7: [0, 21, 61, 81, 7, 66, 15, 34, 54, 14, 11, 4, 24, 44, 64, 46, 26, 9, 6, 33, 13, 1, 0]
Rota do Picker 8: [0, 1, 21, 13, 73, 91, 52, 14, 34, 15, 35, 64, 84, 28, 8, 47, 27, 24, 44, 4, 81, 61, 0]
Rota do Picker 9: [0, 44, 24, 81, 61, 21, 3, 27, 6, 46, 67, 47, 7, 66, 64, 4, 1, 0]
Rota do Picker 10: [0, 1, 2, 42, 62, 6, 86, 66, 47, 28, 25, 26, 14, 33, 13, 34, 21, 81, 61, 4, 44, 64, 24, 52, 54, 8, 48, 0]
Rota do Picker 11: [0, 21, 6, 66, 8, 9, 26, 71, 13, 81, 61, 1, 22, 5, 25, 4, 24, 44, 64, 53, 73, 14, 34, 92, 52, 32, 0]
Rota do Picker 12: [0, 1, 61, 81, 21, 44, 64, 24, 84, 7, 9, 47, 10, 27, 48, 8, 16, 15, 25, 6, 46, 4, 0]
Rota do Picker 13: [0, 73, 14, 15, 52, 33, 35, 48, 64, 67, 86, 46, 7, 44, 4, 21, 1, 6, 66, 84, 24, 81, 61, 0]
Rota do Picker 14: [0, 1, 21, 61, 81, 24, 28, 73, 53, 15, 64, 4, 7, 6, 72, 35, 16, 34, 52, 92, 12, 33, 14, 13, 0]
Rota do Picker 15: [0, 21, 64, 24, 71, 13, 81, 61, 1, 4, 44, 8, 28, 48, 27, 67, 86, 46, 6, 54, 34, 14, 0]

Caso de teste: SLAPRP_Guo_small_O200_alpha0.4_v6.txt

Distancia Total: 1286.0
Quantidade de Pickers: 15
