Rota do Picker 1: [0, 94, 54, 46, 44, 42, 15, 4, 3, 81, 61, 1, 75, 73, 41, 7, 17, 21, 64, 56, 34, 36, 84, 55, 25, 83, 16, 82, 63, 0]
Rota do Picker 2: [0, 3, 5, 45, 36, 55, 75, 42, 73, 4, 81, 61, 65, 25, 17, 23, 1, 41, 6, 34, 56, 21, 64, 15, 35, 63, 83, 54, 82, 0]
Rota do Picker 3: [0, 17, 46, 65, 34, 81, 4, 63, 42, 6, 54, 83, 64, 56, 7, 73, 84, 45, 61, 82, 3, 41, 21, 1, 24, 15, 0]
Rota do Picker 4: [0, 21, 41, 61, 4, 64, 34, 74, 94, 81, 3, 63, 16, 35, 0]
Rota do Picker 5: [0, 45, 46, 73, 63, 44, 64, 36, 42, 43, 15, 61, 81, 4, 6, 82, 16, 1, 21, 3, 7, 55, 41, 83, 34, 74, 0]
Rota do Picker 6: [0, 55, 15, 6, 63, 81, 1, 41, 35, 36, 73, 4, 3, 61, 21, 64, 51, 0]
Rota do Picker 7: [0, 1, 63, 41, 21, 73, 7, 25, 44, 4, 64, 15, 82, 42, 27, 34, 83, 65, 61, 81, 8, 3, 46, 84, 74, 0]
Rota do Picker 8: [0, 1, 21, 41, 3, 25, 8, 27, 35, 84, 81, 4, 73, 63, 7, 64, 46, 5, 43, 45, 65, 44, 6, 61, 42, 82, 0]
Rota do Picker 9: [0, 24, 83, 6, 27, 45, 5, 42, 84, 46, 64, 81, 4, 44, 7, 63, 41, 8, 65, 25, 3, 61, 21, 1, 0]
Rota do Picker 10: [0, 93, 94, 73, 42, 3, 32, 27, 17, 74, 21, 61, 4, 83, 15, 34, 1, 41, 81, 35, 82, 16, 36, 0]
Rota do Picker 11: [0, 54, 74, 34, 16, 44, 55, 6, 14, 7, 41, 64, 42, 17, 35, 15, 4, 81, 21, 82, 94, 73, 3, 61, 1, 56, 0]
Rota do Picker 12: [0, 1, 61, 34, 73, 3, 41, 44, 56, 75, 36, 81, 21, 17, 33, 42, 54, 16, 74, 24, 55, 15, 4, 0]
Rota do Picker 13: [0, 94, 6, 56, 44, 73, 21, 41, 4, 7, 34, 16, 81, 36, 15, 83, 3, 61, 1, 63, 35, 74, 0]
Rota do Picker 14: [0, 15, 27, 83, 42, 82, 44, 7, 56, 34, 24, 25, 81, 63, 4, 61, 21, 1, 55, 17, 73, 8, 26, 6, 3, 41, 64, 84, 0]

Caso de teste: SLAPRP_Guo_small_O200_alpha0.3_v7.txt

Distancia Total: 2858.0
Quantidade de Pickers: 14
