Rota do Picker 1: [0, 61, 32, 72, 74, 94, 18, 37, 77, 11, 51, 57, 43, 13, 21, 39, 12, 22, 41, 20, 67, 14, 71, 0]
Rota do Picker 2: [0, 21, 32, 72, 74, 75, 65, 10, 57, 94, 61, 41, 13, 14, 77, 37, 12, 22, 11, 1, 26, 40, 33, 7, 9, 20, 0]
Rota do Picker 3: [0, 8, 7, 9, 46, 45, 22, 41, 26, 2, 10, 83, 43, 30, 21, 61, 0]
Rota do Picker 4: [0, 33, 46, 83, 23, 3, 1, 2, 42, 13, 8, 7, 21, 61, 4, 14, 20, 45, 30, 10, 9, 26, 22, 41, 0]
Rota do Picker 5: [0, 1, 22, 7, 9, 45, 14, 33, 67, 41, 10, 20, 2, 71, 46, 61, 40, 30, 21, 26, 8, 83, 43, 42, 0]
Rota do Picker 6: [0, 21, 10, 42, 45, 46, 26, 9, 8, 7, 43, 22, 4, 30, 33, 20, 0]
Rota do Picker 7: [0, 22, 26, 46, 45, 3, 7, 8, 9, 10, 40, 65, 2, 41, 13, 1, 83, 43, 61, 30, 0]
Rota do Picker 8: [0, 33, 72, 13, 39, 14, 75, 57, 32, 94, 20, 40, 77, 37, 18, 74, 51, 11, 41, 0]
Rota do Picker 9: [0, 2, 42, 26, 67, 20, 3, 23, 1, 33, 4, 10, 43, 14, 8, 7, 83, 41, 61, 36, 9, 22, 45, 46, 40, 0]
Rota do Picker 10: [0, 1, 42, 46, 65, 30, 45, 67, 41, 7, 8, 9, 22, 10, 26, 0]
Rota do Picker 11: [0, 11, 51, 32, 18, 37, 77, 10, 30, 39, 41, 21, 71, 33, 67, 14, 20, 65, 1, 74, 94, 75, 57, 43, 22, 12, 13, 40, 45, 2, 26, 0]

Caso de teste: SLAPRP_Guo_small_O200_alpha0.2_v5.txt

Distancia Total: 2024.0
Quantidade de Pickers: 11
