SKUs: 40
Pedidos: 202

Primeiro pedido:
Order(1, [1, 3, 5, 7, 8, 12])

Ultimo pedido:
Order(202, [1, 4, 5, 8, 9, 20, 24])

Location(1, 1, -1, 20)
Location(2, 1, -2, 20)
Location(3, 1, -3, 20)
Location(4, 1, -4, 20)
Location(5, 1, -5, 20)
Location(6, 1, -6, 20)
Location(7, 1, -7, 20)
Location(8, 1, -8, 20)
Location(9, 1, -9, 20)
Location(10, 1, -10, 40)
Location(11, 1, 1, 20)
Location(12, 1, 2, 20)
Location(13, 1, 3, 20)
Location(14, 1, 4, 20)
Location(15, 1, 5, 20)
Location(16, 1, 6, 20)
Location(17, 1, 7, 20)
Location(18, 1, 8, 20)
Location(19, 1, 9, 20)
Location(20, 1, 10, 40)
Location(21, 2, -1, 20)
Location(22, 2, -2, 20)
Location(23, 2, -3, 20)
Location(24, 2, -4, 20)
Location(25, 2, -5, 20)
Location(26, 2, -6, 20)
Location(27, 2, -7, 20)
Location(28, 2, -8, 20)
Location(29, 2, -9, 20)
Location(30, 2, -10, 40)
Location(31, 2, 1, 20)
Location(32, 2, 2, 20)
Location(33, 2, 3, 20)
Location(34, 2, 4, 20)
Location(35, 2, 5, 20)
Location(36, 2, 6, 20)
Location(37, 2, 7, 20)
Location(38, 2, 8, 20)
Location(39, 2, 9, 20)
Location(40, 2, 10, 40)
Location(41, 3, -1, 20)
Location(42, 3, -2, 20)
Location(43, 3, -3, 20)
Location(44, 3, -4, 20)
Location(45, 3, -5, 20)
Location(46, 3, -6, 20)
Location(47, 3, -7, 20)
Location(48, 3, -8, 20)
Location(49, 3, -9, 20)
Location(50, 3, -10, 40)
Location(51, 3, 1, 20)
Location(52, 3, 2, 20)
Location(53, 3, 3, 20)
Location(54, 3, 4, 20)
Location(55, 3, 5, 20)
Location(56, 3, 6, 20)
Location(57, 3, 7, 20)
Location(58, 3, 8, 20)
Location(59, 3, 9, 20)
Location(60, 3, 10, 40)
Location(61, 4, -1, 20)
Location(62, 4, -2, 20)
Location(63, 4, -3, 20)
Location(64, 4, -4, 20)
Location(65, 4, -5, 20)
Location(66, 4, -6, 20)
Location(67, 4, -7, 20)
Location(68, 4, -8, 20)
Location(69, 4, -9, 20)
Location(70, 4, -10, 40)
Location(71, 4, 1, 20)
Location(72, 4, 2, 20)
Location(73, 4, 3, 20)
Location(74, 4, 4, 20)
Location(75, 4, 5, 20)
Location(76, 4, 6, 20)
Location(77, 4, 7, 20)
Location(78, 4, 8, 20)
Location(79, 4, 9, 20)
Location(80, 4, 10, 40)
Location(81, 5, -1, 20)
Location(82, 5, -2, 20)
Location(83, 5, -3, 20)
Location(84, 5, -4, 20)
Location(85, 5, -5, 20)
Location(86, 5, -6, 20)
Location(87, 5, -7, 20)
Location(88, 5, -8, 20)
Location(89, 5, -9, 20)
Location(90, 5, -10, 40)
Location(91, 5, 1, 20)
Location(92, 5, 2, 20)
Location(93, 5, 3, 20)
Location(94, 5, 4, 20)
Location(95, 5, 5, 20)
Location(96, 5, 6, 20)
Location(97, 5, 7, 20)
Location(98, 5, 8, 20)
Location(99, 5, 9, 20)
Location(100, 5, 10, 40)

Frequencias: [92, 83, 108, 103, 81, 91, 97, 93, 10, 8, 10, 5, 10, 14, 10, 14, 8, 14, 5, 12, 14, 8, 8, 12, 13, 11, 13, 9, 13, 6, 4, 9, 15, 11, 10, 9, 17, 10, 0, 0]

Matriz de coocorrencia: 
40×40 Matrix{Int64}:
  0  47  52  54  43  49  50  47  7  5  3  3  8  7  4  9  3   6  2  5  5  1  4  3  6  6  4  5  6  5  1  2   7  5  2  3   9  7  0  0
 47   0  51  46  42  43  41  44  4  4  2  2  8  8  3  3  3   4  2  7  7  3  2  3  4  3  1  5  4  3  3  4   6  3  5  5   8  7  0  0
 52  51   0  51  47  53  50  57  3  5  4  4  4  6  6  5  5   5  3  5  8  2  3  5  6  3  6  4  6  3  2  5   8  5  4  2  10  5  0  0
 54  46  51   0  41  46  53  48  6  4  4  4  7  8  4  6  6  10  2  7  6  3  4  6  7  5  7  6  6  4  2  6  11  6  5  1  11  5  0  0
 43  42  47  41   0  38  43  44  5  2  5  2  2  2  5  4  5  10  1  6  6  1  3  4  2  8  4  2  3  3  0  5   6  4  5  3   4  5  0  0
 49  43  53  46  38   0  50  44  4  4  4  1  6  6  4  6  2   3  3  5  7  4  2  2  5  4  6  6  7  3  2  3   5  7  4  3   9  5  0  0
 50  41  50  53  43  50   0  51  2  4  4  2  4  5  6  7  7   7  2  5  4  2  6  5  4  7  7  6  4  4  1  2   5  3  7  2   7  5  0  0
 47  44  57  48  44  44  51   0  6  2  6  2  6  6  5  5  3   5  3  5  8  3  1  6  3  8  5  3  3  4  4  1   7  8  2  4   7  6  0  0
  7   4   3   6   5   4   2   6  0  0  1  1  2  0  1  1  0   0  0  2  0  0  0  2  0  0  2  1  1  0  0  1   1  1  0  0   1  1  0  0
  5   4   5   4   2   4   4   2  0  0  0  2  0  1  0  0  1   0  0  1  0  0  0  0  1  0  1  0  2  0  0  2   1  0  1  0   2  0  0  0
  3   2   4   4   5   4   4   6  1  0  0  0  0  2  1  1  0   1  0  0  2  2  0  0  0  3  3  0  0  0  0  0   1  0  1  0   0  1  0  0
  3   2   4   4   2   1   2   2  1  2  0  0  0  0  0  0  0   0  1  0  0  0  0  0  1  0  0  0  2  0  0  0   1  0  0  0   1  0  0  0
  8   8   4   7   2   6   4   6  2  0  0  0  0  0  0  2  0   1  0  0  1  0  1  1  0  0  0  2  1  0  0  1   0  1  0  0   2  1  0  0
  7   8   6   8   2   6   5   6  0  1  2  0  0  0  0  2  0   0  0  1  3  1  1  1  3  1  1  0  1  0  0  1   2  0  1  1   2  1  0  0
  4   3   6   4   5   4   6   5  1  0  1  0  0  0  0  1  1   1  0  1  1  3  0  0  1  1  2  0  0  0  0  0   0  0  1  1   0  0  0  0
  9   3   5   6   4   6   7   5  1  0  1  0  2  2  1  0  2   1  0  0  0  2  1  1  1  1  1  0  3  0  1  0   0  0  0  1   1  1  0  0
  3   3   5   6   5   2   7   3  0  1  0  0  0  0  1  2  0   1  0  0  0  0  0  0  2  0  0  1  2  0  0  0   1  0  1  0   0  0  0  0
  6   4   5  10  10   3   7   5  0  0  1  0  1  0  1  1  1   0  0  0  1  0  2  2  1  1  2  1  2  0  0  1   1  0  0  1   2  1  0  0
  2   2   3   2   1   3   2   3  0  0  0  1  0  0  0  0  0   0  0  0  1  0  1  1  1  0  0  0  1  0  1  0   1  1  0  1   2  1  0  0
  5   7   5   7   6   5   5   5  2  1  0  0  0  1  1  0  0   0  0  0  1  0  0  2  1  1  0  1  0  1  0  1   0  1  0  2   0  1  0  0
  5   7   8   6   6   7   4   8  0  0  2  0  1  3  1  0  0   1  1  1  0  1  0  2  0  1  1  0  2  0  0  0   0  2  0  1   2  1  0  0
  1   3   2   3   1   4   2   3  0  0  2  0  0  1  3  2  0   0  0  0  1  0  0  0  1  0  1  0  0  0  0  0   0  0  0  0   0  0  0  0
  4   2   3   4   3   2   6   1  0  0  0  0  1  1  0  1  0   2  1  0  0  0  0  1  0  0  0  0  1  1  0  0   1  1  0  0   1  0  0  0
  3   3   5   6   4   2   5   6  2  0  0  0  1  1  0  1  0   2  1  2  2  0  1  0  0  1  0  1  1  0  1  0   1  1  0  0   2  0  0  0
  6   4   6   7   2   5   4   3  0  1  0  1  0  3  1  1  2   1  1  1  0  1  0  0  0  0  0  1  1  0  0  1   2  0  2  1   3  0  0  0
  6   3   3   5   8   4   7   8  0  0  3  0  0  1  1  1  0   1  0  1  1  0  0  1  0  0  1  0  0  0  0  1   1  1  2  1   1  0  0  0
  4   1   6   7   4   6   7   5  2  1  3  0  0  1  2  1  0   2  0  0  1  1  0  0  0  1  0  0  0  0  0  1   1  0  0  0   0  2  0  0
  5   5   4   6   2   6   6   3  1  0  0  0  2  0  0  0  1   1  0  1  0  0  0  1  1  0  0  0  1  0  0  0   0  0  0  0   0  1  0  0
  6   4   6   6   3   7   4   3  1  2  0  2  1  1  0  3  2   2  1  0  2  0  1  1  1  0  0  1  0  0  0  1   2  0  0  0   2  0  0  0
  5   3   3   4   3   3   4   4  0  0  0  0  0  0  0  0  0   0  0  1  0  0  1  0  0  0  0  0  0  0  0  0   1  1  0  1   0  0  0  0
  1   3   2   2   0   2   1   4  0  0  0  0  0  0  0  1  0   0  1  0  0  0  0  1  0  0  0  0  0  0  0  0   1  1  0  2   0  1  0  0
  2   4   5   6   5   3   2   1  1  2  0  0  1  1  0  0  0   1  0  1  0  0  0  0  1  1  1  0  1  0  0  0   0  0  2  0   2  0  0  0
  7   6   8  11   6   5   5   7  1  1  1  1  0  2  0  0  1   1  1  0  0  0  1  1  2  1  1  0  2  1  1  0   0  1  1  0   2  1  0  0
  5   3   5   6   4   7   3   8  1  0  0  0  1  0  0  0  0   0  1  1  2  0  1  1  0  1  0  0  0  1  1  0   1  0  0  0   0  0  0  0
  2   5   4   5   5   4   7   2  0  1  1  0  0  1  1  0  1   0  0  0  0  0  0  0  2  2  0  0  0  0  0  2   1  0  0  0   2  0  0  0
  3   5   2   1   3   3   2   4  0  0  0  0  0  1  1  1  0   1  1  2  1  0  0  0  1  1  0  0  0  1  2  0   0  0  0  0   0  1  0  0
  9   8  10  11   4   9   7   7  1  2  0  1  2  2  0  1  0   2  2  0  2  0  1  2  3  1  0  0  2  0  0  2   2  0  2  0   0  1  0  0
  7   7   5   5   5   5   5   6  1  0  1  0  1  1  0  1  0   1  1  1  1  0  0  0  0  0  2  1  0  0  1  0   1  0  0  1   1  0  0  0
  0   0   0   0   0   0   0   0  0  0  0  0  0  0  0  0  0   0  0  0  0  0  0  0  0  0  0  0  0  0  0  0   0  0  0  0   0  0  0  0
  0   0   0   0   0   0   0   0  0  0  0  0  0  0  0  0  0   0  0  0  0  0  0  0  0  0  0  0  0  0  0  0   0  0  0  0   0  0  0  0
SKU(92, 195.0, 0.07)
SKU(83, 164.0, 0.08)
SKU(108, 149.0, 0.21)
SKU(103, 172.0, 0.1)
SKU(81, 136.0, 0.13)
SKU(91, 171.0, 0.08)
SKU(97, 198.0, 0.07)
SKU(93, 163.0, 0.11)
SKU(10, 39.0, 0.09)
SKU(8, 18.0, 0.21)
SKU(10, 44.0, 0.11)
SKU(5, 29.0, 0.12)
SKU(10, 25.0, 0.19)
SKU(14, 76.0, 0.07)
SKU(10, 65.0, 0.05)
SKU(14, 55.0, 0.09)
SKU(8, 48.0, 0.08)
SKU(14, 38.0, 0.12)
SKU(5, 12.0, 0.26)
SKU(12, 33.0, 0.17)
SKU(14, 66.0, 0.07)
SKU(8, 31.0, 0.16)
SKU(8, 35.0, 0.1)
SKU(12, 80.0, 0.05)
SKU(13, 45.0, 0.11)
SKU(11, 50.0, 0.09)
SKU(13, 40.0, 0.13)
SKU(9, 32.0, 0.16)
SKU(13, 70.0, 0.06)
SKU(6, 61.0, 0.04)
SKU(4, 15.0, 0.15)
SKU(9, 59.0, 0.06)
SKU(15, 72.0, 0.07)
SKU(11, 73.0, 0.05)
SKU(10, 36.0, 0.12)
SKU(9, 24.0, 0.16)
SKU(17, 101.0, 0.04)
SKU(10, 25.0, 0.14)
SKU(0, 10.0, 0.08)
SKU(0, 9.0, 0.12)

extremidades das matrizes:
S_hat: (-0.25773589843432176, 0.7440043935169987)
S_hat * P: (-0.24794601899398197, 0.7157440178383847)
W * S_hat: (-0.08376788157189265, 1.184983617568347)
W * S_hat * P: (-0.02975731817305016, 1.1399730201884282)
correlacao{S_hat, S_hat_hat} = 0.9514235164017104

Posicao 1 (Corredor 1, Prateleira -1)
   SKU 1 -> 195
   SKU 6 -> 4
   SKU 7 -> 86

Posicao 2 (Corredor 1, Prateleira -2)
   SKU 2 -> 4
   SKU 3 -> 23
   SKU 8 -> 135

Posicao 3 (Corredor 1, Prateleira -3)
   SKU 21 -> 66
   SKU 29 -> 70
   SKU 33 -> 72

Posicao 11 (Corredor 1, Prateleira 1)
   SKU 6 -> 152
   SKU 7 -> 112

Posicao 12 (Corredor 1, Prateleira 2)
   SKU 5 -> 92
   SKU 24 -> 80
   SKU 37 -> 101

Posicao 13 (Corredor 1, Prateleira 3)
   SKU 9 -> 39
   SKU 17 -> 48
   SKU 27 -> 40

Posicao 21 (Corredor 2, Prateleira -1)
   SKU 2 -> 160
   SKU 4 -> 60
   SKU 6 -> 15

Posicao 22 (Corredor 2, Prateleira -2)
   SKU 3 -> 68
   SKU 15 -> 65
   SKU 30 -> 61

Posicao 23 (Corredor 2, Prateleira -3)
   SKU 13 -> 25
   SKU 20 -> 33
   SKU 35 -> 36

Posicao 31 (Corredor 2, Prateleira 1)
   SKU 4 -> 112
   SKU 5 -> 44
   SKU 8 -> 28

Posicao 32 (Corredor 2, Prateleira 2)
   SKU 3 -> 58
   SKU 32 -> 59
   SKU 34 -> 73

Posicao 33 (Corredor 2, Prateleira 3)
   SKU 12 -> 29
   SKU 19 -> 12
   SKU 31 -> 15

Posicao 39 (Corredor 2, Prateleira 9)
   SKU 40 -> 9

Posicao 41 (Corredor 3, Prateleira -1)
   SKU 14 -> 76
   SKU 16 -> 55
   SKU 26 -> 50

Posicao 42 (Corredor 3, Prateleira -2)
   SKU 23 -> 35
   SKU 28 -> 32
   SKU 38 -> 25

Posicao 51 (Corredor 3, Prateleira 1)
   SKU 11 -> 44
   SKU 18 -> 38
   SKU 25 -> 45

Posicao 52 (Corredor 3, Prateleira 2)
   SKU 10 -> 18
   SKU 22 -> 31
   SKU 36 -> 24

Posicao 96 (Corredor 5, Prateleira 6)
   SKU 39 -> 10

