Rota do Picker 1: [0, 1, 4, 64, 52, 0]
Rota do Picker 2: [0, 61, 81, 21, 41, 1, 4, 24, 44, 26, 66, 86, 9, 6, 27, 87, 7, 67, 84, 64, 0]
Rota do Picker 3: [0, 1, 21, 41, 61, 4, 24, 44, 8, 27, 5, 25, 45, 86, 6, 26, 66, 47, 30, 10, 9, 29, 46, 34, 13, 0]
Rota do Picker 4: [0, 1, 21, 41, 61, 81, 4, 24, 44, 84, 26, 5, 25, 45, 85, 86, 9, 29, 48, 8, 47, 27, 13, 0]
Rota do Picker 5: [0, 13, 33, 52, 24, 85, 29, 10, 46, 66, 86, 87, 83, 3, 84, 64, 44, 4, 61, 41, 21, 1, 0]
Rota do Picker 6: [0, 46, 4, 24, 9, 29, 30, 10, 81, 61, 1, 21, 41, 5, 25, 45, 67, 47, 7, 64, 44, 84, 26, 28, 8, 6, 91, 13, 33, 14, 0]
Rota do Picker 7: [0, 21, 81, 1, 41, 61, 5, 25, 45, 65, 48, 8, 13, 34, 15, 29, 9, 7, 87, 67, 47, 27, 0]
Rota do Picker 8: [0, 81, 1, 21, 41, 7, 27, 26, 6, 12, 32, 15, 34, 64, 44, 4, 10, 82, 47, 45, 25, 65, 5, 91, 0]
Rota do Picker 9: [0, 21, 81, 61, 6, 26, 86, 27, 52, 53, 33, 67, 47, 2, 85, 45, 25, 5, 1, 41, 8, 28, 48, 10, 29, 9, 44, 4, 0]
Rota do Picker 10: [0, 32, 52, 34, 13, 15, 66, 4, 24, 44, 84, 85, 48, 10, 30, 86, 26, 6, 81, 61, 41, 21, 1, 0]
Rota do Picker 11: [0, 33, 53, 13, 41, 1, 4, 44, 11, 32, 72, 52, 84, 86, 66, 67, 47, 45, 64, 24, 7, 61, 81, 21, 6, 26, 46, 8, 5, 0]
Rota do Picker 12: [0, 81, 21, 61, 33, 15, 34, 87, 29, 10, 13, 32, 52, 72, 6, 66, 26, 64, 24, 4, 27, 67, 28, 8, 48, 45, 5, 41, 1, 0]
Rota do Picker 13: [0, 72, 12, 61, 41, 81, 5, 25, 45, 8, 6, 46, 66, 27, 24, 44, 53, 33, 87, 22, 7, 9, 26, 52, 32, 13, 28, 4, 21, 1, 0]

Caso de teste: SLAPRP_Guo_small_O200_alpha0.4_v10.txt

Distancia Total: 1480.0
Quantidade de Pickers: 13
