Rota do Picker 1: [0, 21, 22, 42, 4, 27, 47, 9, 26, 7, 50, 46, 8, 17, 20, 40, 97, 57, 12, 78, 18, 15, 52, 11, 62, 10, 45, 2, 0]
Rota do Picker 2: [0, 22, 7, 27, 45, 10, 26, 21, 3, 47, 9, 62, 2, 42, 40, 17, 15, 32, 12, 52, 72, 1, 30, 50, 24, 78, 18, 20, 14, 71, 51, 0]
Rota do Picker 3: [0, 11, 13, 34, 15, 23, 24, 4, 53, 3, 21, 1, 12, 32, 52, 27, 26, 45, 42, 2, 22, 62, 9, 10, 7, 47, 71, 0]
Rota do Picker 4: [0, 14, 52, 32, 2, 22, 42, 3, 21, 41, 4, 24, 47, 10, 30, 27, 43, 26, 46, 7, 9, 8, 45, 65, 76, 18, 1, 50, 71, 51, 31, 11, 0]
Rota do Picker 5: [0, 7, 2, 22, 21, 41, 8, 9, 10, 4, 3, 62, 42, 45, 27, 47, 23, 14, 15, 18, 37, 17, 13, 12, 60, 26, 46, 76, 0]
Rota do Picker 6: [0, 21, 34, 60, 20, 37, 17, 14, 12, 32, 57, 97, 18, 23, 0]

Caso de teste: SLAPRP_Guo_small_O100_alpha0.3_v3.txt

Distancia Total: 950.0
Quantidade de Pickers: 6
