Rota do Picker 1: [0, 75, 83, 63, 43, 23, 8, 6, 26, 45, 25, 61, 81, 62, 24, 4, 46, 27, 5, 41, 21, 1, 44, 0]
Rota do Picker 2: [0, 21, 44, 24, 23, 63, 45, 46, 26, 6, 43, 83, 27, 7, 25, 65, 5, 1, 81, 61, 41, 0]
Rota do Picker 3: [0, 81, 21, 41, 61, 23, 65, 64, 62, 5, 45, 63, 43, 1, 0]
Rota do Picker 4: [0, 1, 21, 41, 61, 81, 23, 43, 24, 7, 27, 65, 25, 44, 62, 82, 42, 5, 0]
Rota do Picker 5: [0, 21, 1, 41, 61, 81, 6, 27, 8, 44, 63, 24, 64, 43, 23, 82, 26, 45, 5, 0]
Rota do Picker 6: [0, 21, 41, 82, 23, 43, 26, 8, 51, 36, 37, 34, 35, 15, 72, 12, 81, 61, 1, 0]

Caso de teste: SLAPRP_Guo_small_O100_alpha0.2_v8.txt

Distancia Total: 544.0
Quantidade de Pickers: 6
