Rota do Picker 1: [0, 3, 41, 76, 38, 23, 22, 42, 18, 97, 2, 9, 20, 40, 14, 47, 13, 33, 36, 61, 78, 11, 21, 32, 37, 12, 1, 51, 17, 19, 57, 55, 27, 0]
Rota do Picker 2: [0, 3, 23, 26, 46, 47, 10, 45, 20, 2, 22, 27, 33, 43, 84, 61, 83, 1, 42, 9, 21, 41, 4, 30, 0]
Rota do Picker 3: [0, 3, 26, 27, 20, 40, 96, 30, 21, 41, 47, 19, 0]
Rota do Picker 4: [0, 2, 42, 26, 27, 13, 23, 45, 33, 22, 30, 17, 21, 3, 83, 66, 47, 10, 46, 14, 61, 1, 20, 9, 0]
Rota do Picker 5: [0, 1, 14, 46, 4, 10, 23, 21, 3, 41, 47, 26, 66, 45, 27, 30, 9, 42, 22, 2, 17, 0]
Rota do Picker 6: [0, 45, 26, 38, 21, 27, 17, 97, 12, 52, 30, 8, 9, 76, 20, 51, 83, 43, 40, 41, 47, 4, 2, 22, 11, 55, 18, 33, 46, 10, 1, 3, 23, 42, 94, 66, 19, 0]
Rota do Picker 7: [0, 2, 26, 4, 21, 46, 22, 61, 43, 66, 3, 23, 27, 47, 30, 45, 13, 9, 10, 19, 41, 14, 0]
Rota do Picker 8: [0, 76, 66, 20, 71, 13, 47, 10, 19, 61, 46, 23, 1, 36, 9, 14, 57, 30, 45, 8, 97, 40, 27, 26, 42, 22, 2, 55, 0]
Rota do Picker 9: [0, 21, 41, 3, 27, 47, 46, 19, 2, 22, 42, 45, 36, 71, 31, 83, 43, 40, 23, 11, 9, 8, 14, 1, 76, 66, 20, 26, 13, 10, 0]
Rota do Picker 10: [0, 21, 61, 23, 8, 9, 30, 45, 10, 66, 42, 2, 4, 3, 26, 46, 27, 47, 41, 0]
Rota do Picker 11: [0, 1, 21, 41, 23, 55, 2, 22, 42, 20, 37, 18, 12, 76, 96, 45, 26, 33, 11, 3, 0]
Rota do Picker 12: [0, 10, 20, 76, 42, 2, 46, 55, 52, 32, 12, 37, 23, 4, 1, 19, 83, 40, 96, 94, 41, 11, 21, 13, 17, 36, 30, 3, 43, 22, 18, 38, 0]
Rota do Picker 13: [0, 2, 22, 42, 4, 10, 13, 45, 21, 41, 83, 43, 23, 33, 66, 8, 9, 30, 20, 47, 69, 19, 3, 46, 27, 26, 0]

Caso de teste: SLAPRP_Guo_small_O200_alpha0.3_v9.txt

Distancia Total: 2936.0
Quantidade de Pickers: 13
