Rota do Picker 1: [0, 1, 41, 21, 3, 23, 43, 24, 4, 65, 45, 26, 46, 5, 25, 7, 42, 82, 22, 83, 0]
Rota do Picker 2: [0, 13, 24, 4, 22, 42, 62, 83, 5, 8, 7, 25, 45, 3, 23, 63, 43, 27, 6, 35, 64, 44, 61, 41, 21, 1, 0]
Rota do Picker 3: [0, 1, 3, 22, 44, 24, 23, 83, 63, 43, 5, 7, 27, 8, 4, 45, 61, 41, 21, 42, 62, 6, 26, 16, 0]
Rota do Picker 4: [0, 1, 63, 22, 21, 41, 61, 6, 65, 45, 25, 62, 42, 23, 43, 3, 24, 44, 4, 46, 7, 5, 13, 75, 73, 37, 17, 16, 14, 12, 0]
Rota do Picker 5: [0, 1, 22, 51, 91, 71, 74, 12, 32, 92, 93, 53, 14, 35, 36, 18, 17, 72, 52, 61, 41, 21, 27, 26, 6, 45, 83, 42, 25, 7, 82, 62, 64, 24, 4, 44, 31, 0]
Rota do Picker 6: [0, 1, 81, 21, 0]

Caso de teste: SLAPRP_Guo_small_O100_alpha0.4_v9.txt

Distancia Total: 638.0
Quantidade de Pickers: 6
