Rota do Picker 1: [0, 2, 22, 42, 45, 23, 43, 3, 24, 4, 5, 47, 67, 78, 14, 57, 97, 72, 10, 30, 9, 8, 26, 1, 20, 60, 33, 0]
Rota do Picker 2: [0, 22, 42, 45, 8, 9, 27, 30, 10, 28, 26, 46, 31, 71, 32, 41, 61, 21, 11, 13, 33, 62, 24, 4, 43, 23, 3, 2, 1, 0]
Rota do Picker 3: [0, 10, 9, 26, 61, 1, 21, 13, 11, 32, 72, 78, 60, 20, 23, 3, 43, 30, 67, 27, 8, 45, 4, 42, 22, 2, 0]
Rota do Picker 4: [0, 1, 2, 22, 42, 45, 26, 8, 9, 10, 27, 67, 28, 20, 40, 60, 78, 43, 24, 5, 32, 52, 72, 41, 0]
Rota do Picker 5: [0, 27, 9, 8, 22, 2, 42, 62, 23, 43, 45, 78, 60, 26, 10, 3, 1, 0]
Rota do Picker 6: [0, 21, 2, 22, 42, 4, 45, 41, 8, 9, 26, 46, 20, 40, 78, 14, 43, 23, 3, 1, 32, 52, 13, 33, 11, 51, 71, 37, 57, 77, 36, 0]
Rota do Picker 7: [0, 23, 43, 41, 21, 61, 1, 8, 28, 24, 2, 42, 62, 22, 5, 26, 46, 4, 10, 30, 27, 67, 40, 60, 76, 11, 0]
Rota do Picker 8: [0, 3, 23, 45, 22, 26, 46, 14, 20, 60, 40, 36, 28, 8, 30, 9, 4, 42, 2, 27, 47, 78, 0]
Rota do Picker 9: [0, 23, 3, 27, 47, 62, 22, 42, 2, 24, 43, 14, 72, 11, 31, 71, 61, 9, 8, 45, 41, 21, 0]
Rota do Picker 10: [0, 11, 72, 41, 30, 10, 9, 8, 2, 62, 22, 23, 3, 26, 46, 24, 61, 21, 13, 33, 32, 31, 71, 14, 45, 4, 42, 1, 0]
Rota do Picker 11: [0, 11, 13, 33, 37, 57, 0]
Rota do Picker 12: [0, 23, 1, 2, 22, 62, 33, 13, 10, 8, 26, 46, 5, 45, 41, 60, 14, 78, 40, 20, 24, 4, 3, 21, 0]
Rota do Picker 13: [0, 22, 41, 21, 1, 26, 8, 27, 5, 45, 42, 62, 47, 24, 4, 2, 23, 43, 10, 0]

Caso de teste: SLAPRP_Guo_small_O200_alpha0.3_v10.txt

Distancia Total: 1648.0
Quantidade de Pickers: 13
