Rota do Picker 1: [0, 55, 57, 39, 60, 76, 11, 36, 18, 19, 20, 93, 50, 67, 26, 46, 89, 7, 47, 87, 27, 30, 10, 9, 8, 45, 2, 22, 0]
Rota do Picker 2: [0, 46, 26, 8, 27, 7, 87, 9, 10, 68, 45, 65, 64, 50, 30, 69, 20, 40, 60, 84, 21, 0]
Rota do Picker 3: [0, 20, 40, 31, 41, 1, 60, 3, 8, 10, 50, 7, 26, 46, 27, 67, 87, 9, 45, 65, 0]
Rota do Picker 4: [0, 11, 40, 20, 1, 64, 2, 65, 45, 27, 9, 10, 30, 50, 46, 26, 8, 87, 67, 47, 7, 3, 21, 41, 36, 94, 0]
Rota do Picker 5: [0, 93, 76, 39, 37, 18, 75, 55, 11, 59, 57, 31, 22, 45, 9, 47, 27, 7, 2, 1, 0]
Rota do Picker 6: [0, 1, 7, 8, 9, 89, 27, 64, 46, 67, 87, 45, 65, 68, 26, 30, 10, 3, 83, 19, 0]
Rota do Picker 7: [0, 21, 45, 27, 87, 10, 30, 20, 60, 40, 68, 7, 47, 9, 8, 46, 2, 1, 0]

Caso de teste: SLAPRP_Guo_small_O100_alpha0.3_v6.txt

Distancia Total: 972.0
Quantidade de Pickers: 7
