Rota do Picker 1: [0, 32, 55, 26, 0]
Rota do Picker 2: [0, 8, 28, 48, 46, 76, 18, 30, 50, 11, 67, 84, 9, 22, 89, 1, 10, 83, 26, 87, 47, 27, 7, 21, 0]
Rota do Picker 3: [0, 46, 36, 76, 0]
Rota do Picker 4: [0, 7, 8, 27, 26, 76, 20, 40, 10, 9, 46, 22, 42, 21, 12, 4, 28, 18, 19, 55, 67, 47, 2, 48, 33, 93, 94, 74, 87, 1, 0]
Rota do Picker 5: [0, 46, 7, 36, 20, 30, 50, 76, 3, 22, 2, 8, 1, 55, 87, 67, 83, 47, 74, 94, 19, 26, 48, 9, 27, 23, 21, 89, 0]
Rota do Picker 6: [0, 26, 46, 36, 76, 19, 1, 22, 8, 42, 75, 77, 14, 12, 55, 20, 11, 83, 3, 37, 17, 32, 2, 93, 18, 51, 31, 21, 41, 40, 74, 94, 57, 0]
Rota do Picker 7: [0, 26, 46, 8, 47, 87, 74, 94, 36, 2, 7, 27, 10, 48, 19, 51, 31, 22, 42, 55, 67, 18, 4, 28, 9, 23, 20, 76, 30, 1, 21, 41, 0]
Rota do Picker 8: [0, 21, 46, 50, 10, 67, 1, 30, 47, 87, 27, 7, 23, 83, 48, 28, 45, 9, 8, 26, 0]

Caso de teste: SLAPRP_Guo_small_O100_alpha0.2_v2.txt

Distancia Total: 1496.0
Quantidade de Pickers: 8
