Rota do Picker 1: [0, 21, 41, 26, 46, 9, 45, 13, 20, 40, 27, 7, 30, 10, 67, 47, 4, 3, 22, 2, 0]
Rota do Picker 2: [0, 2, 22, 27, 47, 10, 45, 64, 84, 75, 13, 32, 52, 3, 7, 66, 46, 26, 30, 9, 23, 0]
Rota do Picker 3: [0, 13, 17, 41, 47, 27, 7, 26, 65, 45, 3, 22, 2, 21, 1, 4, 10, 30, 67, 61, 14, 0]
Rota do Picker 4: [0, 2, 22, 3, 23, 4, 26, 27, 7, 10, 9, 8, 43, 64, 33, 40, 59, 39, 18, 17, 75, 52, 32, 12, 21, 41, 1, 37, 77, 96, 14, 0]
Rota do Picker 5: [0, 2, 22, 64, 21, 41, 61, 65, 45, 9, 46, 26, 47, 27, 7, 23, 3, 79, 59, 20, 14, 0]
Rota do Picker 6: [0, 22, 2, 45, 9, 7, 47, 27, 21, 1, 61, 23, 3, 64, 84, 26, 46, 8, 13, 17, 0]
Rota do Picker 7: [0, 1, 2, 26, 46, 9, 47, 67, 3, 7, 27, 84, 64, 23, 30, 10, 45, 65, 83, 21, 41, 11, 13, 79, 0]
Rota do Picker 8: [0, 11, 21, 41, 45, 47, 27, 7, 10, 9, 65, 4, 1, 2, 3, 23, 66, 46, 26, 75, 13, 52, 32, 59, 39, 33, 0]
Rota do Picker 9: [0, 11, 51, 84, 7, 30, 26, 3, 22, 2, 4, 45, 9, 10, 66, 47, 27, 21, 1, 32, 52, 0]
Rota do Picker 10: [0, 2, 22, 42, 3, 45, 27, 47, 67, 4, 7, 46, 26, 9, 10, 37, 17, 14, 32, 12, 0]
Rota do Picker 11: [0, 2, 3, 45, 65, 47, 7, 27, 61, 22, 42, 23, 26, 46, 66, 9, 33, 11, 51, 1, 21, 41, 20, 96, 13, 17, 79, 39, 0]
Rota do Picker 12: [0, 21, 3, 84, 61, 2, 22, 42, 8, 9, 17, 33, 65, 64, 4, 46, 41, 7, 26, 45, 51, 0]

Caso de teste: SLAPRP_Guo_small_O200_alpha0.2_v1.txt

Distancia Total: 1480.0
Quantidade de Pickers: 12
