Rota do Picker 1: [0, 6, 5, 42, 22, 32, 46, 26, 25, 24, 44, 64, 81, 62, 7, 3, 45, 4, 41, 1, 23, 43, 8, 82, 63, 65, 27, 21, 83, 0]
Rota do Picker 2: [0, 33, 45, 44, 21, 64, 81, 61, 72, 7, 4, 41, 1, 3, 63, 26, 46, 32, 74, 52, 24, 53, 43, 23, 62, 65, 82, 42, 22, 25, 5, 0]
Rota do Picker 3: [0, 1, 22, 42, 62, 35, 21, 41, 5, 6, 7, 33, 25, 45, 26, 44, 82, 63, 27, 83, 24, 4, 8, 23, 3, 0]
Rota do Picker 4: [0, 21, 41, 5, 25, 23, 63, 64, 62, 43, 65, 45, 22, 82, 42, 7, 81, 32, 44, 4, 3, 1, 46, 8, 33, 24, 26, 0]
Rota do Picker 5: [0, 41, 4, 24, 5, 33, 53, 52, 32, 44, 62, 83, 6, 82, 61, 63, 45, 23, 3, 1, 21, 22, 42, 27, 35, 25, 7, 93, 81, 64, 0]
Rota do Picker 6: [0, 1, 21, 22, 13, 32, 62, 82, 17, 55, 61, 41, 46, 16, 51, 36, 93, 53, 72, 35, 73, 18, 31, 12, 37, 92, 3, 71, 91, 33, 74, 34, 56, 54, 52, 23, 0]
Rota do Picker 7: [0, 1, 3, 23, 25, 45, 42, 83, 4, 24, 44, 62, 82, 5, 35, 43, 7, 6, 32, 27, 21, 41, 22, 26, 46, 64, 63, 8, 0]
Rota do Picker 8: [0, 25, 82, 41, 61, 23, 83, 62, 6, 21, 81, 27, 24, 44, 4, 64, 63, 43, 42, 22, 7, 33, 34, 45, 5, 3, 1, 65, 75, 0]
Rota do Picker 9: [0, 21, 42, 62, 4, 32, 37, 0]
Rota do Picker 10: [0, 43, 23, 22, 72, 45, 3, 81, 1, 32, 82, 25, 5, 4, 62, 44, 33, 42, 83, 63, 61, 41, 21, 0]
Rota do Picker 11: [0, 1, 21, 22, 42, 62, 32, 92, 3, 23, 43, 5, 25, 33, 93, 18, 46, 7, 15, 71, 26, 83, 63, 75, 6, 24, 44, 82, 56, 37, 74, 72, 41, 81, 61, 34, 91, 51, 4, 54, 53, 8, 0]
Rota do Picker 12: [0, 18, 32, 83, 25, 5, 4, 63, 91, 51, 42, 23, 3, 21, 1, 56, 43, 6, 33, 93, 46, 75, 26, 22, 54, 14, 24, 61, 62, 82, 72, 41, 34, 0]
Rota do Picker 13: [0, 17, 62, 42, 3, 93, 92, 52, 43, 24, 4, 32, 74, 34, 45, 5, 21, 1, 53, 33, 37, 18, 56, 25, 63, 23, 35, 91, 72, 54, 22, 41, 61, 55, 64, 36, 0]

Caso de teste: SLAPRP_Guo_small_O200_alpha0.3_v7.txt

Distancia Total: 2688.0
Quantidade de Pickers: 13
