Rota do Picker 1: [0, 26, 0]
Rota do Picker 2: [0, 26, 0]
Rota do Picker 3: [0, 45, 30, 10, 69, 9, 87, 47, 27, 7, 68, 8, 67, 46, 26, 21, 41, 61, 1, 89, 93, 76, 37, 74, 31, 0]
Rota do Picker 4: [0, 1, 23, 83, 26, 46, 47, 10, 36, 20, 64, 30, 84, 87, 67, 89, 9, 8, 68, 27, 7, 3, 41, 0]
Rota do Picker 5: [0, 21, 61, 41, 46, 68, 8, 7, 27, 47, 87, 9, 69, 45, 22, 3, 83, 0]
Rota do Picker 6: [0, 1, 21, 3, 8, 67, 64, 46, 26, 87, 47, 27, 7, 9, 30, 10, 22, 83, 0]
Rota do Picker 7: [0, 1, 7, 27, 87, 46, 45, 26, 8, 9, 10, 30, 68, 47, 67, 41, 21, 61, 0]
Rota do Picker 8: [0, 1, 7, 26, 46, 8, 27, 45, 9, 69, 30, 67, 64, 3, 23, 33, 37, 84, 87, 47, 41, 0]
Rota do Picker 9: [0, 18, 36, 83, 10, 87, 67, 27, 61, 41, 1, 8, 47, 7, 9, 69, 46, 45, 64, 84, 26, 93, 39, 20, 55, 11, 0]
Rota do Picker 10: [0, 12, 18, 77, 57, 37, 74, 36, 39, 93, 33, 94, 59, 55, 20, 98, 97, 40, 11, 1, 61, 41, 31, 75, 19, 7, 0]
Rota do Picker 11: [0, 12, 41, 83, 84, 64, 46, 9, 1, 87, 47, 27, 8, 68, 23, 3, 11, 36, 55, 74, 94, 7, 26, 45, 20, 97, 76, 18, 33, 75, 93, 21, 61, 0]
Rota do Picker 12: [0, 26, 21, 1, 7, 27, 87, 46, 45, 10, 30, 8, 9, 89, 69, 37, 20, 18, 0]

Caso de teste: SLAPRP_Guo_small_O200_alpha0.3_v3.txt

Distancia Total: 1480.0
Quantidade de Pickers: 12
