Rota do Picker 1: [0, 45, 27, 87, 40, 7, 9, 46, 36, 20, 65, 84, 8, 76, 1, 10, 26, 22, 2, 30, 21, 41, 0]
Rota do Picker 2: [0, 7, 26, 46, 76, 30, 27, 84, 10, 87, 45, 50, 69, 9, 8, 89, 1, 21, 0]
Rota do Picker 3: [0, 50, 84, 10, 8, 65, 69, 9, 27, 87, 30, 45, 46, 26, 7, 85, 0]
Rota do Picker 4: [0, 36, 30, 10, 3, 83, 26, 87, 21, 85, 46, 84, 9, 22, 65, 50, 69, 41, 1, 20, 45, 8, 27, 7, 64, 0]
Rota do Picker 5: [0, 21, 22, 12, 93, 60, 98, 41, 13, 57, 40, 76, 39, 20, 18, 75, 94, 74, 55, 11, 1, 9, 0]
Rota do Picker 6: [0, 83, 3, 85, 76, 50, 9, 30, 36, 20, 26, 46, 27, 57, 21, 41, 7, 87, 65, 69, 40, 8, 45, 2, 1, 0]
Rota do Picker 7: [0, 7, 27, 87, 8, 26, 46, 45, 20, 84, 3, 83, 69, 85, 11, 22, 50, 65, 1, 30, 10, 9, 21, 0]

Caso de teste: SLAPRP_Guo_small_O100_alpha0.2_v5.txt

Distancia Total: 1356.0
Quantidade de Pickers: 7
