Rota do Picker 1: [0, 74, 6, 1, 61, 62, 63, 53, 21, 44, 73, 65, 55, 85, 45, 83, 34, 15, 64, 81, 16, 27, 7, 17, 82, 5, 41, 0]
Rota do Picker 2: [0, 21, 41, 61, 81, 63, 85, 62, 84, 24, 4, 1, 83, 45, 5, 74, 27, 7, 82, 44, 6, 0]
Rota do Picker 3: [0, 1, 61, 81, 62, 82, 41, 21, 73, 16, 65, 7, 53, 45, 63, 64, 83, 5, 0]
Rota do Picker 4: [0, 21, 61, 73, 65, 5, 81, 6, 17, 37, 53, 62, 16, 41, 82, 83, 55, 12, 72, 33, 34, 15, 1, 0]
Rota do Picker 5: [0, 15, 64, 62, 74, 34, 44, 81, 61, 41, 21, 1, 45, 55, 94, 0]
Rota do Picker 6: [0, 1, 41, 6, 15, 73, 55, 21, 61, 81, 62, 16, 74, 0]
Rota do Picker 7: [0, 1, 21, 41, 81, 53, 61, 62, 74, 65, 17, 55, 63, 94, 83, 31, 91, 92, 37, 16, 5, 6, 34, 73, 0]
Rota do Picker 8: [0, 64, 62, 44, 65, 5, 81, 61, 41, 1, 34, 63, 6, 45, 21, 23, 27, 8, 25, 7, 46, 26, 53, 16, 0]

Caso de teste: SLAPRP_Guo_small_O100_alpha0.3_v6.txt

Distancia Total: 1350.0
Quantidade de Pickers: 8
