Rota do Picker 1: [0, 3, 7, 8, 9, 46, 27, 45, 22, 26, 10, 30, 2, 60, 40, 20, 18, 55, 32, 71, 1, 0]
Rota do Picker 2: [0, 22, 10, 46, 55, 31, 51, 71, 64, 84, 12, 13, 45, 50, 89, 69, 9, 8, 21, 1, 11, 20, 59, 57, 18, 7, 47, 28, 26, 27, 87, 3, 0]
Rota do Picker 3: [0, 18, 40, 20, 59, 39, 57, 13, 11, 46, 7, 27, 47, 67, 9, 30, 26, 68, 28, 8, 3, 45, 50, 10, 55, 94, 32, 12, 74, 37, 76, 1, 0]
Rota do Picker 4: [0, 45, 30, 2, 31, 47, 67, 26, 46, 9, 69, 89, 7, 27, 87, 68, 28, 8, 10, 50, 18, 12, 0]
Rota do Picker 5: [0, 45, 2, 67, 9, 50, 30, 10, 46, 84, 47, 7, 26, 87, 41, 1, 8, 68, 27, 18, 20, 0]
Rota do Picker 6: [0, 55, 18, 98, 11, 60, 59, 1, 21, 8, 28, 2, 83, 12, 87, 27, 7, 47, 9, 69, 89, 51, 84, 64, 45, 0]

Caso de teste: SLAPRP_Guo_small_O100_alpha0.2_v4.txt

Distancia Total: 996.0
Quantidade de Pickers: 6
