SKUs: 40
Pedidos: 200

Primeiro pedido:
Order(1, [2, 5, 7, 10, 30, 35])

Ultimo pedido:
Order(200, [3, 5, 6, 7, 9, 30, 35, 38])

Location(1, 1, -1, 20)
Location(2, 1, -2, 20)
Location(3, 1, -3, 20)
Location(4, 1, -4, 20)
Location(5, 1, -5, 20)
Location(6, 1, -6, 20)
Location(7, 1, -7, 20)
Location(8, 1, -8, 20)
Location(9, 1, -9, 20)
Location(10, 1, -10, 40)
Location(11, 1, 1, 20)
Location(12, 1, 2, 20)
Location(13, 1, 3, 20)
Location(14, 1, 4, 20)
Location(15, 1, 5, 20)
Location(16, 1, 6, 20)
Location(17, 1, 7, 20)
Location(18, 1, 8, 20)
Location(19, 1, 9, 20)
Location(20, 1, 10, 40)
Location(21, 2, -1, 20)
Location(22, 2, -2, 20)
Location(23, 2, -3, 20)
Location(24, 2, -4, 20)
Location(25, 2, -5, 20)
Location(26, 2, -6, 20)
Location(27, 2, -7, 20)
Location(28, 2, -8, 20)
Location(29, 2, -9, 20)
Location(30, 2, -10, 40)
Location(31, 2, 1, 20)
Location(32, 2, 2, 20)
Location(33, 2, 3, 20)
Location(34, 2, 4, 20)
Location(35, 2, 5, 20)
Location(36, 2, 6, 20)
Location(37, 2, 7, 20)
Location(38, 2, 8, 20)
Location(39, 2, 9, 20)
Location(40, 2, 10, 40)
Location(41, 3, -1, 20)
Location(42, 3, -2, 20)
Location(43, 3, -3, 20)
Location(44, 3, -4, 20)
Location(45, 3, -5, 20)
Location(46, 3, -6, 20)
Location(47, 3, -7, 20)
Location(48, 3, -8, 20)
Location(49, 3, -9, 20)
Location(50, 3, -10, 40)
Location(51, 3, 1, 20)
Location(52, 3, 2, 20)
Location(53, 3, 3, 20)
Location(54, 3, 4, 20)
Location(55, 3, 5, 20)
Location(56, 3, 6, 20)
Location(57, 3, 7, 20)
Location(58, 3, 8, 20)
Location(59, 3, 9, 20)
Location(60, 3, 10, 40)
Location(61, 4, -1, 20)
Location(62, 4, -2, 20)
Location(63, 4, -3, 20)
Location(64, 4, -4, 20)
Location(65, 4, -5, 20)
Location(66, 4, -6, 20)
Location(67, 4, -7, 20)
Location(68, 4, -8, 20)
Location(69, 4, -9, 20)
Location(70, 4, -10, 40)
Location(71, 4, 1, 20)
Location(72, 4, 2, 20)
Location(73, 4, 3, 20)
Location(74, 4, 4, 20)
Location(75, 4, 5, 20)
Location(76, 4, 6, 20)
Location(77, 4, 7, 20)
Location(78, 4, 8, 20)
Location(79, 4, 9, 20)
Location(80, 4, 10, 40)
Location(81, 5, -1, 20)
Location(82, 5, -2, 20)
Location(83, 5, -3, 20)
Location(84, 5, -4, 20)
Location(85, 5, -5, 20)
Location(86, 5, -6, 20)
Location(87, 5, -7, 20)
Location(88, 5, -8, 20)
Location(89, 5, -9, 20)
Location(90, 5, -10, 40)
Location(91, 5, 1, 20)
Location(92, 5, 2, 20)
Location(93, 5, 3, 20)
Location(94, 5, 4, 20)
Location(95, 5, 5, 20)
Location(96, 5, 6, 20)
Location(97, 5, 7, 20)
Location(98, 5, 8, 20)
Location(99, 5, 9, 20)
Location(100, 5, 10, 40)

Frequencias: [76, 73, 80, 69, 86, 100, 86, 82, 9, 12, 14, 11, 8, 9, 5, 18, 23, 8, 14, 15, 6, 13, 10, 4, 22, 34, 10, 22, 12, 9, 8, 23, 26, 23, 14, 24, 30, 11, 0, 0]

Matriz de coocorrencia: 
40×40 Matrix{Int64}:
  0  32  33  32  35  43  34  34  4   8  9  5  3  3  2   6   7  1  5  7  3   2  6  1   8  15  4   9  3  1  1   9  10   9  5  12  11  4  0  0
 32   0  30  28  38  36  41  33  3   6  7  4  1  2  2   7  10  2  6  8  2   5  4  3   6   9  2   7  3  4  2   6  12   9  8   8  15  2  0  0
 33  30   0  31  35  38  30  33  5   3  6  2  5  6  1   9   7  2  6  5  2   8  6  1   6  17  6   6  3  4  5   7  10  11  5  11  17  6  0  0
 32  28  31   0  37  36  30  34  2   3  5  4  1  3  1   5   6  2  5  5  1   4  4  0   4  14  3   7  3  2  4   8   9   6  3  10  10  4  0  0
 35  38  35  37   0  52  45  41  2   8  7  5  6  5  1  11   9  2  3  7  1   3  6  3   5  16  3  10  5  4  3   9  13   8  7  12  12  6  0  0
 43  36  38  36  52   0  47  38  6  10  5  3  3  4  2  11   7  3  5  5  3   4  2  3  12  17  7  10  6  3  4  13  12  10  6  18  15  5  0  0
 34  41  30  30  45  47   0  36  3   7  8  3  2  3  0   9  11  4  8  8  4   2  2  3  13  12  4  12  3  7  3   9  14   9  9   5  12  5  0  0
 34  33  33  34  41  38  36   0  2   3  7  5  6  5  2   8  11  5  6  5  2  10  7  2   7  11  4  12  7  3  5  12   8  11  2   7  13  3  0  0
  4   3   5   2   2   6   3   2  0   0  0  0  0  0  0   0   1  0  1  0  0   0  1  0   0   5  1   0  1  1  0   2   2   0  1   0   1  1  0  0
  8   6   3   3   8  10   7   3  0   0  2  2  0  0  1   0   0  0  0  1  1   0  0  0   2   2  1   1  0  1  0   2   1   2  3   2   0  1  0  0
  9   7   6   5   7   5   8   7  0   2  0  0  1  0  1   2   2  0  2  0  0   0  1  0   4   2  0   0  1  2  0   0   5   1  1   1   2  0  0  0
  5   4   2   4   5   3   3   5  0   2  0  0  0  0  0   1   1  0  0  0  1   1  1  0   2   2  0   0  1  0  0   0   4   1  1   3   0  1  0  0
  3   1   5   1   6   3   2   6  0   0  1  0  0  2  0   1   2  1  0  1  0   1  0  0   1   2  0   2  0  1  0   0   2   2  1   0   2  1  0  0
  3   2   6   3   5   4   3   5  0   0  0  0  2  0  0   2   1  0  0  0  0   0  1  0   1   2  0   0  0  1  1   1   1   3  0   1   0  0  0  0
  2   2   1   1   1   2   0   2  0   1  1  0  0  0  0   1   1  1  0  0  0   1  0  0   1   1  0   0  0  0  0   1   0   1  0   0   0  0  0  0
  6   7   9   5  11  11   9   8  0   0  2  1  1  2  1   0   3  1  2  1  0   0  1  0   1   2  0   2  1  0  1   3   1   2  0   3   5  2  0  0
  7  10   7   6   9   7  11  11  1   0  2  1  2  1  1   3   0  2  2  0  0   1  1  1   1   1  0   1  1  0  0   0   0   0  0   2   2  0  0  0
  1   2   2   2   2   3   4   5  0   0  0  0  1  0  1   1   2  0  1  0  0   2  0  0   1   1  1   1  0  2  0   2   1   1  0   0   1  1  0  0
  5   6   6   5   3   5   8   6  1   0  2  0  0  0  0   2   2  1  0  2  0   0  1  0   1   1  0   0  0  0  0   1   2   2  1   3   2  1  0  0
  7   8   5   5   7   5   8   5  0   1  0  0  1  0  0   1   0  0  2  0  1   0  1  1   3   3  0   2  0  0  1   4   1   1  1   1   5  0  0  0
  3   2   2   1   1   3   4   2  0   1  0  1  0  0  0   0   0  0  0  1  0   0  0  1   0   0  0   1  1  0  0   1   1   0  2   0   2  0  0  0
  2   5   8   4   3   4   2  10  0   0  0  1  1  0  1   0   1  2  0  0  0   0  1  0   1   2  3   3  0  2  1   1   0   4  0   1   2  1  0  0
  6   4   6   4   6   2   2   7  1   0  1  1  0  1  0   1   1  0  1  1  0   1  0  0   1   3  0   2  0  0  0   2   0   1  0   0   2  1  0  0
  1   3   1   0   3   3   3   2  0   0  0  0  0  0  0   0   1  0  0  1  1   0  0  0   0   0  0   0  0  0  0   2   0   0  1   0   0  0  0  0
  8   6   6   4   5  12  13   7  0   2  4  2  1  1  1   1   1  1  1  3  0   1  1  0   0   0  0   3  0  1  1   0   2   1  1   3   3  2  0  0
 15   9  17  14  16  17  12  11  5   2  2  2  2  2  1   2   1  1  1  3  0   2  3  0   0   0  1   1  4  2  2   2   4   2  0   1   2  2  0  0
  4   2   6   3   3   7   4   4  1   1  0  0  0  0  0   0   0  1  0  0  0   3  0  0   0   1  0   1  1  2  0   2   1   1  2   0   3  0  0  0
  9   7   6   7  10  10  12  12  0   1  0  0  2  0  0   2   1  1  0  2  1   3  2  0   3   1  1   0  1  0  2   0   0   0  2   0   1  2  0  0
  3   3   3   3   5   6   3   7  1   0  1  1  0  0  0   1   1  0  0  0  1   0  0  0   0   4  1   1  0  1  0   1   0   2  0   1   2  0  0  0
  1   4   4   2   4   3   7   3  1   1  2  0  1  1  0   0   0  2  0  0  0   2  0  0   1   2  2   0  1  0  0   2   2   1  2   0   1  1  0  0
  1   2   5   4   3   4   3   5  0   0  0  0  0  1  0   1   0  0  0  1  0   1  0  0   1   2  0   2  0  0  0   2   0   1  0   0   0  0  0  0
  9   6   7   8   9  13   9  12  2   2  0  0  0  1  1   3   0  2  1  4  1   1  2  2   0   2  2   0  1  2  2   0   0   0  1   1   1  1  0  0
 10  12  10   9  13  12  14   8  2   1  5  4  2  1  0   1   0  1  2  1  1   0  0  0   2   4  1   0  0  2  0   0   0   0  1   1   0  3  0  0
  9   9  11   6   8  10   9  11  0   2  1  1  2  3  1   2   0  1  2  1  0   4  1  0   1   2  1   0  2  1  1   0   0   0  2   0   0  0  0  0
  5   8   5   3   7   6   9   2  1   3  1  1  1  0  0   0   0  0  1  1  2   0  0  1   1   0  2   2  0  2  0   1   1   2  0   1   0  1  0  0
 12   8  11  10  12  18   5   7  0   2  1  3  0  1  0   3   2  0  3  1  0   1  0  0   3   1  0   0  1  0  0   1   1   0  1   0   0  2  0  0
 11  15  17  10  12  15  12  13  1   0  2  0  2  0  0   5   2  1  2  5  2   2  2  0   3   2  3   1  2  1  0   1   0   0  0   0   0  1  0  0
  4   2   6   4   6   5   5   3  1   1  0  1  1  0  0   2   0  1  1  0  0   1  1  0   2   2  0   2  0  1  0   1   3   0  1   2   1  0  0  0
  0   0   0   0   0   0   0   0  0   0  0  0  0  0  0   0   0  0  0  0  0   0  0  0   0   0  0   0  0  0  0   0   0   0  0   0   0  0  0  0
  0   0   0   0   0   0   0   0  0   0  0  0  0  0  0   0   0  0  0  0  0   0  0  0   0   0  0   0  0  0  0   0   0   0  0   0   0  0  0  0
SKU(76, 169.0, 0.07)
SKU(73, 140.0, 0.08)
SKU(80, 105.0, 0.21)
SKU(69, 128.0, 0.1)
SKU(86, 133.0, 0.13)
SKU(100, 188.0, 0.08)
SKU(86, 165.0, 0.07)
SKU(82, 138.0, 0.11)
SKU(9, 40.0, 0.09)
SKU(12, 24.0, 0.21)
SKU(14, 46.0, 0.11)
SKU(11, 32.0, 0.12)
SKU(8, 18.0, 0.19)
SKU(9, 56.0, 0.07)
SKU(5, 50.0, 0.05)
SKU(18, 64.0, 0.09)
SKU(23, 71.0, 0.08)
SKU(8, 28.0, 0.12)
SKU(14, 31.0, 0.26)
SKU(15, 38.0, 0.17)
SKU(6, 38.0, 0.07)
SKU(13, 33.0, 0.16)
SKU(10, 38.0, 0.1)
SKU(4, 43.0, 0.05)
SKU(22, 60.0, 0.11)
SKU(34, 93.0, 0.09)
SKU(10, 31.0, 0.13)
SKU(22, 51.0, 0.16)
SKU(12, 60.0, 0.06)
SKU(9, 79.0, 0.04)
SKU(8, 25.0, 0.15)
SKU(23, 87.0, 0.06)
SKU(26, 85.0, 0.07)
SKU(23, 108.0, 0.05)
SKU(14, 42.0, 0.12)
SKU(24, 49.0, 0.16)
SKU(30, 126.0, 0.04)
SKU(11, 25.0, 0.14)
SKU(0, 9.0, 0.08)
SKU(0, 9.0, 0.12)

extremidades das matrizes:
S_hat: (-0.16543207258752796, 0.8005008300056896)
S_hat * P: (-0.15372175510075384, 0.7139020076425748)
W * S_hat: (-0.05940229455972404, 1.27577605529114)
W * S_hat * P: (0.0, 1.1384695324028125)
correlacao{S_hat, S_hat_hat} = 0.9622649550113154

Posicao 1 (Corredor 1, Prateleira -1)
   SKU 6 -> 188
   SKU 7 -> 70
   SKU 32 -> 1

Posicao 2 (Corredor 1, Prateleira -2)
   SKU 4 -> 112
   SKU 26 -> 37
   SKU 34 -> 108

Posicao 3 (Corredor 1, Prateleira -3)
   SKU 11 -> 46
   SKU 16 -> 64
   SKU 36 -> 49

Posicao 11 (Corredor 1, Prateleira 1)
   SKU 1 -> 169
   SKU 2 -> 19
   SKU 7 -> 95

Posicao 12 (Corredor 1, Prateleira 2)
   SKU 5 -> 68
   SKU 32 -> 86
   SKU 33 -> 85

Posicao 13 (Corredor 1, Prateleira 3)
   SKU 9 -> 40
   SKU 22 -> 33
   SKU 23 -> 38

Posicao 21 (Corredor 2, Prateleira -1)
   SKU 2 -> 121
   SKU 4 -> 16
   SKU 8 -> 79

Posicao 22 (Corredor 2, Prateleira -2)
   SKU 3 -> 63
   SKU 29 -> 60
   SKU 30 -> 79

Posicao 23 (Corredor 2, Prateleira -3)
   SKU 10 -> 24
   SKU 12 -> 32
   SKU 27 -> 31

Posicao 31 (Corredor 2, Prateleira 1)
   SKU 5 -> 65
   SKU 8 -> 59
   SKU 37 -> 126

Posicao 32 (Corredor 2, Prateleira 2)
   SKU 3 -> 42
   SKU 17 -> 71
   SKU 26 -> 56

Posicao 33 (Corredor 2, Prateleira 3)
   SKU 31 -> 25

Posicao 38 (Corredor 2, Prateleira 8)
   SKU 39 -> 9

Posicao 41 (Corredor 3, Prateleira -1)
   SKU 14 -> 56
   SKU 25 -> 60
   SKU 28 -> 51

Posicao 42 (Corredor 3, Prateleira -2)
   SKU 18 -> 28
   SKU 21 -> 38
   SKU 38 -> 25

Posicao 51 (Corredor 3, Prateleira 1)
   SKU 19 -> 31
   SKU 20 -> 38
   SKU 35 -> 42

Posicao 52 (Corredor 3, Prateleira 2)
   SKU 13 -> 18
   SKU 15 -> 50
   SKU 24 -> 43

Posicao 97 (Corredor 5, Prateleira 7)
   SKU 40 -> 9

