Rota do Picker 1: [0, 31, 21, 41, 61, 14, 74, 52, 32, 35, 81, 55, 72, 16, 17, 53, 93, 54, 15, 92, 1, 24, 75, 0]
Rota do Picker 2: [0, 27, 72, 35, 44, 24, 42, 3, 4, 73, 62, 63, 53, 52, 5, 83, 81, 43, 23, 61, 41, 21, 1, 0]
Rota do Picker 3: [0, 21, 41, 61, 5, 23, 6, 81, 62, 65, 42, 44, 2, 43, 7, 3, 64, 45, 82, 63, 27, 73, 25, 83, 52, 1, 4, 24, 26, 8, 56, 0]
Rota do Picker 4: [0, 1, 11, 21, 41, 61, 14, 0]
Rota do Picker 5: [0, 21, 41, 63, 61, 1, 23, 43, 5, 46, 26, 44, 4, 3, 45, 6, 83, 25, 7, 65, 52, 81, 27, 24, 62, 42, 0]
Rota do Picker 6: [0, 1, 41, 61, 81, 53, 17, 24, 25, 21, 56, 43, 52, 72, 5, 3, 23, 92, 0]
Rota do Picker 7: [0, 44, 83, 81, 62, 26, 43, 63, 22, 6, 73, 46, 7, 5, 33, 53, 4, 3, 23, 64, 24, 61, 41, 21, 1, 52, 0]
Rota do Picker 8: [0, 25, 43, 45, 5, 65, 44, 64, 8, 26, 62, 42, 63, 46, 6, 24, 83, 4, 27, 7, 23, 3, 21, 1, 0]

Caso de teste: SLAPRP_Guo_small_O100_alpha0.3_v6.txt

Distancia Total: 1188.0
Quantidade de Pickers: 8
