Rota do Picker 1: [0, 1, 21, 61, 14, 13, 41, 34, 81, 37, 18, 55, 54, 75, 35, 12, 32, 74, 52, 72, 15, 36, 17, 91, 71, 42, 62, 16, 22, 5, 25, 0]
Rota do Picker 2: [0, 24, 44, 25, 7, 61, 3, 64, 27, 1, 23, 43, 83, 4, 46, 65, 21, 45, 8, 42, 62, 82, 6, 5, 41, 0]
Rota do Picker 3: [0, 1, 41, 61, 23, 63, 72, 92, 36, 0]
Rota do Picker 4: [0, 24, 1, 7, 44, 65, 42, 8, 45, 27, 4, 62, 64, 6, 22, 41, 3, 23, 43, 63, 5, 46, 25, 26, 0]
Rota do Picker 5: [0, 21, 41, 42, 62, 1, 22, 43, 63, 6, 81, 82, 24, 4, 26, 44, 65, 3, 45, 61, 72, 23, 5, 0]
Rota do Picker 6: [0, 75, 17, 44, 62, 42, 14, 61, 41, 21, 1, 37, 63, 43, 23, 5, 81, 22, 11, 3, 54, 24, 4, 34, 0]
Rota do Picker 7: [0, 6, 54, 73, 63, 82, 22, 26, 64, 3, 83, 93, 92, 72, 25, 5, 43, 23, 62, 42, 61, 41, 21, 1, 75, 81, 13, 0]
Rota do Picker 8: [0, 7, 83, 23, 24, 4, 21, 25, 6, 82, 62, 42, 41, 1, 3, 64, 46, 61, 63, 65, 8, 5, 43, 27, 0]
Rota do Picker 9: [0, 41, 83, 64, 61, 44, 45, 22, 42, 5, 82, 4, 23, 3, 21, 1, 26, 24, 7, 6, 63, 81, 25, 43, 62, 46, 27, 0]
Rota do Picker 10: [0, 27, 25, 82, 62, 26, 64, 24, 42, 41, 21, 1, 3, 23, 43, 83, 5, 6, 4, 63, 45, 22, 46, 61, 7, 81, 0]
Rota do Picker 11: [0, 1, 21, 41, 61, 63, 22, 5, 25, 23, 42, 37, 8, 24, 6, 7, 3, 43, 64, 45, 44, 62, 84, 65, 71, 91, 0]
Rota do Picker 12: [0, 3, 23, 21, 4, 24, 8, 43, 83, 5, 1, 44, 7, 82, 22, 63, 42, 26, 81, 61, 41, 45, 46, 64, 65, 62, 0]
Rota do Picker 13: [0, 22, 43, 46, 7, 45, 8, 5, 62, 42, 23, 41, 21, 24, 2, 1, 25, 64, 83, 63, 26, 6, 65, 82, 44, 4, 3, 0]

Caso de teste: SLAPRP_Guo_small_O200_alpha0.2_v4.txt

Distancia Total: 2042.0
Quantidade de Pickers: 13
