Rota do Picker 1: [0, 26, 22, 64, 45, 27, 8, 7, 4, 24, 63, 25, 5, 43, 23, 21, 83, 44, 6, 62, 42, 41, 1, 0]
Rota do Picker 2: [0, 1, 21, 41, 61, 14, 23, 43, 83, 52, 72, 6, 4, 64, 46, 54, 73, 22, 62, 3, 42, 5, 0]
Rota do Picker 3: [0, 1, 21, 41, 61, 15, 0]
Rota do Picker 4: [0, 42, 22, 61, 5, 43, 23, 41, 21, 1, 6, 7, 65, 4, 24, 83, 73, 63, 26, 81, 44, 82, 62, 0]
Rota do Picker 5: [0, 1, 21, 41, 61, 14, 34, 33, 16, 55, 12, 15, 36, 23, 25, 45, 13, 17, 0]

Caso de teste: SLAPRP_Guo_small_O50_alpha0.3_v10.txt

Distancia Total: 520.0
Quantidade de Pickers: 5
