Rota do Picker 1: [0, 56, 37, 93, 33, 6, 5, 43, 23, 1, 21, 61, 81, 14, 34, 94, 18, 17, 64, 42, 25, 65, 4, 24, 44, 45, 27, 7, 82, 62, 41, 0]
Rota do Picker 2: [0, 1, 21, 41, 61, 14, 34, 56, 18, 17, 5, 24, 4, 64, 44, 7, 6, 43, 23, 3, 42, 82, 73, 93, 94, 74, 0]
Rota do Picker 3: [0, 32, 52, 72, 92, 94, 54, 21, 1, 24, 4, 5, 65, 37, 12, 55, 56, 16, 14, 18, 53, 13, 7, 43, 23, 3, 0]
Rota do Picker 4: [0, 5, 43, 3, 23, 63, 31, 72, 92, 16, 56, 7, 4, 44, 24, 21, 1, 41, 61, 81, 71, 93, 73, 13, 34, 74, 14, 18, 53, 0]
Rota do Picker 5: [0, 3, 44, 4, 24, 23, 43, 6, 25, 13, 14, 75, 55, 15, 33, 5, 45, 1, 81, 61, 41, 21, 92, 52, 32, 54, 18, 0]
Rota do Picker 6: [0, 1, 41, 14, 53, 73, 93, 12, 54, 74, 32, 51, 37, 18, 17, 15, 34, 26, 6, 23, 63, 94, 33, 64, 24, 4, 21, 81, 61, 0]
Rota do Picker 7: [0, 1, 3, 43, 25, 6, 81, 61, 21, 41, 71, 91, 14, 13, 92, 32, 4, 24, 63, 23, 7, 45, 5, 36, 12, 82, 62, 42, 22, 0]
Rota do Picker 8: [0, 1, 21, 41, 62, 82, 14, 54, 95, 42, 23, 3, 43, 4, 5, 15, 55, 75, 53, 33, 0]
Rota do Picker 9: [0, 81, 27, 22, 42, 5, 7, 4, 24, 12, 36, 37, 17, 32, 26, 23, 45, 25, 6, 61, 41, 1, 21, 3, 43, 63, 13, 0]
Rota do Picker 10: [0, 1, 21, 41, 61, 14, 34, 27, 7, 26, 62, 42, 63, 43, 23, 3, 36, 18, 93, 53, 13, 0]
Rota do Picker 11: [0, 1, 81, 61, 41, 21, 63, 83, 42, 82, 12, 32, 16, 15, 34, 14, 13, 84, 64, 44, 26, 43, 23, 3, 5, 4, 24, 0]
Rota do Picker 12: [0, 1, 21, 41, 81, 35, 17, 56, 73, 93, 33, 55, 95, 53, 12, 84, 44, 24, 4, 25, 61, 14, 94, 74, 16, 36, 43, 23, 42, 22, 0]

Caso de teste: SLAPRP_Guo_small_O200_alpha0.2_v9.txt

Distancia Total: 1558.0
Quantidade de Pickers: 12
