Rota do Picker 1: [0, 43, 57, 39, 19, 20, 36, 16, 94, 54, 14, 21, 41, 24, 5, 3, 62, 38, 58, 76, 96, 73, 53, 33, 13, 1, 0]
Rota do Picker 2: [0, 1, 21, 41, 91, 18, 33, 73, 53, 96, 36, 24, 5, 14, 38, 20, 82, 43, 3, 61, 81, 13, 37, 63, 0]
Rota do Picker 3: [0, 21, 61, 5, 25, 13, 73, 53, 33, 20, 77, 95, 75, 41, 1, 4, 0]
Rota do Picker 4: [0, 21, 41, 13, 73, 57, 77, 96, 76, 36, 39, 53, 33, 82, 3, 1, 0]
Rota do Picker 5: [0, 91, 71, 41, 21, 1, 61, 81, 13, 36, 76, 39, 18, 77, 57, 16, 54, 34, 14, 5, 25, 4, 3, 0]
Rota do Picker 6: [0, 1, 41, 61, 21, 62, 82, 14, 13, 33, 53, 73, 36, 16, 39, 18, 38, 71, 91, 24, 0]
Rota do Picker 7: [0, 3, 21, 81, 61, 41, 1, 4, 24, 71, 91, 38, 18, 75, 36, 96, 76, 16, 20, 57, 54, 34, 14, 73, 33, 13, 0]
Rota do Picker 8: [0, 21, 1, 4, 5, 36, 76, 14, 71, 91, 73, 33, 13, 41, 81, 61, 82, 3, 0]
Rota do Picker 9: [0, 1, 21, 81, 14, 34, 54, 16, 36, 20, 19, 18, 37, 76, 33, 73, 53, 13, 4, 41, 0]
Rota do Picker 10: [0, 21, 1, 61, 81, 13, 73, 33, 53, 41, 3, 5, 14, 16, 20, 38, 57, 18, 54, 0]
Rota do Picker 11: [0, 1, 21, 41, 61, 13, 33, 73, 53, 63, 3, 75, 36, 16, 94, 34, 14, 71, 91, 23, 4, 0]

Caso de teste: SLAPRP_Guo_small_O200_alpha0.3_v1.txt

Distancia Total: 1130.0
Quantidade de Pickers: 11
