Rota do Picker 1: [0, 41, 3, 23, 83, 22, 10, 8, 9, 30, 24, 26, 46, 45, 42, 62, 15, 34, 78, 60, 20, 21, 0]
Rota do Picker 2: [0, 34, 3, 61, 21, 41, 62, 26, 46, 8, 30, 50, 10, 12, 72, 52, 94, 11, 18, 37, 57, 20, 40, 83, 43, 23, 22, 0]
Rota do Picker 3: [0, 11, 94, 18, 20, 37, 15, 12, 52, 78, 14, 22, 61, 41, 21, 10, 50, 30, 8, 46, 26, 83, 23, 1, 45, 24, 0]
Rota do Picker 4: [0, 21, 41, 61, 3, 22, 46, 34, 12, 18, 20, 37, 14, 43, 83, 30, 10, 8, 26, 67, 45, 24, 42, 1, 0]
Rota do Picker 5: [0, 10, 30, 67, 9, 8, 45, 22, 41, 21, 42, 61, 1, 83, 3, 23, 5, 26, 46, 15, 33, 0]
Rota do Picker 6: [0, 21, 41, 22, 42, 45, 8, 9, 10, 50, 30, 46, 26, 24, 12, 34, 61, 1, 15, 78, 60, 20, 94, 14, 51, 11, 0]
Rota do Picker 7: [0, 52, 11, 21, 41, 61, 22, 26, 46, 10, 50, 3, 14, 33, 37, 20, 18, 40, 60, 71, 1, 24, 45, 62, 42, 0]
Rota do Picker 8: [0, 12, 52, 14, 37, 97, 78, 15, 33, 13, 30, 8, 26, 24, 83, 23, 3, 41, 21, 1, 22, 42, 62, 51, 57, 34, 43, 5, 46, 67, 0]
Rota do Picker 9: [0, 61, 23, 83, 14, 57, 60, 34, 78, 33, 24, 5, 26, 46, 30, 10, 8, 45, 42, 22, 41, 21, 0]
Rota do Picker 10: [0, 84, 61, 24, 45, 8, 46, 26, 22, 21, 1, 41, 3, 23, 43, 30, 50, 10, 34, 14, 5, 62, 42, 83, 51, 71, 0]
Rota do Picker 11: [0, 43, 83, 61, 1, 21, 41, 26, 46, 30, 50, 84, 67, 9, 8, 23, 3, 22, 62, 24, 34, 14, 51, 0]
Rota do Picker 12: [0, 33, 15, 78, 12, 72, 37, 8, 30, 50, 52, 18, 40, 60, 94, 11, 1, 22, 62, 45, 51, 43, 3, 26, 24, 23, 41, 21, 0]
Rota do Picker 13: [0, 21, 24, 14, 33, 3, 41, 18, 57, 20, 42, 22, 62, 46, 8, 10, 67, 23, 1, 43, 0]

Caso de teste: SLAPRP_Guo_small_O200_alpha0.3_v6.txt

Distancia Total: 1896.0
Quantidade de Pickers: 13
