Rota do Picker 1: [0, 72, 52, 13, 3, 11, 12, 17, 45, 34, 40, 19, 66, 46, 33, 42, 22, 1, 37, 18, 8, 47, 27, 21, 20, 26, 0]
Rota do Picker 2: [0, 94, 26, 52, 22, 1, 11, 24, 8, 45, 17, 62, 42, 12, 2, 41, 19, 21, 46, 66, 34, 83, 36, 3, 27, 97, 43, 13, 33, 0]
Rota do Picker 3: [0, 84, 43, 47, 20, 9, 2, 3, 4, 27, 10, 30, 17, 22, 24, 62, 23, 8, 67, 66, 41, 45, 46, 26, 11, 1, 0]
Rota do Picker 4: [0, 19, 21, 36, 18, 40, 10, 43, 8, 20, 12, 97, 52, 83, 45, 37, 17, 51, 11, 3, 2, 1, 22, 62, 14, 94, 47, 0]
Rota do Picker 5: [0, 3, 17, 37, 18, 22, 62, 60, 8, 10, 34, 12, 13, 33, 20, 19, 94, 45, 36, 97, 40, 72, 52, 14, 11, 1, 66, 71, 0]
Rota do Picker 6: [0, 12, 3, 72, 14, 36, 67, 43, 51, 13, 97, 40, 26, 71, 19, 24, 45, 20, 41, 66, 46, 23, 61, 22, 62, 27, 8, 37, 17, 11, 1, 0]
Rota do Picker 7: [0, 4, 47, 23, 41, 30, 33, 21, 2, 26, 46, 66, 61, 45, 12, 43, 10, 27, 11, 8, 3, 1, 36, 0]
Rota do Picker 8: [0, 21, 23, 1, 67, 30, 9, 10, 47, 8, 43, 22, 3, 26, 46, 66, 27, 4, 45, 17, 0]
Rota do Picker 9: [0, 41, 66, 46, 26, 30, 9, 11, 1, 21, 61, 3, 10, 27, 45, 71, 23, 47, 67, 8, 4, 62, 42, 2, 24, 89, 0]
Rota do Picker 10: [0, 41, 19, 30, 1, 3, 26, 46, 11, 27, 21, 4, 67, 12, 66, 97, 45, 20, 10, 62, 24, 47, 22, 42, 8, 2, 34, 71, 0]
Rota do Picker 11: [0, 45, 8, 37, 51, 71, 67, 94, 18, 17, 11, 3, 1, 30, 97, 41, 23, 46, 66, 13, 19, 22, 20, 40, 14, 43, 62, 10, 36, 76, 26, 60, 33, 21, 0]
Rota do Picker 12: [0, 22, 27, 47, 12, 72, 11, 45, 46, 20, 10, 8, 3, 1, 61, 42, 83, 17, 71, 66, 43, 21, 23, 13, 67, 9, 52, 2, 4, 84, 0]

Caso de teste: SLAPRP_Guo_small_O200_alpha0.4_v3.txt

Distancia Total: 2910.0
Quantidade de Pickers: 12
