Rota do Picker 1: [0, 61, 3, 84, 17, 62, 24, 56, 13, 6, 18, 22, 41, 21, 1, 74, 7, 25, 81, 63, 5, 55, 0]
Rota do Picker 2: [0, 21, 41, 61, 13, 0]
Rota do Picker 3: [0, 13, 41, 17, 45, 3, 61, 21, 1, 5, 83, 63, 7, 26, 62, 24, 81, 31, 23, 25, 64, 55, 0]
Rota do Picker 4: [0, 81, 3, 61, 41, 21, 1, 5, 25, 62, 43, 83, 26, 84, 45, 6, 4, 44, 64, 24, 63, 7, 13, 0]
Rota do Picker 5: [0, 1, 21, 61, 64, 16, 75, 41, 3, 13, 37, 95, 94, 93, 18, 83, 74, 24, 62, 17, 55, 36, 19, 56, 5, 81, 0]
Rota do Picker 6: [0, 61, 3, 62, 13, 63, 74, 64, 24, 81, 41, 21, 1, 16, 6, 43, 56, 5, 0]
Rota do Picker 7: [0, 37, 13, 6, 18, 3, 61, 21, 1, 63, 81, 17, 16, 25, 19, 93, 41, 0]

Caso de teste: SLAPRP_Guo_small_O100_alpha0.2_v4.txt

Distancia Total: 1066.0
Quantidade de Pickers: 7
