Rota do Picker 1: [0, 32, 52, 57, 97, 77, 59, 20, 55, 33, 13, 40, 38, 37, 11, 21, 41, 1, 28, 47, 50, 30, 10, 9, 27, 46, 26, 8, 45, 22, 0]
Rota do Picker 2: [0, 11, 23, 45, 27, 9, 30, 50, 28, 46, 26, 22, 1, 21, 65, 8, 10, 40, 20, 0]
Rota do Picker 3: [0, 27, 64, 21, 41, 1, 23, 26, 46, 28, 47, 9, 10, 36, 13, 38, 77, 37, 55, 11, 32, 89, 8, 3, 45, 22, 4, 20, 40, 94, 52, 51, 0]
Rota do Picker 4: [0, 42, 36, 20, 60, 32, 4, 46, 26, 50, 10, 8, 28, 9, 27, 45, 3, 23, 1, 41, 21, 0]
Rota do Picker 5: [0, 55, 13, 33, 37, 57, 38, 59, 12, 21, 1, 3, 9, 10, 45, 30, 23, 46, 27, 64, 41, 8, 28, 26, 0]
Rota do Picker 6: [0, 1, 40, 20, 50, 30, 10, 64, 42, 27, 28, 8, 46, 26, 22, 9, 89, 45, 21, 61, 36, 60, 0]

Caso de teste: SLAPRP_Guo_small_O100_alpha0.4_v1.txt

Distancia Total: 930.0
Quantidade de Pickers: 6
