Rota do Picker 1: [0, 1, 26, 46, 8, 10, 45, 19, 55, 80, 60, 40, 20, 87, 70, 50, 48, 9, 30, 27, 7, 21, 0]
Rota do Picker 2: [0, 41, 55, 36, 20, 59, 97, 40, 19, 87, 27, 7, 46, 9, 8, 10, 21, 30, 28, 48, 68, 45, 96, 26, 89, 60, 80, 37, 1, 0]
Rota do Picker 3: [0, 21, 45, 30, 10, 7, 46, 26, 60, 80, 40, 19, 3, 48, 28, 8, 9, 27, 87, 47, 70, 50, 2, 0]
Rota do Picker 4: [0, 21, 7, 27, 9, 45, 60, 59, 40, 20, 75, 55, 74, 94, 18, 80, 30, 70, 50, 10, 48, 28, 8, 46, 26, 0]
Rota do Picker 5: [0, 18, 19, 59, 55, 51, 2, 22, 27, 87, 47, 48, 7, 21, 26, 46, 50, 30, 45, 10, 9, 28, 8, 1, 0]
Rota do Picker 6: [0, 1, 26, 46, 28, 48, 7, 47, 87, 27, 3, 22, 37, 74, 94, 36, 2, 55, 18, 39, 60, 19, 98, 97, 8, 9, 70, 20, 40, 21, 0]

Caso de teste: SLAPRP_Guo_small_O100_alpha0.4_v4.txt

Distancia Total: 1012.0
Quantidade de Pickers: 6
