Rota do Picker 1: [0, 30, 79, 32, 22, 57, 18, 7, 46, 26, 1, 27, 76, 37, 0]
Rota do Picker 2: [0, 37, 21, 12, 47, 45, 10, 18, 30, 7, 27, 42, 83, 46, 22, 36, 26, 28, 8, 1, 4, 0]
Rota do Picker 3: [0, 1, 7, 27, 26, 89, 10, 46, 69, 48, 49, 8, 28, 30, 3, 45, 13, 47, 22, 0]
Rota do Picker 4: [0, 7, 8, 46, 45, 27, 18, 49, 26, 89, 69, 76, 30, 10, 23, 3, 1, 83, 2, 12, 21, 48, 0]
Rota do Picker 5: [0, 57, 47, 7, 27, 30, 36, 22, 89, 69, 10, 49, 20, 17, 79, 46, 28, 8, 21, 41, 18, 26, 45, 2, 1, 0]
Rota do Picker 6: [0, 21, 41, 13, 37, 32, 57, 76, 79, 75, 31, 51, 17, 7, 36, 20, 22, 46, 4, 45, 18, 12, 1, 26, 27, 0]
Rota do Picker 7: [0, 23, 7, 27, 45, 26, 18, 20, 0]
Rota do Picker 8: [0, 10, 83, 2, 76, 27, 47, 61, 28, 46, 26, 18, 41, 49, 48, 20, 13, 45, 89, 69, 8, 7, 3, 1, 30, 22, 0]

Caso de teste: SLAPRP_Guo_small_O100_alpha0.2_v6.txt

Distancia Total: 1432.0
Quantidade de Pickers: 8
