Rota do Picker 1: [0, 61, 21, 14, 81, 41, 1, 35, 55, 36, 33, 53, 93, 18, 16, 11, 37, 0]
Rota do Picker 2: [0, 6, 7, 1, 3, 24, 64, 25, 45, 46, 27, 44, 82, 26, 63, 43, 23, 4, 83, 8, 5, 61, 41, 0]
Rota do Picker 3: [0, 56, 7, 65, 83, 61, 1, 22, 5, 43, 25, 27, 24, 3, 44, 53, 63, 4, 82, 81, 62, 42, 23, 41, 21, 0]
Rota do Picker 4: [0, 21, 41, 23, 43, 24, 44, 42, 81, 22, 4, 6, 64, 45, 25, 3, 5, 27, 14, 62, 82, 1, 61, 65, 7, 63, 0]
Rota do Picker 5: [0, 25, 63, 26, 21, 27, 2, 3, 83, 4, 5, 42, 82, 45, 61, 23, 43, 6, 81, 7, 44, 24, 41, 1, 64, 46, 0]
Rota do Picker 6: [0, 1, 21, 41, 51, 81, 22, 5, 7, 53, 73, 56, 4, 63, 3, 83, 42, 82, 34, 6, 43, 23, 61, 0]

Caso de teste: SLAPRP_Guo_small_O100_alpha0.4_v8.txt

Distancia Total: 894.0
Quantidade de Pickers: 6
