Rota do Picker 1: [0, 1, 82, 7, 45, 27, 63, 43, 3, 41, 61, 81, 64, 84, 24, 54, 36, 16, 18, 4, 23, 21, 6, 46, 25, 8, 94, 0]
Rota do Picker 2: [0, 1, 21, 41, 81, 61, 2, 42, 62, 82, 23, 63, 43, 64, 46, 94, 54, 24, 6, 8, 44, 4, 3, 0]
Rota do Picker 3: [0, 1, 21, 24, 7, 27, 6, 26, 5, 16, 17, 37, 35, 55, 63, 23, 84, 4, 43, 3, 81, 61, 41, 0]
Rota do Picker 4: [0, 1, 82, 23, 4, 3, 81, 41, 21, 43, 61, 7, 25, 24, 44, 5, 45, 35, 71, 11, 0]
Rota do Picker 5: [0, 1, 61, 81, 64, 8, 3, 43, 45, 65, 5, 7, 46, 26, 36, 37, 35, 54, 84, 24, 23, 4, 41, 21, 0]
Rota do Picker 6: [0, 1, 21, 41, 81, 3, 5, 23, 24, 6, 17, 36, 25, 4, 83, 27, 7, 72, 52, 12, 31, 16, 18, 35, 43, 61, 0]

Caso de teste: SLAPRP_Guo_small_O100_alpha0.3_v4.txt

Distancia Total: 768.0
Quantidade de Pickers: 6
