Rota do Picker 1: [0, 1, 2, 22, 3, 21, 31, 33, 11, 51, 52, 32, 12, 41, 42, 0]
Rota do Picker 2: [0, 1, 21, 12, 13, 52, 51, 31, 11, 3, 2, 42, 22, 0]
Rota do Picker 3: [0, 13, 32, 12, 11, 51, 31, 41, 21, 1, 2, 22, 3, 0]
Rota do Picker 4: [0, 11, 51, 31, 21, 1, 2, 42, 23, 12, 32, 52, 33, 13, 0]
Rota do Picker 5: [0, 2, 42, 21, 41, 1, 3, 23, 31, 51, 22, 13, 32, 12, 11, 0]
Rota do Picker 6: [0, 1, 21, 2, 22, 42, 3, 23, 13, 33, 52, 32, 12, 51, 31, 11, 0]
Rota do Picker 7: [0, 1, 21, 41, 2, 42, 22, 51, 11, 31, 3, 0]
Rota do Picker 8: [0, 1, 32, 13, 33, 12, 11, 31, 41, 21, 42, 22, 2, 3, 0]
Rota do Picker 9: [0, 1, 21, 41, 2, 3, 23, 22, 12, 32, 31, 51, 13, 33, 11, 0]
Rota do Picker 10: [0, 21, 22, 11, 51, 23, 3, 2, 42, 12, 32, 31, 41, 1, 0]
Rota do Picker 11: [0, 11, 31, 12, 51, 3, 2, 22, 1, 21, 0]

Caso de teste: SLAPRP_Guo_small_O200_alpha0.4_v5.txt

Distancia Total: 492.0
Quantidade de Pickers: 11
