Rota do Picker 1: [0, 27, 17, 81, 21, 41, 3, 4, 64, 34, 74, 94, 61, 43, 63, 16, 35, 1, 23, 73, 93, 75, 0]
Rota do Picker 2: [0, 61, 3, 43, 15, 55, 21, 17, 36, 73, 46, 52, 94, 54, 34, 81, 41, 1, 14, 16, 13, 56, 92, 32, 42, 62, 74, 35, 75, 72, 0]
Rota do Picker 3: [0, 17, 42, 46, 45, 22, 21, 36, 65, 5, 44, 4, 55, 25, 6, 43, 3, 61, 41, 1, 34, 84, 64, 63, 23, 82, 62, 81, 24, 31, 26, 8, 73, 7, 0]
Rota do Picker 4: [0, 55, 15, 6, 36, 63, 43, 61, 4, 44, 56, 74, 1, 21, 41, 24, 53, 93, 82, 62, 65, 34, 81, 46, 16, 23, 7, 5, 3, 64, 92, 72, 42, 33, 45, 51, 52, 0]
Rota do Picker 5: [0, 72, 7, 56, 16, 44, 4, 22, 53, 33, 21, 41, 42, 62, 82, 35, 73, 23, 63, 17, 93, 64, 15, 1, 3, 5, 54, 74, 0]
Rota do Picker 6: [0, 16, 34, 3, 21, 35, 15, 82, 62, 23, 41, 1, 74, 25, 71, 51, 81, 92, 72, 61, 52, 94, 42, 36, 0]
Rota do Picker 7: [0, 16, 27, 45, 25, 56, 34, 1, 3, 63, 36, 82, 73, 84, 64, 43, 5, 7, 42, 15, 17, 83, 23, 24, 4, 61, 41, 21, 94, 0]
Rota do Picker 8: [0, 72, 5, 4, 41, 16, 63, 43, 3, 61, 21, 75, 64, 24, 81, 52, 73, 23, 92, 6, 51, 42, 22, 1, 94, 34, 25, 65, 54, 36, 0]
Rota do Picker 9: [0, 16, 34, 3, 22, 1, 21, 61, 4, 24, 15, 35, 41, 81, 74, 94, 43, 23, 73, 36, 42, 62, 72, 92, 64, 6, 0]
Rota do Picker 10: [0, 1, 21, 42, 62, 3, 15, 56, 17, 61, 73, 81, 41, 14, 94, 74, 72, 52, 13, 35, 55, 93, 34, 16, 64, 44, 54, 71, 51, 6, 0]
Rota do Picker 11: [0, 56, 24, 7, 5, 4, 83, 63, 43, 3, 61, 41, 21, 82, 46, 84, 64, 62, 23, 25, 6, 42, 22, 8, 34, 44, 1, 27, 35, 81, 0]
Rota do Picker 12: [0, 34, 64, 44, 22, 63, 62, 42, 27, 84, 14, 82, 73, 23, 41, 83, 17, 46, 33, 3, 21, 1, 16, 6, 24, 4, 61, 43, 7, 15, 81, 71, 0]
Rota do Picker 13: [0, 41, 82, 21, 3, 23, 25, 8, 46, 42, 44, 45, 24, 4, 61, 26, 27, 63, 5, 65, 84, 7, 83, 64, 6, 1, 0]
Rota do Picker 14: [0, 83, 22, 64, 44, 8, 23, 6, 27, 42, 81, 65, 46, 63, 43, 4, 41, 62, 61, 84, 82, 55, 24, 7, 5, 3, 21, 1, 73, 93, 0]

Caso de teste: SLAPRP_Guo_small_O200_alpha0.3_v7.txt

Distancia Total: 3124.0
Quantidade de Pickers: 14
