Rota do Picker 1: [0, 31, 12, 75, 14, 41, 11, 17, 74, 98, 18, 93, 19, 94, 1, 10, 50, 13, 33, 52, 39, 55, 47, 60, 32, 61, 0]
Rota do Picker 2: [0, 22, 41, 2, 1, 20, 45, 26, 12, 55, 75, 50, 10, 39, 17, 52, 21, 30, 18, 31, 93, 0]
Rota do Picker 3: [0, 81, 1, 36, 39, 47, 17, 20, 55, 94, 75, 32, 13, 11, 50, 19, 40, 21, 41, 33, 12, 52, 93, 18, 98, 10, 31, 74, 30, 0]
Rota do Picker 4: [0, 12, 17, 55, 52, 18, 31, 19, 98, 39, 74, 41, 60, 20, 36, 94, 14, 21, 40, 32, 0]
Rota do Picker 5: [0, 10, 28, 36, 23, 69, 50, 30, 67, 45, 21, 52, 66, 47, 27, 1, 4, 26, 9, 33, 12, 65, 64, 83, 3, 41, 84, 20, 0]
Rota do Picker 6: [0, 32, 93, 19, 1, 41, 39, 75, 14, 81, 60, 47, 55, 20, 17, 31, 13, 22, 10, 98, 18, 94, 74, 52, 12, 21, 0]

Caso de teste: SLAPRP_Guo_small_O100_alpha0.3_v1.txt

Distancia Total: 1408.0
Quantidade de Pickers: 6
