SKUs: 40
Pedidos: 105

Primeiro pedido:
Order(1, [1, 6, 8, 24, 37])

Ultimo pedido:
Order(105, [1, 28])

Location(1, 1, -1, 20)
Location(2, 1, -2, 20)
Location(3, 1, -3, 20)
Location(4, 1, -4, 20)
Location(5, 1, -5, 20)
Location(6, 1, -6, 20)
Location(7, 1, -7, 20)
Location(8, 1, -8, 20)
Location(9, 1, -9, 20)
Location(10, 1, -10, 40)
Location(11, 1, 1, 20)
Location(12, 1, 2, 20)
Location(13, 1, 3, 20)
Location(14, 1, 4, 20)
Location(15, 1, 5, 20)
Location(16, 1, 6, 20)
Location(17, 1, 7, 20)
Location(18, 1, 8, 20)
Location(19, 1, 9, 20)
Location(20, 1, 10, 40)
Location(21, 2, -1, 20)
Location(22, 2, -2, 20)
Location(23, 2, -3, 20)
Location(24, 2, -4, 20)
Location(25, 2, -5, 20)
Location(26, 2, -6, 20)
Location(27, 2, -7, 20)
Location(28, 2, -8, 20)
Location(29, 2, -9, 20)
Location(30, 2, -10, 40)
Location(31, 2, 1, 20)
Location(32, 2, 2, 20)
Location(33, 2, 3, 20)
Location(34, 2, 4, 20)
Location(35, 2, 5, 20)
Location(36, 2, 6, 20)
Location(37, 2, 7, 20)
Location(38, 2, 8, 20)
Location(39, 2, 9, 20)
Location(40, 2, 10, 40)
Location(41, 3, -1, 20)
Location(42, 3, -2, 20)
Location(43, 3, -3, 20)
Location(44, 3, -4, 20)
Location(45, 3, -5, 20)
Location(46, 3, -6, 20)
Location(47, 3, -7, 20)
Location(48, 3, -8, 20)
Location(49, 3, -9, 20)
Location(50, 3, -10, 40)
Location(51, 3, 1, 20)
Location(52, 3, 2, 20)
Location(53, 3, 3, 20)
Location(54, 3, 4, 20)
Location(55, 3, 5, 20)
Location(56, 3, 6, 20)
Location(57, 3, 7, 20)
Location(58, 3, 8, 20)
Location(59, 3, 9, 20)
Location(60, 3, 10, 40)
Location(61, 4, -1, 20)
Location(62, 4, -2, 20)
Location(63, 4, -3, 20)
Location(64, 4, -4, 20)
Location(65, 4, -5, 20)
Location(66, 4, -6, 20)
Location(67, 4, -7, 20)
Location(68, 4, -8, 20)
Location(69, 4, -9, 20)
Location(70, 4, -10, 40)
Location(71, 4, 1, 20)
Location(72, 4, 2, 20)
Location(73, 4, 3, 20)
Location(74, 4, 4, 20)
Location(75, 4, 5, 20)
Location(76, 4, 6, 20)
Location(77, 4, 7, 20)
Location(78, 4, 8, 20)
Location(79, 4, 9, 20)
Location(80, 4, 10, 40)
Location(81, 5, -1, 20)
Location(82, 5, -2, 20)
Location(83, 5, -3, 20)
Location(84, 5, -4, 20)
Location(85, 5, -5, 20)
Location(86, 5, -6, 20)
Location(87, 5, -7, 20)
Location(88, 5, -8, 20)
Location(89, 5, -9, 20)
Location(90, 5, -10, 40)
Location(91, 5, 1, 20)
Location(92, 5, 2, 20)
Location(93, 5, 3, 20)
Location(94, 5, 4, 20)
Location(95, 5, 5, 20)
Location(96, 5, 6, 20)
Location(97, 5, 7, 20)
Location(98, 5, 8, 20)
Location(99, 5, 9, 20)
Location(100, 5, 10, 40)

Frequencias: [34, 50, 35, 55, 39, 52, 41, 47, 2, 2, 5, 4, 3, 8, 4, 6, 7, 3, 8, 5, 5, 6, 2, 7, 5, 2, 8, 9, 4, 3, 4, 5, 7, 3, 4, 3, 7, 6, 0, 0]

Matriz de coocorrencia: 
40×40 Matrix{Int64}:
  0  19  12  21  16  18  11  17  0  2  4  1  1  1  2  1  4  0  1  3  1  0  2  3  1  1  2  1  2  2  0  3  0  0  1  1  3  2  0  0
 19   0  24  32  25  25  23  21  1  1  3  3  2  4  3  3  3  2  5  2  2  3  0  2  2  2  4  4  2  3  2  2  4  2  1  1  5  2  0  0
 12  24   0  21  16  19  19  15  1  0  3  2  2  3  1  3  1  0  3  0  1  2  0  1  3  1  3  1  2  2  3  1  2  1  0  1  2  3  0  0
 21  32  21   0  24  24  22  24  1  2  3  3  0  4  2  2  5  2  3  4  4  4  2  3  5  2  7  4  1  1  2  2  4  2  1  1  4  4  0  0
 16  25  16  24   0  19  15  16  0  0  2  2  1  4  2  2  3  1  5  2  2  3  0  3  2  1  2  2  1  2  1  2  4  3  1  0  5  2  0  0
 18  25  19  24  19   0  22  16  1  1  1  2  2  4  2  2  2  2  3  3  2  3  0  4  3  0  3  4  2  3  1  3  4  1  3  2  4  3  0  0
 11  23  19  22  15  22   0  17  0  1  3  1  3  1  1  3  1  1  4  0  2  2  0  3  3  1  3  4  3  2  2  3  2  0  1  2  3  3  0  0
 17  21  15  24  16  16  17   0  1  1  3  1  1  4  1  3  4  1  4  2  1  4  2  2  2  1  5  4  1  1  2  4  4  1  1  0  3  3  0  0
  0   1   1   1   0   1   0   1  0  0  0  1  0  1  0  0  0  0  0  0  0  0  0  0  0  0  0  0  0  0  0  0  0  0  0  1  0  0  0  0
  2   1   0   2   0   1   1   1  0  0  0  0  0  0  0  0  0  0  0  1  0  0  0  0  0  0  0  0  0  0  0  0  0  0  0  0  0  0  0  0
  4   3   3   3   2   1   3   3  0  0  0  0  0  0  0  0  1  0  0  0  0  0  1  0  1  0  0  0  1  0  0  0  0  0  0  0  0  0  0  0
  1   3   2   3   2   2   1   1  1  0  0  0  0  1  1  0  1  0  0  0  1  0  0  0  1  0  1  0  0  0  0  0  1  0  0  0  0  0  0  0
  1   2   2   0   1   2   3   1  0  0  0  0  0  0  0  0  0  0  1  0  0  0  0  0  0  0  0  0  1  1  0  0  0  0  0  0  0  0  0  0
  1   4   3   4   4   4   1   4  1  0  0  1  0  0  0  1  1  0  1  0  1  2  0  1  0  0  1  2  0  1  0  0  0  1  0  0  0  1  0  0
  2   3   1   2   2   2   1   1  0  0  0  1  0  0  0  0  1  0  0  0  0  0  0  0  0  0  0  0  0  0  0  1  0  0  0  0  0  0  0  0
  1   3   3   2   2   2   3   3  0  0  0  0  0  1  0  0  0  0  2  0  1  1  0  1  0  0  1  1  0  0  1  0  0  1  0  1  0  0  0  0
  4   3   1   5   3   2   1   4  0  0  1  1  0  1  1  0  0  0  0  0  0  0  2  0  0  0  1  1  0  1  0  0  0  0  0  0  0  0  0  0
  0   2   0   2   1   2   1   1  0  0  0  0  0  0  0  0  0  0  1  0  0  0  0  1  0  0  0  0  0  0  0  0  1  1  0  1  0  0  0  0
  1   5   3   3   5   3   4   4  0  0  0  0  1  1  0  2  0  1  0  0  1  0  0  1  0  1  0  1  0  0  1  0  2  2  1  0  2  0  0  0
  3   2   0   4   2   3   0   2  0  1  0  0  0  0  0  0  0  0  0  0  0  0  0  0  0  0  0  0  1  0  0  0  0  0  0  0  0  0  0  0
  1   2   1   4   2   2   2   1  0  0  0  1  0  1  0  1  0  0  1  0  0  0  0  2  3  0  1  2  0  0  0  0  1  1  0  0  0  0  0  0
  0   3   2   4   3   3   2   4  0  0  0  0  0  2  0  1  0  0  0  0  0  0  0  0  0  0  0  1  0  0  1  0  0  0  1  0  1  0  0  0
  2   0   0   2   0   0   0   2  0  0  1  0  0  0  0  0  2  0  0  0  0  0  0  0  0  0  0  0  0  0  0  0  0  0  0  0  0  0  0  0
  3   2   1   3   3   4   3   2  0  0  0  0  0  1  0  1  0  1  1  0  2  0  0  0  1  0  0  1  0  0  0  0  0  1  2  1  2  0  0  0
  1   2   3   5   2   3   3   2  0  0  1  1  0  0  0  0  0  0  0  0  3  0  0  1  0  0  1  1  0  0  0  0  1  0  0  0  0  0  0  0
  1   2   1   2   1   0   1   1  0  0  0  0  0  0  0  0  0  0  1  0  0  0  0  0  0  0  0  0  0  0  0  0  0  0  0  0  1  0  0  0
  2   4   3   7   2   3   3   5  0  0  0  1  0  1  0  1  1  0  0  0  1  0  0  0  1  0  0  0  0  0  0  0  2  0  0  0  0  0  0  0
  1   4   1   4   2   4   4   4  0  0  0  0  0  2  0  1  1  0  1  0  2  1  0  1  1  0  0  0  0  0  0  0  1  1  0  0  0  0  0  0
  2   2   2   1   1   2   3   1  0  0  1  0  1  0  0  0  0  0  0  1  0  0  0  0  0  0  0  0  0  1  0  0  0  0  0  0  0  0  0  0
  2   3   2   1   2   3   2   1  0  0  0  0  1  1  0  0  1  0  0  0  0  0  0  0  0  0  0  0  1  0  0  0  0  0  0  0  0  0  0  0
  0   2   3   2   1   1   2   2  0  0  0  0  0  0  0  1  0  0  1  0  0  1  0  0  0  0  0  0  0  0  0  0  0  0  0  0  0  0  0  0
  3   2   1   2   2   3   3   4  0  0  0  0  0  0  1  0  0  0  0  0  0  0  0  0  0  0  0  0  0  0  0  0  0  0  0  0  0  1  0  0
  0   4   2   4   4   4   2   4  0  0  0  1  0  0  0  0  0  1  2  0  1  0  0  0  1  0  2  1  0  0  0  0  0  1  0  0  0  1  0  0
  0   2   1   2   3   1   0   1  0  0  0  0  0  1  0  1  0  1  2  0  1  0  0  1  0  0  0  1  0  0  0  0  1  0  0  0  0  0  0  0
  1   1   0   1   1   3   1   1  0  0  0  0  0  0  0  0  0  0  1  0  0  1  0  2  0  0  0  0  0  0  0  0  0  0  0  0  0  0  0  0
  1   1   1   1   0   2   2   0  1  0  0  0  0  0  0  1  0  1  0  0  0  0  0  1  0  0  0  0  0  0  0  0  0  0  0  0  0  0  0  0
  3   5   2   4   5   4   3   3  0  0  0  0  0  0  0  0  0  0  2  0  0  1  0  2  0  1  0  0  0  0  0  0  0  0  0  0  0  0  0  0
  2   2   3   4   2   3   3   3  0  0  0  0  0  1  0  0  0  0  0  0  0  0  0  0  0  0  0  0  0  0  0  1  1  0  0  0  0  0  0  0
  0   0   0   0   0   0   0   0  0  0  0  0  0  0  0  0  0  0  0  0  0  0  0  0  0  0  0  0  0  0  0  0  0  0  0  0  0  0  0  0
  0   0   0   0   0   0   0   0  0  0  0  0  0  0  0  0  0  0  0  0  0  0  0  0  0  0  0  0  0  0  0  0  0  0  0  0  0  0  0  0
SKU(34, 176.0, 0.07)
SKU(50, 183.0, 0.08)
SKU(35, 88.0, 0.21)
SKU(55, 172.0, 0.1)
SKU(39, 116.0, 0.13)
SKU(52, 192.0, 0.08)
SKU(41, 180.0, 0.07)
SKU(47, 148.0, 0.11)
SKU(2, 33.0, 0.09)
SKU(2, 19.0, 0.21)
SKU(5, 46.0, 0.11)
SKU(4, 35.0, 0.12)
SKU(3, 31.0, 0.19)
SKU(8, 73.0, 0.07)
SKU(4, 73.0, 0.05)
SKU(6, 58.0, 0.09)
SKU(7, 58.0, 0.08)
SKU(3, 32.0, 0.12)
SKU(8, 35.0, 0.26)
SKU(5, 31.0, 0.17)
SKU(5, 67.0, 0.07)
SKU(6, 33.0, 0.16)
SKU(2, 34.0, 0.1)
SKU(7, 97.0, 0.05)
SKU(5, 48.0, 0.11)
SKU(2, 36.0, 0.09)
SKU(8, 51.0, 0.13)
SKU(9, 48.0, 0.16)
SKU(4, 61.0, 0.06)
SKU(3, 78.0, 0.04)
SKU(4, 27.0, 0.15)
SKU(5, 71.0, 0.06)
SKU(7, 75.0, 0.07)
SKU(3, 69.0, 0.05)
SKU(4, 32.0, 0.12)
SKU(3, 20.0, 0.16)
SKU(7, 99.0, 0.04)
SKU(6, 37.0, 0.14)
SKU(0, 17.0, 0.08)
SKU(0, 14.0, 0.12)

extremidades das matrizes:
S_hat: (-0.12034687551749333, 0.7863915790901493)
S_hat * P: (-0.1184702043618208, 0.7741287065627985)
W * S_hat: (0.0, 1.2556608666389124)
W * S_hat * P: (0.0, 1.2360802791115224)
correlacao{S_hat, S_hat_hat} = 0.9857755604516503

Posicao 1 (Corredor 1, Prateleira -1)
   SKU 2 -> 183
   SKU 6 -> 4
   SKU 7 -> 72

Posicao 2 (Corredor 1, Prateleira -2)
   SKU 5 -> 58
   SKU 8 -> 77
   SKU 37 -> 99

Posicao 3 (Corredor 1, Prateleira -3)
   SKU 16 -> 58
   SKU 17 -> 58
   SKU 28 -> 48

Posicao 11 (Corredor 1, Prateleira 1)
   SKU 6 -> 187
   SKU 7 -> 72

Posicao 12 (Corredor 1, Prateleira 2)
   SKU 3 -> 36
   SKU 5 -> 58
   SKU 24 -> 97

Posicao 13 (Corredor 1, Prateleira 3)
   SKU 22 -> 33
   SKU 29 -> 61
   SKU 38 -> 37

Posicao 21 (Corredor 2, Prateleira -1)
   SKU 1 -> 4
   SKU 4 -> 172
   SKU 7 -> 36

Posicao 22 (Corredor 2, Prateleira -2)
   SKU 3 -> 52
   SKU 14 -> 73
   SKU 30 -> 78

Posicao 23 (Corredor 2, Prateleira -3)
   SKU 12 -> 35
   SKU 13 -> 31
   SKU 20 -> 31

Posicao 31 (Corredor 2, Prateleira 1)
   SKU 1 -> 172
   SKU 6 -> 1
   SKU 8 -> 71

Posicao 32 (Corredor 2, Prateleira 2)
   SKU 21 -> 67
   SKU 27 -> 51
   SKU 33 -> 75

Posicao 33 (Corredor 2, Prateleira 3)
   SKU 9 -> 33
   SKU 23 -> 34
   SKU 26 -> 36

Posicao 41 (Corredor 3, Prateleira -1)
   SKU 19 -> 35
   SKU 25 -> 48
   SKU 32 -> 71

Posicao 42 (Corredor 3, Prateleira -2)
   SKU 18 -> 32
   SKU 31 -> 27
   SKU 35 -> 32

Posicao 51 (Corredor 3, Prateleira 1)
   SKU 11 -> 46
   SKU 15 -> 73
   SKU 34 -> 69

Posicao 52 (Corredor 3, Prateleira 2)
   SKU 10 -> 19
   SKU 36 -> 20
   SKU 39 -> 17

Posicao 100 (Corredor 5, Prateleira 10)
   SKU 40 -> 14

