Rota do Picker 1: [0, 1, 2, 22, 21, 10, 3, 23, 4, 31, 11, 12, 32, 13, 0]
Rota do Picker 2: [0, 1, 11, 31, 51, 12, 13, 22, 2, 26, 10, 23, 3, 21, 41, 61, 0]
Rota do Picker 3: [0, 26, 22, 1, 21, 31, 11, 51, 4, 3, 41, 61, 2, 42, 13, 32, 12, 0]
Rota do Picker 4: [0, 11, 31, 41, 1, 26, 3, 42, 2, 21, 32, 12, 0]
Rota do Picker 5: [0, 11, 22, 2, 1, 21, 61, 41, 31, 71, 4, 42, 3, 12, 32, 13, 0]
Rota do Picker 6: [0, 11, 51, 31, 32, 12, 1, 3, 22, 42, 2, 21, 61, 41, 0]
Rota do Picker 7: [0, 22, 1, 41, 32, 31, 23, 3, 26, 42, 2, 13, 12, 21, 61, 11, 0]
Rota do Picker 8: [0, 11, 1, 21, 31, 51, 32, 12, 4, 3, 22, 2, 42, 61, 41, 26, 0]
Rota do Picker 9: [0, 41, 21, 2, 42, 32, 12, 11, 23, 3, 4, 10, 22, 51, 31, 1, 0]
Rota do Picker 10: [0, 1, 11, 32, 12, 21, 41, 13, 42, 71, 51, 26, 3, 22, 2, 0]
Rota do Picker 11: [0, 2, 41, 21, 1, 3, 12, 32, 51, 31, 11, 0]
Rota do Picker 12: [0, 2, 4, 23, 42, 32, 12, 13, 61, 21, 1, 22, 26, 31, 11, 0]

Caso de teste: SLAPRP_Guo_small_O200_alpha0.4_v7.txt

Distancia Total: 726.0
Quantidade de Pickers: 12
