Rota do Picker 1: [0, 21, 41, 61, 42, 32, 71, 91, 16, 14, 24, 4, 55, 92, 43, 23, 1, 35, 63, 62, 7, 18, 82, 72, 94, 25, 13, 53, 93, 74, 64, 17, 37, 0]
Rota do Picker 2: [0, 21, 41, 61, 4, 56, 17, 45, 62, 16, 32, 42, 76, 7, 1, 5, 25, 35, 23, 43, 83, 92, 81, 26, 6, 94, 0]
Rota do Picker 3: [0, 21, 41, 61, 81, 54, 36, 12, 64, 6, 25, 17, 82, 26, 51, 91, 65, 45, 62, 42, 1, 4, 44, 32, 0]
Rota do Picker 4: [0, 21, 62, 35, 91, 51, 92, 81, 54, 14, 43, 15, 18, 4, 61, 41, 63, 16, 32, 42, 22, 1, 34, 7, 0]
Rota do Picker 5: [0, 41, 32, 15, 17, 34, 35, 13, 53, 36, 56, 16, 18, 54, 94, 37, 1, 72, 55, 45, 74, 14, 21, 75, 71, 51, 0]
Rota do Picker 6: [0, 1, 21, 41, 61, 42, 32, 92, 73, 37, 36, 81, 16, 6, 23, 3, 17, 91, 51, 55, 4, 34, 13, 35, 54, 5, 18, 24, 14, 94, 0]
Rota do Picker 7: [0, 61, 81, 36, 72, 94, 34, 14, 32, 41, 1, 65, 57, 37, 21, 54, 92, 55, 56, 15, 17, 45, 76, 13, 18, 12, 35, 42, 22, 0]
Rota do Picker 8: [0, 4, 81, 54, 32, 53, 73, 7, 37, 51, 16, 52, 92, 35, 13, 62, 42, 57, 34, 14, 33, 36, 64, 63, 75, 55, 3, 17, 61, 41, 21, 1, 0]
Rota do Picker 9: [0, 91, 51, 26, 24, 25, 23, 63, 83, 42, 45, 44, 64, 62, 43, 81, 6, 4, 61, 41, 21, 1, 22, 7, 82, 3, 54, 32, 72, 0]
Rota do Picker 10: [0, 1, 21, 6, 18, 42, 62, 16, 7, 23, 14, 3, 43, 63, 83, 37, 92, 32, 25, 5, 82, 64, 81, 76, 24, 4, 61, 41, 31, 54, 0]
Rota do Picker 11: [0, 14, 82, 21, 41, 61, 42, 62, 18, 54, 3, 23, 16, 83, 63, 4, 64, 43, 37, 1, 17, 92, 32, 0]
Rota do Picker 12: [0, 45, 4, 61, 41, 7, 32, 23, 3, 1, 25, 65, 24, 5, 63, 83, 43, 22, 42, 82, 64, 21, 62, 6, 46, 0]

Caso de teste: SLAPRP_Guo_small_O200_alpha0.2_v1.txt

Distancia Total: 2496.0
Quantidade de Pickers: 12
