Rota do Picker 1: [0, 20, 10, 22, 2, 1, 21, 41, 12, 32, 13, 31, 11, 0]
Rota do Picker 2: [0, 1, 22, 10, 11, 20, 14, 12, 32, 51, 31, 3, 2, 0]
Rota do Picker 3: [0, 41, 61, 22, 1, 21, 2, 3, 10, 12, 20, 13, 32, 11, 51, 0]
Rota do Picker 4: [0, 20, 11, 1, 21, 41, 14, 32, 22, 2, 23, 10, 13, 12, 31, 0]
Rota do Picker 5: [0, 10, 22, 2, 42, 3, 20, 13, 32, 12, 1, 21, 11, 31, 51, 0]
Rota do Picker 6: [0, 12, 10, 2, 41, 21, 23, 22, 20, 31, 11, 1, 0]
Rota do Picker 7: [0, 11, 32, 31, 42, 41, 4, 3, 10, 2, 51, 13, 12, 21, 1, 0]
Rota do Picker 8: [0, 12, 1, 21, 61, 2, 10, 4, 11, 31, 51, 3, 41, 0]
Rota do Picker 9: [0, 3, 2, 42, 22, 21, 51, 32, 12, 20, 31, 11, 1, 41, 0]
Rota do Picker 10: [0, 2, 10, 3, 13, 14, 12, 32, 4, 22, 42, 41, 61, 21, 1, 51, 31, 11, 0]
Rota do Picker 11: [0, 11, 20, 13, 21, 1, 32, 12, 22, 3, 4, 2, 41, 0]
Rota do Picker 12: [0, 11, 31, 51, 14, 22, 3, 21, 1, 32, 12, 13, 41, 42, 2, 0]

Caso de teste: SLAPRP_Guo_small_O200_alpha0.2_v7.txt

Distancia Total: 870.0
Quantidade de Pickers: 12
