Rota do Picker 1: [0, 1, 21, 41, 61, 5, 43, 46, 8, 4, 27, 82, 62, 25, 81, 23, 83, 63, 6, 7, 3, 24, 44, 64, 45, 0]
Rota do Picker 2: [0, 1, 21, 61, 5, 23, 45, 46, 82, 62, 42, 44, 24, 4, 3, 83, 26, 7, 41, 43, 6, 63, 64, 0]
Rota do Picker 3: [0, 3, 23, 43, 63, 44, 1, 21, 4, 5, 45, 6, 82, 62, 41, 83, 65, 24, 8, 22, 26, 61, 0]
Rota do Picker 4: [0, 81, 61, 41, 1, 21, 63, 65, 83, 22, 62, 23, 3, 5, 75, 43, 52, 92, 82, 74, 64, 72, 32, 26, 0]
Rota do Picker 5: [0, 15, 8, 18, 17, 16, 43, 23, 21, 1, 74, 34, 25, 5, 41, 3, 0]
Rota do Picker 6: [0, 21, 23, 43, 64, 27, 3, 4, 24, 6, 65, 25, 5, 83, 26, 7, 1, 8, 46, 82, 62, 41, 45, 0]
Rota do Picker 7: [0, 1, 41, 61, 23, 26, 6, 65, 24, 83, 27, 64, 44, 8, 21, 63, 4, 25, 46, 45, 43, 7, 5, 3, 0]
Rota do Picker 8: [0, 75, 81, 27, 43, 21, 23, 61, 41, 1, 5, 63, 42, 82, 62, 3, 83, 51, 44, 24, 22, 0]
Rota do Picker 9: [0, 1, 41, 61, 75, 21, 34, 82, 62, 42, 81, 17, 37, 14, 74, 18, 93, 53, 92, 15, 52, 32, 12, 23, 4, 55, 33, 31, 56, 71, 16, 22, 73, 91, 0]
Rota do Picker 10: [0, 1, 41, 3, 23, 5, 43, 21, 7, 62, 42, 61, 45, 63, 81, 44, 64, 25, 65, 82, 83, 46, 0]
Rota do Picker 11: [0, 46, 26, 25, 61, 45, 64, 63, 81, 82, 6, 42, 83, 5, 44, 41, 24, 4, 7, 43, 21, 1, 23, 3, 0]

Caso de teste: SLAPRP_Guo_small_O200_alpha0.4_v8.txt

Distancia Total: 1658.0
Quantidade de Pickers: 11
