SKUs: 40
Pedidos: 102

Primeiro pedido:
Order(1, [3, 4, 7, 27, 28])

Ultimo pedido:
Order(102, [3, 4, 5, 7, 14])

Location(1, 1, -1, 20)
Location(2, 1, -2, 20)
Location(3, 1, -3, 20)
Location(4, 1, -4, 20)
Location(5, 1, -5, 20)
Location(6, 1, -6, 20)
Location(7, 1, -7, 20)
Location(8, 1, -8, 20)
Location(9, 1, -9, 20)
Location(10, 1, -10, 40)
Location(11, 1, 1, 20)
Location(12, 1, 2, 20)
Location(13, 1, 3, 20)
Location(14, 1, 4, 20)
Location(15, 1, 5, 20)
Location(16, 1, 6, 20)
Location(17, 1, 7, 20)
Location(18, 1, 8, 20)
Location(19, 1, 9, 20)
Location(20, 1, 10, 40)
Location(21, 2, -1, 20)
Location(22, 2, -2, 20)
Location(23, 2, -3, 20)
Location(24, 2, -4, 20)
Location(25, 2, -5, 20)
Location(26, 2, -6, 20)
Location(27, 2, -7, 20)
Location(28, 2, -8, 20)
Location(29, 2, -9, 20)
Location(30, 2, -10, 40)
Location(31, 2, 1, 20)
Location(32, 2, 2, 20)
Location(33, 2, 3, 20)
Location(34, 2, 4, 20)
Location(35, 2, 5, 20)
Location(36, 2, 6, 20)
Location(37, 2, 7, 20)
Location(38, 2, 8, 20)
Location(39, 2, 9, 20)
Location(40, 2, 10, 40)
Location(41, 3, -1, 20)
Location(42, 3, -2, 20)
Location(43, 3, -3, 20)
Location(44, 3, -4, 20)
Location(45, 3, -5, 20)
Location(46, 3, -6, 20)
Location(47, 3, -7, 20)
Location(48, 3, -8, 20)
Location(49, 3, -9, 20)
Location(50, 3, -10, 40)
Location(51, 3, 1, 20)
Location(52, 3, 2, 20)
Location(53, 3, 3, 20)
Location(54, 3, 4, 20)
Location(55, 3, 5, 20)
Location(56, 3, 6, 20)
Location(57, 3, 7, 20)
Location(58, 3, 8, 20)
Location(59, 3, 9, 20)
Location(60, 3, 10, 40)
Location(61, 4, -1, 20)
Location(62, 4, -2, 20)
Location(63, 4, -3, 20)
Location(64, 4, -4, 20)
Location(65, 4, -5, 20)
Location(66, 4, -6, 20)
Location(67, 4, -7, 20)
Location(68, 4, -8, 20)
Location(69, 4, -9, 20)
Location(70, 4, -10, 40)
Location(71, 4, 1, 20)
Location(72, 4, 2, 20)
Location(73, 4, 3, 20)
Location(74, 4, 4, 20)
Location(75, 4, 5, 20)
Location(76, 4, 6, 20)
Location(77, 4, 7, 20)
Location(78, 4, 8, 20)
Location(79, 4, 9, 20)
Location(80, 4, 10, 40)
Location(81, 5, -1, 20)
Location(82, 5, -2, 20)
Location(83, 5, -3, 20)
Location(84, 5, -4, 20)
Location(85, 5, -5, 20)
Location(86, 5, -6, 20)
Location(87, 5, -7, 20)
Location(88, 5, -8, 20)
Location(89, 5, -9, 20)
Location(90, 5, -10, 40)
Location(91, 5, 1, 20)
Location(92, 5, 2, 20)
Location(93, 5, 3, 20)
Location(94, 5, 4, 20)
Location(95, 5, 5, 20)
Location(96, 5, 6, 20)
Location(97, 5, 7, 20)
Location(98, 5, 8, 20)
Location(99, 5, 9, 20)
Location(100, 5, 10, 40)

Frequencias: [40, 48, 67, 43, 44, 41, 40, 42, 4, 6, 4, 3, 1, 9, 4, 5, 4, 4, 13, 6, 3, 9, 2, 2, 2, 5, 6, 6, 2, 14, 6, 9, 6, 4, 5, 11, 14, 6, 7, 0]

Matriz de coocorrencia: 
40×40 Matrix{Int64}:
  0  24  27  17  16  21  14  22  1  3  3  1  0  1  1  2  1  1  6  2  3  6  1  0  0  2  2  3  0  7  2  3  2  1  2  5  4  2  3  0
 24   0  36  18  22  22  21  28  1  3  2  2  1  4  1  3  3  0  7  3  1  6  1  1  1  3  2  2  2  7  2  4  1  3  4  4  9  0  3  0
 27  36   0  28  31  28  28  26  2  2  1  2  0  5  3  4  4  1  6  1  2  5  1  1  1  2  5  4  1  5  3  4  1  3  4  5  5  3  6  0
 17  18  28   0  19  23  19  20  3  2  3  1  1  4  4  1  0  1  4  3  1  3  1  0  0  3  5  2  0  4  3  5  3  0  2  6  5  4  3  0
 16  22  31  19   0  24  22  15  0  2  0  2  0  5  1  3  1  1  4  1  0  1  1  0  0  2  3  3  0  6  4  5  2  2  3  5  6  1  1  0
 21  22  28  23  24   0  17  19  3  4  0  1  0  5  1  3  0  1  4  3  1  1  1  0  0  3  1  2  1  4  4  3  1  2  1  5  4  3  3  0
 14  21  28  19  22  17   0  21  1  1  1  1  0  6  2  4  3  1  5  0  0  1  0  0  0  2  3  3  0  6  3  3  2  2  3  3  3  2  2  0
 22  28  26  20  15  19  21   0  2  4  1  2  1  4  2  2  2  0  6  2  2  4  2  0  0  3  1  2  2  7  2  3  2  1  3  6  6  1  3  0
  1   1   2   3   0   3   1   2  0  1  0  0  0  0  2  0  0  0  0  1  0  0  0  0  0  2  0  1  0  1  1  0  1  0  0  1  0  1  1  0
  3   3   2   2   2   4   1   4  1  0  1  0  0  1  0  0  0  1  1  0  0  1  0  1  0  1  1  1  0  0  0  0  0  1  0  0  1  1  0  0
  3   2   1   3   0   0   1   1  0  1  0  1  0  0  0  0  0  0  2  1  0  3  0  0  0  0  1  0  0  0  0  1  1  0  0  0  1  0  0  0
  1   2   2   1   2   1   1   2  0  0  1  0  0  0  0  0  0  0  0  0  0  0  1  0  0  0  0  0  0  1  0  0  1  0  1  0  0  0  0  0
  0   1   0   1   0   0   0   1  0  0  0  0  0  0  0  0  0  0  0  1  0  0  0  0  0  0  0  0  0  0  0  0  0  0  0  1  0  0  0  0
  1   4   5   4   5   5   6   4  0  1  0  0  0  0  0  2  0  1  1  0  0  2  0  1  0  0  0  0  0  2  0  1  0  0  1  1  2  1  0  0
  1   1   3   4   1   1   2   2  2  0  0  0  0  0  0  0  0  0  0  0  0  0  0  0  0  0  1  1  0  1  1  0  1  0  1  0  1  0  1  0
  2   3   4   1   3   3   4   2  0  0  0  0  0  2  0  0  0  0  0  0  0  0  0  0  0  0  0  0  0  0  1  0  0  0  1  1  0  0  0  0
  1   3   4   0   1   0   3   2  0  0  0  0  0  0  0  0  0  0  0  0  0  0  0  0  0  0  0  1  0  0  0  0  0  0  1  0  0  0  0  0
  1   0   1   1   1   1   1   0  0  1  0  0  0  1  0  0  0  0  1  0  0  0  0  1  0  0  1  0  0  1  2  1  0  0  0  0  1  2  0  0
  6   7   6   4   4   4   5   6  0  1  2  0  0  1  0  0  0  1  0  0  0  3  1  1  1  0  2  0  0  4  0  3  0  1  0  2  3  0  1  0
  2   3   1   3   1   3   0   2  1  0  1  0  1  0  0  0  0  0  0  0  1  1  0  0  0  1  0  0  1  0  0  0  0  0  0  2  3  1  0  0
  3   1   2   1   0   1   0   2  0  0  0  0  0  0  0  0  0  0  0  1  0  0  0  0  0  0  0  0  0  1  0  1  0  0  0  1  0  0  0  0
  6   6   5   3   1   1   1   4  0  1  3  0  0  2  0  0  0  0  3  1  0  0  0  0  0  0  1  1  0  2  0  1  1  0  0  1  2  0  0  0
  1   1   1   1   1   1   0   2  0  0  0  1  0  0  0  0  0  0  1  0  0  0  0  0  0  0  0  0  0  2  0  0  0  0  1  0  0  0  0  0
  0   1   1   0   0   0   0   0  0  1  0  0  0  1  0  0  0  1  1  0  0  0  0  0  1  0  0  0  0  0  0  0  0  0  0  0  2  1  0  0
  0   1   1   0   0   0   0   0  0  0  0  0  0  0  0  0  0  0  1  0  0  0  0  1  0  0  0  0  0  0  0  0  1  0  0  0  1  1  0  0
  2   3   2   3   2   3   2   3  2  1  0  0  0  0  0  0  0  0  0  1  0  0  0  0  0  0  0  0  0  0  0  0  1  0  0  1  1  1  0  0
  2   2   5   5   3   1   3   1  0  1  1  0  0  0  1  0  0  1  2  0  0  1  0  0  0  0  0  1  0  1  1  0  0  0  1  1  1  1  0  0
  3   2   4   2   3   2   3   2  1  1  0  0  0  0  1  0  1  0  0  0  0  1  0  0  0  0  1  0  0  0  1  0  2  1  0  1  0  0  1  0
  0   2   1   0   0   1   0   2  0  0  0  0  0  0  0  0  0  0  0  1  0  0  0  0  0  0  0  0  0  0  0  1  0  0  0  0  1  0  0  0
  7   7   5   4   6   4   6   7  1  0  0  1  0  2  1  0  0  1  4  0  1  2  2  0  0  0  1  0  0  0  1  1  0  1  1  2  1  0  0  0
  2   2   3   3   4   4   3   2  1  0  0  0  0  0  1  1  0  2  0  0  0  0  0  0  0  0  1  1  0  1  0  0  2  0  0  0  0  1  1  0
  3   4   4   5   5   3   3   3  0  0  1  0  0  1  0  0  0  1  3  0  1  1  0  0  0  0  0  0  1  1  0  0  0  0  1  1  0  0  1  0
  2   1   1   3   2   1   2   2  1  0  1  1  0  0  1  0  0  0  0  0  0  1  0  0  1  1  0  2  0  0  2  0  0  0  0  0  0  1  1  0
  1   3   3   0   2   2   2   1  0  1  0  0  0  0  0  0  0  0  1  0  0  0  0  0  0  0  0  1  0  1  0  0  0  0  0  0  0  0  1  0
  2   4   4   2   3   1   3   3  0  0  0  1  0  1  1  1  1  0  0  0  0  0  1  0  0  0  1  0  0  1  0  1  0  0  0  0  0  0  0  0
  5   4   5   6   5   5   3   6  1  0  0  0  1  1  0  1  0  0  2  2  1  1  0  0  0  1  1  1  0  2  0  1  0  0  0  0  1  1  0  0
  4   9   5   5   6   4   3   6  0  1  1  0  0  2  1  0  0  1  3  3  0  2  0  2  1  1  1  0  1  1  0  0  0  0  0  1  0  1  0  0
  2   0   3   4   1   3   2   1  1  1  0  0  0  1  0  0  0  2  0  1  0  0  0  1  1  1  1  0  0  0  1  0  1  0  0  1  1  0  1  0
  3   3   6   3   1   3   2   3  1  0  0  0  0  0  1  0  0  0  1  0  0  0  0  0  0  0  0  1  0  0  1  1  1  1  0  0  0  1  0  0
  0   0   0   0   0   0   0   0  0  0  0  0  0  0  0  0  0  0  0  0  0  0  0  0  0  0  0  0  0  0  0  0  0  0  0  0  0  0  0  0
SKU(40, 180.0, 0.07)
SKU(48, 164.0, 0.08)
SKU(67, 130.0, 0.21)
SKU(43, 139.0, 0.1)
SKU(44, 117.0, 0.13)
SKU(41, 149.0, 0.08)
SKU(40, 167.0, 0.07)
SKU(42, 131.0, 0.11)
SKU(4, 40.0, 0.09)
SKU(6, 26.0, 0.21)
SKU(4, 36.0, 0.11)
SKU(3, 37.0, 0.12)
SKU(1, 13.0, 0.19)
SKU(9, 82.0, 0.07)
SKU(4, 64.0, 0.05)
SKU(5, 46.0, 0.09)
SKU(4, 52.0, 0.08)
SKU(4, 36.0, 0.12)
SKU(13, 41.0, 0.26)
SKU(6, 20.0, 0.17)
SKU(3, 48.0, 0.07)
SKU(9, 43.0, 0.16)
SKU(2, 31.0, 0.1)
SKU(2, 53.0, 0.05)
SKU(2, 24.0, 0.11)
SKU(5, 52.0, 0.09)
SKU(6, 40.0, 0.13)
SKU(6, 36.0, 0.16)
SKU(2, 47.0, 0.06)
SKU(14, 153.0, 0.04)
SKU(6, 37.0, 0.15)
SKU(9, 85.0, 0.06)
SKU(6, 61.0, 0.07)
SKU(4, 73.0, 0.05)
SKU(5, 36.0, 0.12)
SKU(11, 50.0, 0.16)
SKU(14, 130.0, 0.04)
SKU(6, 30.0, 0.14)
SKU(7, 54.0, 0.08)
SKU(0, 12.0, 0.12)

extremidades das matrizes:
S_hat: (-0.22697995994281556, 0.5671608299435399)
S_hat * P: (-0.26542716048553855, 0.6632298669383107)
W * S_hat: (-0.09802680574161061, 0.9034813846205203)
W * S_hat * P: (-0.0449349213439935, 1.0565183751542924)
correlacao{S_hat, S_hat_hat} = 0.9254974066102136

Posicao 1 (Corredor 1, Prateleira -1)
   SKU 1 -> 96
   SKU 2 -> 164
   SKU 6 -> 2

Posicao 2 (Corredor 1, Prateleira -2)
   SKU 5 -> 3
   SKU 8 -> 131
   SKU 37 -> 130

Posicao 3 (Corredor 1, Prateleira -3)
   SKU 19 -> 41
   SKU 34 -> 73
   SKU 39 -> 54

Posicao 11 (Corredor 1, Prateleira 1)
   SKU 1 -> 84
   SKU 6 -> 33
   SKU 7 -> 164

Posicao 12 (Corredor 1, Prateleira 2)
   SKU 5 -> 114
   SKU 14 -> 1
   SKU 32 -> 85

Posicao 13 (Corredor 1, Prateleira 3)
   SKU 9 -> 40
   SKU 35 -> 36
   SKU 38 -> 30

Posicao 21 (Corredor 2, Prateleira -1)
   SKU 4 -> 106
   SKU 6 -> 114
   SKU 7 -> 3

Posicao 22 (Corredor 2, Prateleira -2)
   SKU 3 -> 80
   SKU 15 -> 64

Posicao 23 (Corredor 2, Prateleira -3)
   SKU 10 -> 26
   SKU 11 -> 36
   SKU 17 -> 52

Posicao 31 (Corredor 2, Prateleira 1)
   SKU 3 -> 50
   SKU 4 -> 33
   SKU 30 -> 153

Posicao 32 (Corredor 2, Prateleira 2)
   SKU 14 -> 81
   SKU 33 -> 61
   SKU 36 -> 50

Posicao 33 (Corredor 2, Prateleira 3)
   SKU 12 -> 37
   SKU 24 -> 53
   SKU 29 -> 47

Posicao 41 (Corredor 3, Prateleira -1)
   SKU 22 -> 43
   SKU 26 -> 52
   SKU 27 -> 40

Posicao 42 (Corredor 3, Prateleira -2)
   SKU 18 -> 36
   SKU 20 -> 20
   SKU 21 -> 48

Posicao 51 (Corredor 3, Prateleira 1)
   SKU 16 -> 46
   SKU 28 -> 36
   SKU 31 -> 37

Posicao 52 (Corredor 3, Prateleira 2)
   SKU 13 -> 13
   SKU 23 -> 31
   SKU 25 -> 24

Posicao 94 (Corredor 5, Prateleira 4)
   SKU 40 -> 12

