Rota do Picker 1: [0, 1, 7, 46, 45, 2, 8, 9, 69, 84, 26, 67, 87, 27, 37, 57, 20, 10, 30, 47, 38, 17, 0]
Rota do Picker 2: [0, 37, 83, 3, 1, 7, 27, 87, 26, 46, 45, 9, 69, 8, 67, 10, 50, 47, 17, 19, 60, 21, 0]
Rota do Picker 3: [0, 7, 8, 87, 10, 69, 2, 19, 60, 27, 47, 64, 84, 9, 89, 50, 26, 46, 21, 30, 45, 96, 0]
Rota do Picker 4: [0, 84, 8, 27, 7, 69, 26, 46, 9, 89, 47, 45, 17, 19, 64, 3, 83, 38, 20, 60, 50, 30, 87, 2, 0]
Rota do Picker 5: [0, 1, 7, 30, 27, 65, 45, 2, 11, 55, 75, 19, 93, 98, 76, 74, 94, 77, 40, 20, 18, 12, 0]
Rota do Picker 6: [0, 7, 64, 65, 9, 27, 8, 46, 45, 1, 21, 87, 47, 67, 30, 10, 50, 2, 37, 0]
Rota do Picker 7: [0, 96, 87, 47, 8, 64, 1, 21, 26, 46, 10, 67, 27, 50, 9, 84, 3, 45, 7, 0]

Caso de teste: SLAPRP_Guo_small_O100_alpha0.2_v3.txt

Distancia Total: 1116.0
Quantidade de Pickers: 7
