Rota do Picker 1: [0, 1, 0]
Rota do Picker 2: [0, 1, 21, 41, 61, 5, 45, 25, 6, 46, 26, 23, 83, 8, 27, 62, 82, 64, 44, 24, 63, 0]
Rota do Picker 3: [0, 1, 21, 81, 23, 43, 65, 45, 8, 26, 82, 83, 63, 25, 5, 27, 7, 64, 24, 61, 41, 0]
Rota do Picker 4: [0, 24, 64, 44, 43, 21, 61, 81, 7, 65, 25, 46, 26, 6, 5, 23, 63, 45, 41, 1, 0]
Rota do Picker 5: [0, 1, 41, 61, 25, 5, 23, 21, 81, 63, 83, 44, 24, 8, 82, 62, 0]
Rota do Picker 6: [0, 1, 21, 41, 61, 81, 3, 43, 23, 63, 7, 62, 82, 26, 5, 75, 37, 0]
Rota do Picker 7: [0, 1, 25, 41, 21, 5, 63, 64, 62, 45, 24, 26, 6, 7, 61, 81, 8, 43, 23, 0]

Caso de teste: SLAPRP_Guo_small_O100_alpha0.2_v9.txt

Distancia Total: 560.0
Quantidade de Pickers: 7
