Rota do Picker 1: [0, 65, 67, 87, 47, 50, 2, 8, 30, 7, 45, 10, 9, 1, 27, 46, 26, 0]
Rota do Picker 2: [0, 12, 8, 46, 9, 69, 41, 18, 40, 65, 7, 26, 76, 87, 27, 47, 21, 30, 36, 50, 10, 1, 37, 45, 28, 11, 0]
Rota do Picker 3: [0, 87, 21, 1, 50, 65, 11, 28, 2, 7, 51, 47, 46, 26, 76, 67, 36, 30, 89, 69, 8, 45, 18, 10, 9, 27, 0]
Rota do Picker 4: [0, 96, 30, 8, 67, 76, 60, 7, 87, 19, 1, 21, 2, 55, 10, 97, 40, 27, 46, 26, 32, 41, 36, 37, 18, 59, 17, 74, 94, 57, 50, 28, 39, 77, 12, 0]
Rota do Picker 5: [0, 97, 46, 8, 18, 76, 45, 26, 27, 7, 40, 83, 3, 21, 37, 36, 41, 89, 9, 69, 48, 30, 22, 87, 50, 1, 51, 32, 2, 20, 0]
Rota do Picker 6: [0, 7, 27, 47, 26, 46, 9, 89, 67, 50, 69, 10, 87, 45, 30, 8, 0]

Caso de teste: SLAPRP_Guo_small_O100_alpha0.2_v7.txt

Distancia Total: 1444.0
Quantidade de Pickers: 6
