Rota do Picker 1: [0, 12, 14, 37, 11, 43, 8, 62, 36, 3, 34, 53, 97, 33, 13, 42, 22, 23, 20, 78, 2, 21, 26, 40, 17, 52, 32, 1, 61, 41, 0]
Rota do Picker 2: [0, 22, 42, 46, 9, 32, 15, 40, 14, 52, 4, 50, 61, 94, 20, 12, 11, 27, 8, 34, 26, 17, 23, 43, 5, 57, 30, 10, 13, 45, 41, 21, 1, 0]
Rota do Picker 3: [0, 37, 97, 11, 40, 17, 15, 52, 32, 20, 21, 14, 46, 53, 57, 33, 41, 1, 60, 13, 78, 34, 0]
Rota do Picker 4: [0, 21, 22, 8, 26, 46, 78, 1, 34, 32, 5, 42, 27, 43, 30, 10, 45, 28, 9, 2, 62, 0]
Rota do Picker 5: [0, 71, 51, 45, 5, 20, 32, 27, 10, 8, 21, 52, 4, 62, 43, 23, 3, 28, 42, 78, 30, 9, 46, 26, 22, 2, 0]
Rota do Picker 6: [0, 46, 52, 21, 43, 26, 32, 17, 14, 3, 0]
Rota do Picker 7: [0, 21, 41, 61, 26, 45, 40, 15, 32, 52, 57, 3, 23, 17, 34, 10, 30, 24, 20, 4, 66, 76, 27, 5, 2, 14, 8, 43, 53, 33, 78, 11, 46, 62, 42, 22, 1, 0]
Rota do Picker 8: [0, 2, 11, 52, 72, 26, 20, 53, 33, 21, 42, 22, 36, 10, 78, 1, 41, 14, 40, 60, 12, 13, 97, 8, 30, 57, 37, 17, 32, 0]
Rota do Picker 9: [0, 17, 34, 14, 4, 3, 42, 22, 11, 46, 52, 32, 36, 26, 30, 21, 0]
Rota do Picker 10: [0, 32, 37, 57, 52, 26, 10, 2, 42, 62, 17, 20, 78, 27, 4, 15, 76, 61, 21, 1, 97, 46, 94, 23, 33, 30, 3, 51, 11, 13, 8, 24, 34, 40, 14, 45, 5, 22, 0]
Rota do Picker 11: [0, 1, 8, 28, 45, 20, 78, 41, 32, 52, 26, 10, 46, 4, 43, 3, 23, 5, 34, 72, 66, 22, 9, 27, 14, 30, 40, 17, 42, 61, 51, 11, 21, 0]
Rota do Picker 12: [0, 15, 71, 51, 41, 23, 43, 36, 33, 53, 21, 32, 52, 17, 26, 46, 13, 0]
Rota do Picker 13: [0, 4, 5, 46, 61, 41, 21, 2, 26, 23, 32, 52, 3, 9, 45, 78, 10, 43, 62, 14, 8, 30, 27, 40, 13, 24, 66, 1, 28, 34, 22, 42, 0]

Caso de teste: SLAPRP_Guo_small_O200_alpha0.4_v9.txt

Distancia Total: 2868.0
Quantidade de Pickers: 13
