Rota do Picker 1: [0, 3, 84, 20, 76, 34, 55, 83, 23, 1, 8, 69, 89, 12, 93, 71, 62, 42, 26, 46, 49, 64, 47, 51, 45, 9, 27, 7, 4, 21, 0]
Rota do Picker 2: [0, 1, 8, 27, 45, 24, 23, 83, 43, 4, 12, 32, 17, 37, 57, 14, 34, 55, 94, 18, 96, 52, 0]
Rota do Picker 3: [0, 1, 7, 27, 22, 4, 9, 89, 8, 28, 10, 69, 3, 23, 43, 26, 46, 66, 45, 20, 97, 33, 94, 37, 17, 12, 0]
Rota do Picker 4: [0, 1, 23, 83, 32, 12, 55, 17, 37, 57, 34, 94, 13, 10, 47, 89, 69, 43, 5, 45, 2, 21, 0]
Rota do Picker 5: [0, 12, 52, 32, 22, 42, 33, 13, 76, 37, 17, 94, 14, 55, 3, 26, 46, 66, 27, 47, 45, 5, 43, 23, 89, 69, 9, 8, 7, 41, 21, 1, 0]
Rota do Picker 6: [0, 43, 47, 27, 7, 4, 22, 46, 26, 3, 41, 21, 1, 12, 55, 17, 37, 76, 96, 13, 57, 32, 62, 14, 71, 0]

Caso de teste: SLAPRP_Guo_small_O100_alpha0.3_v2.txt

Distancia Total: 916.0
Quantidade de Pickers: 6
