Rota do Picker 1: [0, 1, 12, 52, 53, 20, 40, 26, 72, 32, 10, 30, 9, 97, 57, 17, 21, 41, 2, 22, 42, 13, 93, 0]
Rota do Picker 2: [0, 41, 61, 22, 42, 26, 45, 4, 27, 5, 47, 34, 19, 20, 12, 52, 14, 13, 84, 30, 10, 9, 43, 21, 1, 0]
Rota do Picker 3: [0, 13, 22, 42, 62, 30, 9, 10, 45, 24, 55, 15, 14, 83, 43, 84, 21, 61, 1, 5, 26, 27, 0]
Rota do Picker 4: [0, 22, 45, 47, 26, 93, 13, 42, 2, 61, 1, 21, 12, 32, 17, 20, 94, 0]
Rota do Picker 5: [0, 21, 41, 12, 20, 14, 94, 30, 5, 47, 10, 13, 40, 17, 1, 52, 72, 32, 42, 22, 26, 43, 91, 0]
Rota do Picker 6: [0, 42, 21, 13, 52, 17, 40, 20, 97, 93, 53, 12, 14, 94, 43, 62, 45, 30, 9, 26, 22, 41, 61, 0]
Rota do Picker 7: [0, 42, 22, 26, 4, 13, 55, 19, 40, 20, 57, 17, 12, 32, 94, 52, 21, 61, 91, 0]
Rota do Picker 8: [0, 13, 42, 41, 21, 61, 9, 2, 22, 24, 26, 47, 1, 4, 45, 55, 15, 20, 97, 93, 52, 32, 12, 0]
Rota do Picker 9: [0, 21, 22, 26, 30, 45, 47, 62, 42, 2, 13, 55, 32, 4, 84, 9, 10, 15, 94, 34, 53, 17, 72, 12, 41, 1, 0]
Rota do Picker 10: [0, 22, 1, 42, 62, 12, 32, 17, 15, 93, 13, 52, 72, 26, 47, 61, 21, 94, 19, 0]
Rota do Picker 11: [0, 22, 1, 12, 72, 52, 32, 17, 93, 13, 2, 19, 55, 15, 41, 21, 84, 4, 9, 5, 43, 62, 27, 61, 42, 0]

Caso de teste: SLAPRP_Guo_small_O200_alpha0.3_v5.txt

Distancia Total: 1564.0
Quantidade de Pickers: 11
