Rota do Picker 1: [0, 7, 46, 45, 30, 60, 21, 64, 13, 10, 83, 3, 1, 41, 8, 69, 50, 12, 20, 76, 2, 89, 9, 87, 27, 26, 28, 0]
Rota do Picker 2: [0, 1, 31, 93, 57, 7, 50, 39, 2, 21, 77, 20, 11, 98, 18, 60, 32, 12, 52, 76, 28, 94, 74, 75, 55, 13, 3, 83, 0]
Rota do Picker 3: [0, 41, 45, 2, 87, 89, 9, 8, 26, 21, 64, 4, 49, 28, 50, 1, 27, 46, 10, 7, 83, 3, 69, 76, 0]
Rota do Picker 4: [0, 41, 7, 8, 30, 46, 49, 50, 27, 45, 26, 87, 10, 9, 64, 89, 69, 28, 0]
Rota do Picker 5: [0, 3, 83, 11, 55, 74, 76, 93, 50, 0]
Rota do Picker 6: [0, 21, 41, 7, 27, 87, 1, 4, 26, 64, 8, 10, 50, 2, 3, 83, 9, 30, 46, 45, 49, 28, 0]
Rota do Picker 7: [0, 28, 30, 10, 41, 89, 69, 49, 64, 50, 87, 27, 8, 26, 45, 46, 9, 7, 21, 0]
Rota do Picker 8: [0, 12, 93, 74, 51, 55, 75, 18, 39, 59, 7, 77, 11, 21, 20, 76, 41, 57, 40, 31, 94, 52, 60, 13, 0]
Rota do Picker 9: [0, 69, 64, 28, 89, 26, 8, 87, 50, 3, 30, 27, 45, 46, 49, 9, 7, 0]
Rota do Picker 10: [0, 76, 30, 2, 10, 64, 21, 89, 26, 46, 49, 8, 1, 45, 9, 87, 27, 7, 41, 69, 20, 0]
Rota do Picker 11: [0, 28, 20, 30, 10, 46, 1, 76, 45, 69, 64, 4, 21, 87, 27, 7, 2, 60, 89, 49, 9, 8, 26, 83, 3, 0]
Rota do Picker 12: [0, 11, 31, 55, 57, 76, 7, 30, 50, 21, 3, 83, 26, 46, 12, 20, 2, 87, 13, 27, 45, 64, 4, 60, 10, 9, 8, 41, 1, 0]
Rota do Picker 13: [0, 69, 45, 46, 9, 87, 27, 7, 26, 8, 49, 89, 3, 64, 10, 50, 41, 28, 0]

Caso de teste: SLAPRP_Guo_small_O200_alpha0.2_v6.txt

Distancia Total: 2388.0
Quantidade de Pickers: 13
