Rota do Picker 1: [0, 22, 5, 8, 27, 46, 13, 18, 36, 26, 4, 1, 41, 61, 71, 7, 9, 10, 30, 3, 42, 14, 0]
Rota do Picker 2: [0, 18, 87, 27, 7, 4, 61, 1, 83, 23, 3, 46, 8, 9, 68, 45, 42, 62, 10, 30, 26, 22, 41, 0]
Rota do Picker 3: [0, 61, 22, 42, 8, 7, 27, 9, 10, 30, 83, 23, 3, 20, 18, 45, 46, 26, 4, 1, 2, 5, 36, 0]
Rota do Picker 4: [0, 65, 22, 0]
Rota do Picker 5: [0, 22, 2, 41, 36, 14, 57, 79, 40, 12, 13, 18, 98, 20, 30, 87, 27, 7, 4, 45, 10, 8, 46, 26, 1, 0]
Rota do Picker 6: [0, 22, 2, 11, 48, 87, 27, 10, 9, 7, 68, 61, 21, 30, 8, 26, 4, 46, 45, 5, 41, 1, 0]
Rota do Picker 7: [0, 1, 10, 3, 43, 83, 26, 42, 22, 46, 7, 61, 41, 45, 5, 47, 27, 4, 62, 18, 14, 8, 98, 97, 37, 17, 13, 20, 11, 0]

Caso de teste: SLAPRP_Guo_small_O100_alpha0.2_v9.txt

Distancia Total: 934.0
Quantidade de Pickers: 7
