Rota do Picker 1: [0, 1, 21, 41, 61, 81, 14, 17, 16, 19, 55, 35, 34, 6, 63, 43, 3, 42, 62, 15, 57, 54, 94, 18, 92, 72, 0]
Rota do Picker 2: [0, 1, 6, 35, 95, 75, 18, 76, 36, 15, 43, 23, 83, 3, 4, 25, 13, 33, 53, 57, 37, 17, 16, 45, 24, 61, 41, 21, 44, 0]
Rota do Picker 3: [0, 1, 21, 41, 61, 81, 72, 92, 52, 55, 35, 56, 36, 16, 24, 3, 44, 64, 75, 0]
Rota do Picker 4: [0, 1, 21, 41, 81, 61, 3, 83, 43, 35, 95, 55, 15, 12, 44, 64, 34, 94, 14, 17, 16, 36, 13, 0]
Rota do Picker 5: [0, 41, 61, 81, 21, 1, 3, 42, 82, 14, 55, 38, 16, 18, 76, 36, 17, 23, 5, 0]
Rota do Picker 6: [0, 43, 3, 1, 21, 41, 61, 23, 45, 25, 62, 42, 22, 52, 16, 76, 93, 73, 14, 74, 18, 33, 13, 31, 0]
Rota do Picker 7: [0, 21, 41, 81, 14, 37, 75, 18, 19, 38, 17, 34, 74, 54, 43, 23, 3, 5, 25, 4, 24, 55, 95, 35, 15, 62, 42, 1, 0]
Rota do Picker 8: [0, 12, 35, 55, 15, 75, 95, 16, 5, 43, 3, 21, 81, 61, 41, 1, 42, 22, 0]
Rota do Picker 9: [0, 1, 35, 52, 24, 64, 3, 23, 63, 15, 96, 76, 56, 16, 61, 41, 21, 0]
Rota do Picker 10: [0, 1, 41, 21, 61, 81, 72, 92, 14, 57, 37, 63, 3, 42, 13, 33, 53, 73, 82, 45, 5, 24, 44, 4, 0]
Rota do Picker 11: [0, 1, 21, 3, 23, 63, 13, 12, 83, 4, 24, 72, 92, 51, 33, 53, 64, 44, 81, 61, 41, 0]

Caso de teste: SLAPRP_Guo_small_O200_alpha0.4_v1.txt

Distancia Total: 1158.0
Quantidade de Pickers: 11
