Rota do Picker 1: [0, 15, 52, 32, 41, 21, 1, 12, 34, 58, 38, 77, 57, 55, 35, 13, 33, 53, 73, 17, 18, 75, 76, 14, 3, 0]
Rota do Picker 2: [0, 12, 52, 16, 75, 95, 13, 33, 53, 73, 18, 58, 19, 35, 55, 15, 32, 21, 1, 62, 42, 0]
Rota do Picker 3: [0, 5, 43, 63, 3, 36, 55, 95, 75, 37, 57, 94, 74, 32, 14, 54, 34, 35, 15, 33, 13, 21, 1, 41, 61, 0]
Rota do Picker 4: [0, 5, 43, 82, 1, 21, 32, 52, 15, 35, 55, 75, 23, 3, 44, 24, 73, 53, 33, 13, 72, 12, 38, 18, 57, 54, 34, 14, 0]
Rota do Picker 5: [0, 21, 14, 34, 54, 55, 75, 18, 13, 33, 53, 73, 93, 17, 37, 77, 43, 3, 22, 42, 20, 38, 15, 24, 81, 41, 1, 5, 52, 32, 12, 0]
Rota do Picker 6: [0, 21, 41, 1, 23, 63, 3, 15, 55, 17, 37, 18, 34, 54, 14, 2, 16, 56, 96, 76, 44, 82, 62, 22, 20, 19, 33, 13, 12, 52, 53, 93, 73, 71, 51, 0]
Rota do Picker 7: [0, 61, 41, 1, 81, 24, 44, 4, 17, 77, 74, 54, 34, 14, 95, 55, 15, 53, 33, 13, 21, 3, 42, 82, 35, 57, 16, 0]
Rota do Picker 8: [0, 1, 12, 32, 52, 53, 73, 82, 42, 74, 54, 34, 14, 36, 76, 38, 33, 13, 81, 61, 41, 22, 44, 4, 23, 63, 37, 18, 58, 95, 55, 15, 71, 5, 62, 21, 0]
Rota do Picker 9: [0, 1, 32, 14, 34, 54, 74, 12, 24, 4, 41, 61, 81, 21, 13, 33, 53, 73, 93, 17, 58, 38, 15, 95, 18, 16, 39, 19, 23, 43, 5, 0]
Rota do Picker 10: [0, 1, 61, 21, 41, 13, 33, 15, 17, 19, 20, 38, 93, 73, 53, 32, 63, 43, 23, 4, 24, 39, 56, 16, 71, 55, 75, 35, 0]
Rota do Picker 11: [0, 1, 21, 12, 32, 52, 55, 75, 34, 14, 54, 74, 17, 39, 19, 20, 56, 36, 15, 61, 81, 41, 33, 13, 73, 53, 0]
Rota do Picker 12: [0, 4, 22, 1, 71, 15, 35, 24, 12, 52, 33, 13, 92, 32, 0]

Caso de teste: SLAPRP_Guo_small_O200_alpha0.3_v8.txt

Distancia Total: 1484.0
Quantidade de Pickers: 12
