Rota do Picker 1: [0, 1, 21, 41, 61, 23, 43, 5, 81, 42, 82, 27, 7, 26, 24, 65, 25, 44, 62, 63, 83, 0]
Rota do Picker 2: [0, 71, 91, 81, 1, 21, 41, 61, 14, 36, 75, 37, 11, 72, 92, 16, 17, 73, 53, 24, 4, 44, 5, 25, 45, 6, 7, 23, 3, 43, 82, 42, 0]
Rota do Picker 3: [0, 81, 41, 21, 61, 8, 26, 46, 65, 25, 23, 83, 27, 45, 5, 43, 3, 42, 44, 24, 1, 53, 13, 14, 0]
Rota do Picker 4: [0, 4, 24, 5, 45, 22, 82, 62, 42, 44, 25, 65, 21, 61, 41, 1, 0]
Rota do Picker 5: [0, 1, 71, 91, 55, 18, 6, 26, 22, 2, 83, 63, 43, 21, 41, 81, 64, 44, 24, 4, 23, 25, 5, 3, 46, 7, 31, 0]
Rota do Picker 6: [0, 41, 1, 21, 42, 62, 5, 26, 63, 43, 23, 81, 61, 64, 7, 4, 8, 65, 3, 24, 44, 82, 22, 0]

Caso de teste: SLAPRP_Guo_small_O100_alpha0.4_v6.txt

Distancia Total: 672.0
Quantidade de Pickers: 6
