Rota do Picker 1: [0, 1, 0]
Rota do Picker 2: [0, 1, 0]
Rota do Picker 3: [0, 73, 53, 7, 5, 22, 21, 1, 82, 23, 43, 63, 81, 61, 41, 56, 37, 35, 14, 27, 25, 4, 24, 3, 0]
Rota do Picker 4: [0, 41, 23, 63, 5, 45, 8, 46, 6, 43, 3, 64, 4, 26, 7, 82, 62, 42, 44, 24, 21, 81, 1, 0]
Rota do Picker 5: [0, 1, 21, 41, 61, 81, 14, 35, 55, 53, 44, 24, 4, 43, 23, 3, 6, 25, 46, 2, 62, 82, 42, 45, 5, 64, 0]
Rota do Picker 6: [0, 3, 42, 22, 45, 65, 27, 7, 43, 83, 63, 23, 6, 24, 4, 5, 61, 41, 21, 1, 0]
Rota do Picker 7: [0, 21, 1, 3, 43, 63, 83, 4, 56, 16, 55, 35, 36, 34, 8, 44, 24, 25, 65, 45, 26, 6, 5, 23, 27, 7, 41, 61, 14, 0]
Rota do Picker 8: [0, 51, 11, 35, 16, 18, 36, 14, 93, 53, 33, 21, 61, 41, 1, 42, 82, 3, 5, 24, 0]

Caso de teste: SLAPRP_Guo_small_O100_alpha0.4_v8.txt

Distancia Total: 628.0
Quantidade de Pickers: 8
