Rota do Picker 1: [0, 12, 18, 20, 39, 27, 10, 50, 14, 96, 76, 66, 46, 26, 45, 3, 23, 17, 40, 37, 55, 2, 0]
Rota do Picker 2: [0, 12, 14, 76, 18, 37, 17, 94, 74, 51, 26, 46, 30, 50, 27, 2, 3, 13, 80, 19, 39, 20, 95, 55, 11, 1, 0]
Rota do Picker 3: [0, 27, 26, 46, 66, 45, 1, 11, 12, 32, 52, 33, 30, 50, 70, 10, 9, 4, 3, 94, 74, 20, 17, 14, 55, 76, 0]
Rota do Picker 4: [0, 18, 17, 39, 19, 55, 26, 50, 30, 10, 46, 66, 27, 20, 80, 36, 76, 23, 42, 1, 12, 52, 3, 4, 37, 33, 21, 83, 0]
Rota do Picker 5: [0, 1, 26, 46, 66, 76, 60, 39, 13, 12, 55, 17, 18, 97, 37, 14, 36, 80, 30, 10, 70, 50, 27, 94, 74, 51, 31, 11, 2, 0]
Rota do Picker 6: [0, 26, 46, 10, 30, 89, 27, 66, 50, 70, 9, 45, 83, 3, 33, 13, 74, 94, 17, 60, 40, 55, 12, 0]

Caso de teste: SLAPRP_Guo_small_O100_alpha0.3_v10.txt

Distancia Total: 960.0
Quantidade de Pickers: 6
