Rota do Picker 1: [0, 1, 0]
Rota do Picker 2: [0, 2, 30, 47, 27, 7, 45, 46, 26, 8, 9, 89, 10, 87, 20, 93, 60, 38, 98, 94, 74, 75, 55, 11, 31, 18, 77, 96, 39, 12, 41, 1, 0]
Rota do Picker 3: [0, 12, 36, 18, 98, 59, 55, 7, 47, 85, 45, 46, 26, 87, 27, 10, 50, 69, 9, 48, 8, 57, 96, 31, 0]
Rota do Picker 4: [0, 84, 45, 26, 7, 30, 50, 47, 27, 10, 87, 41, 21, 46, 8, 9, 89, 94, 0]
Rota do Picker 5: [0, 64, 8, 27, 10, 50, 57, 97, 65, 45, 9, 30, 47, 7, 87, 26, 46, 85, 84, 83, 89, 37, 0]
Rota do Picker 6: [0, 11, 93, 98, 18, 31, 12, 55, 75, 74, 94, 26, 10, 30, 48, 8, 1, 21, 38, 20, 37, 57, 60, 46, 65, 45, 69, 9, 87, 27, 7, 2, 0]
Rota do Picker 7: [0, 38, 18, 36, 31, 37, 20, 85, 45, 65, 50, 30, 10, 9, 26, 46, 8, 7, 27, 47, 83, 1, 0]

Caso de teste: SLAPRP_Guo_small_O100_alpha0.4_v3.txt

Distancia Total: 1024.0
Quantidade de Pickers: 7
