Rota do Picker 1: [0, 21, 45, 9, 49, 84, 0]
Rota do Picker 2: [0, 7, 8, 9, 10, 50, 1, 47, 68, 48, 37, 19, 17, 45, 27, 46, 26, 30, 89, 49, 60, 40, 78, 96, 36, 0]
Rota do Picker 3: [0, 21, 7, 8, 48, 50, 45, 84, 64, 27, 47, 10, 30, 70, 68, 1, 26, 46, 9, 49, 36, 76, 17, 60, 40, 18, 37, 74, 11, 0]
Rota do Picker 4: [0, 36, 37, 78, 89, 49, 48, 70, 50, 87, 7, 8, 9, 30, 27, 47, 45, 26, 46, 84, 0]
Rota do Picker 5: [0, 45, 7, 26, 46, 8, 27, 87, 9, 30, 48, 1, 11, 55, 75, 18, 98, 37, 0]
Rota do Picker 6: [0, 26, 9, 45, 27, 68, 30, 50, 10, 8, 47, 7, 70, 46, 36, 93, 59, 37, 18, 80, 39, 55, 31, 11, 0]

Caso de teste: SLAPRP_Guo_small_O100_alpha0.4_v9.txt

Distancia Total: 796.0
Quantidade de Pickers: 6
