Rota do Picker 1: [0, 1, 21, 41, 3, 42, 14, 34, 91, 71, 0]
Rota do Picker 2: [0, 21, 4, 14, 81, 43, 61, 22, 23, 5, 1, 41, 3, 42, 54, 91, 71, 63, 34, 0]
Rota do Picker 3: [0, 37, 17, 55, 54, 56, 39, 76, 73, 33, 13, 44, 94, 3, 71, 14, 34, 18, 91, 61, 23, 38, 35, 32, 42, 41, 21, 1, 0]
Rota do Picker 4: [0, 1, 21, 41, 42, 6, 14, 34, 54, 55, 83, 25, 76, 33, 73, 61, 81, 63, 3, 23, 24, 71, 91, 20, 56, 0]
Rota do Picker 5: [0, 2, 61, 24, 81, 56, 91, 44, 25, 4, 6, 43, 21, 63, 1, 41, 3, 42, 82, 71, 5, 14, 31, 23, 54, 0]
Rota do Picker 6: [0, 54, 34, 24, 4, 1, 18, 14, 42, 25, 3, 81, 41, 21, 93, 82, 91, 71, 51, 61, 23, 76, 55, 0]
Rota do Picker 7: [0, 55, 6, 56, 37, 25, 94, 82, 24, 61, 71, 91, 18, 54, 34, 42, 3, 1, 21, 81, 14, 41, 11, 0]

Caso de teste: SLAPRP_Guo_small_O100_alpha0.2_v6.txt

Distancia Total: 1116.0
Quantidade de Pickers: 7
