Rota do Picker 1: [0, 19, 40, 36, 46, 48, 8, 10, 7, 27, 67, 87, 9, 69, 45, 84, 3, 0]
Rota do Picker 2: [0, 1, 20, 40, 36, 84, 46, 26, 87, 27, 7, 48, 8, 89, 9, 45, 65, 10, 67, 22, 3, 83, 19, 0]
Rota do Picker 3: [0, 21, 48, 45, 65, 83, 3, 41, 1, 23, 19, 20, 36, 84, 87, 27, 7, 10, 9, 8, 46, 26, 42, 2, 0]
Rota do Picker 4: [0, 26, 46, 8, 10, 64, 84, 67, 27, 7, 89, 9, 48, 85, 45, 21, 41, 0]
Rota do Picker 5: [0, 41, 7, 27, 67, 87, 9, 46, 26, 10, 69, 45, 65, 40, 19, 20, 64, 1, 3, 83, 0]
Rota do Picker 6: [0, 1, 45, 26, 46, 27, 67, 87, 7, 2, 85, 65, 8, 48, 9, 40, 11, 74, 94, 18, 57, 51, 0]
Rota do Picker 7: [0, 11, 51, 13, 93, 18, 79, 55, 75, 7, 10, 46, 83, 1, 21, 23, 27, 67, 87, 19, 59, 39, 97, 57, 20, 32, 98, 94, 74, 0]
Rota do Picker 8: [0, 41, 46, 26, 45, 65, 9, 10, 27, 7, 3, 42, 2, 23, 84, 8, 83, 21, 0]
Rota do Picker 9: [0, 10, 7, 27, 8, 2, 19, 39, 18, 75, 55, 51, 32, 93, 36, 11, 84, 69, 9, 48, 46, 26, 3, 1, 20, 74, 57, 41, 21, 0]
Rota do Picker 10: [0, 21, 65, 45, 85, 9, 48, 7, 27, 67, 87, 22, 2, 41, 8, 26, 46, 64, 84, 36, 20, 0]
Rota do Picker 11: [0, 75, 11, 1, 21, 46, 45, 22, 2, 64, 67, 26, 87, 27, 9, 7, 0]
Rota do Picker 12: [0, 7, 64, 69, 9, 22, 1, 41, 8, 10, 45, 46, 26, 87, 67, 27, 2, 0]

Caso de teste: SLAPRP_Guo_small_O200_alpha0.2_v1.txt

Distancia Total: 1586.0
Quantidade de Pickers: 12
