Rota do Picker 1: [0, 3, 23, 43, 83, 62, 65, 25, 5, 4, 64, 61, 41, 1, 21, 22, 24, 44, 46, 26, 7, 27, 6, 34, 14, 0]
Rota do Picker 2: [0, 1, 14, 34, 74, 52, 93, 37, 56, 18, 31, 22, 2, 3, 24, 44, 62, 82, 42, 15, 72, 23, 63, 45, 26, 7, 46, 6, 5, 61, 41, 21, 0]
Rota do Picker 3: [0, 1, 21, 41, 24, 44, 5, 23, 42, 62, 82, 22, 45, 6, 46, 8, 63, 43, 26, 25, 4, 3, 0]
Rota do Picker 4: [0, 72, 7, 26, 6, 1, 61, 41, 21, 83, 63, 43, 3, 42, 82, 25, 5, 4, 24, 23, 27, 0]
Rota do Picker 5: [0, 1, 3, 43, 83, 22, 42, 62, 4, 25, 6, 7, 45, 46, 72, 92, 52, 63, 23, 27, 65, 5, 61, 41, 21, 0]
Rota do Picker 6: [0, 21, 36, 18, 17, 55, 14, 34, 35, 62, 42, 44, 64, 4, 23, 43, 3, 25, 65, 45, 5, 41, 1, 81, 61, 0]
Rota do Picker 7: [0, 43, 3, 7, 6, 5, 24, 64, 46, 26, 1, 21, 41, 61, 72, 92, 15, 55, 35, 16, 18, 17, 56, 74, 54, 34, 14, 13, 0]
Rota do Picker 8: [0, 21, 81, 1, 41, 23, 63, 5, 25, 26, 6, 46, 27, 45, 64, 4, 24, 22, 62, 82, 42, 43, 83, 0]
Rota do Picker 9: [0, 34, 14, 12, 17, 15, 52, 3, 23, 43, 24, 64, 6, 5, 1, 21, 41, 61, 81, 83, 63, 62, 42, 4, 0]
Rota do Picker 10: [0, 21, 1, 26, 41, 42, 82, 5, 64, 45, 6, 23, 43, 25, 4, 8, 7, 83, 63, 73, 75, 35, 56, 74, 52, 0]
Rota do Picker 11: [0, 1, 21, 41, 5, 45, 7, 27, 22, 42, 4, 44, 24, 8, 6, 23, 3, 62, 82, 18, 74, 93, 73, 0]

Caso de teste: SLAPRP_Guo_small_O200_alpha0.4_v2.txt

Distancia Total: 1228.0
Quantidade de Pickers: 11
