Rota do Picker 1: [0, 1, 21, 41, 5, 6, 62, 82, 8, 61, 25, 45, 43, 63, 23, 26, 46, 7, 18, 37, 0]
Rota do Picker 2: [0, 1, 41, 61, 23, 45, 65, 25, 43, 83, 44, 64, 6, 46, 26, 8, 5, 81, 21, 7, 0]
Rota do Picker 3: [0, 1, 21, 41, 61, 23, 62, 5, 8, 43, 63, 4, 24, 64, 6, 7, 27, 46, 25, 45, 44, 0]
Rota do Picker 4: [0, 1, 5, 6, 25, 45, 8, 27, 63, 43, 23, 46, 26, 44, 81, 61, 41, 21, 0]
Rota do Picker 5: [0, 1, 21, 41, 61, 81, 23, 82, 62, 45, 27, 7, 64, 83, 43, 44, 5, 0]
Rota do Picker 6: [0, 1, 23, 5, 25, 45, 65, 41, 61, 21, 82, 62, 43, 0]

Caso de teste: SLAPRP_Guo_small_O100_alpha0.3_v9.txt

Distancia Total: 500.0
Quantidade de Pickers: 6
