Rota do Picker 1: [0, 10, 20, 32, 76, 8, 42, 13, 18, 59, 0]
Rota do Picker 2: [0, 8, 46, 20, 31, 93, 76, 28, 10, 94, 13, 50, 45, 42, 2, 70, 9, 23, 60, 41, 66, 26, 3, 21, 30, 65, 32, 22, 11, 52, 0]
Rota do Picker 3: [0, 21, 12, 32, 31, 18, 20, 59, 26, 1, 65, 93, 13, 94, 60, 80, 8, 28, 2, 55, 76, 39, 40, 70, 14, 33, 10, 0]
Rota do Picker 4: [0, 39, 18, 52, 32, 11, 21, 28, 8, 26, 60, 20, 94, 14, 31, 17, 37, 30, 22, 2, 1, 41, 12, 76, 65, 40, 13, 59, 70, 93, 0]
Rota do Picker 5: [0, 28, 8, 76, 50, 30, 26, 2, 46, 10, 23, 87, 31, 9, 65, 21, 1, 3, 45, 70, 66, 0]
Rota do Picker 6: [0, 50, 30, 65, 2, 8, 66, 87, 45, 28, 70, 10, 9, 46, 26, 23, 0]
Rota do Picker 7: [0, 23, 26, 66, 8, 10, 45, 76, 20, 87, 21, 28, 46, 41, 22, 32, 14, 9, 30, 50, 70, 60, 2, 13, 3, 1, 31, 65, 0]
Rota do Picker 8: [0, 26, 46, 8, 45, 76, 20, 60, 41, 37, 31, 13, 33, 28, 94, 40, 80, 10, 22, 2, 21, 17, 32, 59, 52, 30, 39, 12, 93, 65, 11, 18, 50, 0]
Rota do Picker 9: [0, 12, 18, 60, 26, 10, 13, 11, 28, 39, 17, 32, 40, 80, 50, 30, 37, 55, 33, 23, 1, 41, 14, 94, 59, 65, 22, 31, 93, 76, 20, 8, 0]
Rota do Picker 10: [0, 8, 26, 18, 93, 31, 22, 41, 87, 20, 45, 30, 65, 80, 14, 33, 70, 2, 9, 42, 3, 60, 76, 32, 10, 28, 66, 46, 23, 94, 0]
Rota do Picker 11: [0, 22, 31, 93, 18, 59, 26, 8, 70, 10, 28, 21, 42, 32, 33, 39, 30, 3, 1, 23, 66, 52, 20, 50, 9, 45, 94, 60, 76, 0]
Rota do Picker 12: [0, 31, 93, 18, 26, 28, 30, 9, 1, 42, 10, 12, 65, 3, 70, 8, 66, 46, 50, 41, 76, 87, 45, 23, 20, 21, 0]
Rota do Picker 13: [0, 30, 80, 28, 26, 60, 76, 93, 31, 1, 40, 18, 59, 52, 41, 10, 13, 39, 70, 94, 50, 11, 23, 21, 42, 8, 20, 32, 0]

Caso de teste: SLAPRP_Guo_small_O200_alpha0.3_v7.txt

Distancia Total: 3436.0
Quantidade de Pickers: 13
