SKUs: 40
Pedidos: 103

Primeiro pedido:
Order(1, [2, 4, 5, 6, 8])

Ultimo pedido:
Order(103, [2, 3, 5, 8])

Location(1, 1, -1, 20)
Location(2, 1, -2, 20)
Location(3, 1, -3, 20)
Location(4, 1, -4, 20)
Location(5, 1, -5, 20)
Location(6, 1, -6, 20)
Location(7, 1, -7, 20)
Location(8, 1, -8, 20)
Location(9, 1, -9, 20)
Location(10, 1, -10, 40)
Location(11, 1, 1, 20)
Location(12, 1, 2, 20)
Location(13, 1, 3, 20)
Location(14, 1, 4, 20)
Location(15, 1, 5, 20)
Location(16, 1, 6, 20)
Location(17, 1, 7, 20)
Location(18, 1, 8, 20)
Location(19, 1, 9, 20)
Location(20, 1, 10, 40)
Location(21, 2, -1, 20)
Location(22, 2, -2, 20)
Location(23, 2, -3, 20)
Location(24, 2, -4, 20)
Location(25, 2, -5, 20)
Location(26, 2, -6, 20)
Location(27, 2, -7, 20)
Location(28, 2, -8, 20)
Location(29, 2, -9, 20)
Location(30, 2, -10, 40)
Location(31, 2, 1, 20)
Location(32, 2, 2, 20)
Location(33, 2, 3, 20)
Location(34, 2, 4, 20)
Location(35, 2, 5, 20)
Location(36, 2, 6, 20)
Location(37, 2, 7, 20)
Location(38, 2, 8, 20)
Location(39, 2, 9, 20)
Location(40, 2, 10, 40)
Location(41, 3, -1, 20)
Location(42, 3, -2, 20)
Location(43, 3, -3, 20)
Location(44, 3, -4, 20)
Location(45, 3, -5, 20)
Location(46, 3, -6, 20)
Location(47, 3, -7, 20)
Location(48, 3, -8, 20)
Location(49, 3, -9, 20)
Location(50, 3, -10, 40)
Location(51, 3, 1, 20)
Location(52, 3, 2, 20)
Location(53, 3, 3, 20)
Location(54, 3, 4, 20)
Location(55, 3, 5, 20)
Location(56, 3, 6, 20)
Location(57, 3, 7, 20)
Location(58, 3, 8, 20)
Location(59, 3, 9, 20)
Location(60, 3, 10, 40)
Location(61, 4, -1, 20)
Location(62, 4, -2, 20)
Location(63, 4, -3, 20)
Location(64, 4, -4, 20)
Location(65, 4, -5, 20)
Location(66, 4, -6, 20)
Location(67, 4, -7, 20)
Location(68, 4, -8, 20)
Location(69, 4, -9, 20)
Location(70, 4, -10, 40)
Location(71, 4, 1, 20)
Location(72, 4, 2, 20)
Location(73, 4, 3, 20)
Location(74, 4, 4, 20)
Location(75, 4, 5, 20)
Location(76, 4, 6, 20)
Location(77, 4, 7, 20)
Location(78, 4, 8, 20)
Location(79, 4, 9, 20)
Location(80, 4, 10, 40)
Location(81, 5, -1, 20)
Location(82, 5, -2, 20)
Location(83, 5, -3, 20)
Location(84, 5, -4, 20)
Location(85, 5, -5, 20)
Location(86, 5, -6, 20)
Location(87, 5, -7, 20)
Location(88, 5, -8, 20)
Location(89, 5, -9, 20)
Location(90, 5, -10, 40)
Location(91, 5, 1, 20)
Location(92, 5, 2, 20)
Location(93, 5, 3, 20)
Location(94, 5, 4, 20)
Location(95, 5, 5, 20)
Location(96, 5, 6, 20)
Location(97, 5, 7, 20)
Location(98, 5, 8, 20)
Location(99, 5, 9, 20)
Location(100, 5, 10, 40)

Frequencias: [43, 42, 48, 50, 53, 45, 54, 58, 10, 5, 6, 2, 5, 7, 5, 7, 6, 9, 4, 6, 9, 4, 5, 7, 5, 10, 5, 3, 4, 4, 3, 4, 5, 6, 11, 4, 8, 4, 0, 0]

Matriz de coocorrencia: 
40×40 Matrix{Int64}:
  0  20  22  28  24  22  26  24  3  5  3  1  4  3  0  3  3  3  1  3  5  0  2  2  1  5  2  2  3  1  1  1  3  2  4  1  3  3  0  0
 20   0  25  22  25  21  23  26  4  3  2  1  5  2  1  3  1  4  2  2  2  1  2  0  2  2  0  2  0  3  2  3  2  1  6  2  5  2  0  0
 22  25   0  28  31  26  26  30  4  2  3  1  3  2  3  1  3  5  3  1  5  1  3  1  2  3  3  2  2  1  1  0  2  3  5  1  4  0  0  0
 28  22  28   0  23  22  29  27  7  3  4  1  4  3  2  3  2  2  1  4  6  1  1  2  3  5  3  1  3  3  1  2  4  4  6  1  3  1  0  0
 24  25  31  23   0  23  27  34  7  3  4  0  2  2  3  2  4  6  3  4  4  0  3  4  2  7  3  2  0  2  0  2  3  4  8  2  4  1  0  0
 22  21  26  22  23   0  24  25  5  1  0  1  1  2  1  1  3  4  2  1  5  1  2  2  1  2  3  2  1  0  2  0  1  3  5  1  3  2  0  0
 26  23  26  29  27  24   0  25  3  3  3  1  4  2  1  4  4  4  1  2  4  0  3  5  1  5  4  1  3  3  1  2  1  2  6  1  4  2  0  0
 24  26  30  27  34  25  25   0  8  1  3  2  3  3  1  5  3  4  4  3  5  1  2  3  1  6  2  2  1  3  3  1  3  5  3  4  2  3  0  0
  3   4   4   7   7   5   3   8  0  1  0  0  0  0  1  1  1  0  0  2  0  0  0  0  0  0  0  0  0  1  0  1  0  0  3  0  0  1  0  0
  5   3   2   3   3   1   3   1  1  0  0  1  0  1  0  0  0  0  0  1  0  0  0  0  1  0  0  0  1  0  0  1  0  0  2  0  1  0  0  0
  3   2   3   4   4   0   3   3  0  0  0  0  1  1  1  0  0  0  0  0  2  1  0  0  0  2  1  0  1  0  0  0  2  0  1  0  0  1  0  0
  1   1   1   1   0   1   1   2  0  1  0  0  0  0  0  0  0  0  0  0  0  0  0  0  0  0  0  0  1  0  0  0  0  0  0  0  0  0  0  0
  4   5   3   4   2   1   4   3  0  0  1  0  0  0  0  1  0  1  0  0  1  0  1  0  0  0  0  0  0  0  0  0  0  0  0  0  1  1  0  0
  3   2   2   3   2   2   2   3  0  1  1  0  0  0  0  1  0  0  0  1  2  0  1  1  1  2  0  0  0  0  0  1  1  0  0  0  1  0  0  0
  0   1   3   2   3   1   1   1  1  0  1  0  0  0  0  1  2  0  0  0  1  2  0  1  1  0  1  0  0  0  0  1  0  0  2  0  0  0  0  0
  3   3   1   3   2   1   4   5  1  0  0  0  1  1  1  0  0  0  0  0  0  1  0  1  0  1  0  0  0  1  1  1  0  0  0  1  1  0  0  0
  3   1   3   2   4   3   4   3  1  0  0  0  0  0  2  0  0  0  0  1  0  0  0  2  1  0  0  0  0  0  0  1  0  0  1  0  0  1  0  0
  3   4   5   2   6   4   4   4  0  0  0  0  1  0  0  0  0  0  1  0  0  0  2  2  0  1  1  1  1  0  0  0  0  0  0  0  1  0  0  0
  1   2   3   1   3   2   1   4  0  0  0  0  0  0  0  0  0  1  0  0  0  0  1  0  0  0  0  0  0  0  1  0  0  2  0  2  1  1  0  0
  3   2   1   4   4   1   2   3  2  1  0  0  0  1  0  0  1  0  0  0  0  0  0  0  1  0  0  0  0  1  0  1  0  0  0  0  0  1  0  0
  5   2   5   6   4   5   4   5  0  0  2  0  1  2  1  0  0  0  0  0  0  1  0  1  0  1  1  0  2  0  0  0  1  2  0  0  1  2  0  0
  0   1   1   1   0   1   0   1  0  0  1  0  0  0  2  1  0  0  0  0  1  0  0  0  1  0  1  0  0  0  0  0  0  0  0  0  0  0  0  0
  2   2   3   1   3   2   3   2  0  0  0  0  1  1  0  0  0  2  1  0  0  0  0  1  0  0  0  0  0  0  0  0  0  1  0  0  2  0  0  0
  2   0   1   2   4   2   5   3  0  0  0  0  0  1  1  1  2  2  0  0  1  0  1  0  0  1  0  0  0  0  0  1  0  0  0  0  0  0  0  0
  1   2   2   3   2   1   1   1  0  1  0  0  0  1  1  0  1  0  0  1  0  1  0  0  0  0  0  0  0  0  0  1  1  0  2  0  0  0  0  0
  5   2   3   5   7   2   5   6  0  0  2  0  0  2  0  1  0  1  0  0  1  0  0  1  0  0  1  0  0  0  0  1  1  1  2  0  1  0  0  0
  2   0   3   3   3   3   4   2  0  0  1  0  0  0  1  0  0  1  0  0  1  1  0  0  0  1  0  0  0  0  0  0  0  0  0  0  0  0  0  0
  2   2   2   1   2   2   1   2  0  0  0  0  0  0  0  0  0  1  0  0  0  0  0  0  0  0  0  0  1  0  0  0  0  0  0  0  0  0  0  0
  3   0   2   3   0   1   3   1  0  1  1  1  0  0  0  0  0  1  0  0  2  0  0  0  0  0  0  1  0  0  0  0  1  0  0  0  1  1  0  0
  1   3   1   3   2   0   3   3  1  0  0  0  0  0  0  1  0  0  0  1  0  0  0  0  0  0  0  0  0  0  0  1  0  0  0  1  0  0  0  0
  1   2   1   1   0   2   1   3  0  0  0  0  0  0  0  1  0  0  1  0  0  0  0  0  0  0  0  0  0  0  0  0  0  0  0  2  0  1  0  0
  1   3   0   2   2   0   2   1  1  1  0  0  0  1  1  1  1  0  0  1  0  0  0  1  1  1  0  0  0  1  0  0  0  0  1  0  1  0  0  0
  3   2   2   4   3   1   1   3  0  0  2  0  0  1  0  0  0  0  0  0  1  0  0  0  1  1  0  0  1  0  0  0  0  0  1  0  0  1  0  0
  2   1   3   4   4   3   2   5  0  0  0  0  0  0  0  0  0  0  2  0  2  0  1  0  0  1  0  0  0  0  0  0  0  0  0  1  1  0  0  0
  4   6   5   6   8   5   6   3  3  2  1  0  0  0  2  0  1  0  0  0  0  0  0  0  2  2  0  0  0  0  0  1  1  0  0  0  2  0  0  0
  1   2   1   1   2   1   1   4  0  0  0  0  0  0  0  1  0  0  2  0  0  0  0  0  0  0  0  0  0  1  2  0  0  1  0  0  1  1  0  0
  3   5   4   3   4   3   4   2  0  1  0  0  1  1  0  1  0  1  1  0  1  0  2  0  0  1  0  0  1  0  0  1  0  1  2  1  0  0  0  0
  3   2   0   1   1   2   2   3  1  0  1  0  1  0  0  0  1  0  1  1  2  0  0  0  0  0  0  0  1  0  1  0  1  0  0  1  0  0  0  0
  0   0   0   0   0   0   0   0  0  0  0  0  0  0  0  0  0  0  0  0  0  0  0  0  0  0  0  0  0  0  0  0  0  0  0  0  0  0  0  0
  0   0   0   0   0   0   0   0  0  0  0  0  0  0  0  0  0  0  0  0  0  0  0  0  0  0  0  0  0  0  0  0  0  0  0  0  0  0  0  0
SKU(43, 187.0, 0.07)
SKU(42, 149.0, 0.08)
SKU(48, 104.0, 0.21)
SKU(50, 156.0, 0.1)
SKU(53, 131.0, 0.13)
SKU(45, 159.0, 0.08)
SKU(54, 200.0, 0.07)
SKU(58, 163.0, 0.11)
SKU(10, 62.0, 0.09)
SKU(5, 24.0, 0.21)
SKU(6, 50.0, 0.11)
SKU(2, 23.0, 0.12)
SKU(5, 34.0, 0.19)
SKU(7, 68.0, 0.07)
SKU(5, 70.0, 0.05)
SKU(7, 63.0, 0.09)
SKU(6, 49.0, 0.08)
SKU(9, 48.0, 0.12)
SKU(4, 22.0, 0.26)
SKU(6, 33.0, 0.17)
SKU(9, 78.0, 0.07)
SKU(4, 27.0, 0.16)
SKU(5, 45.0, 0.1)
SKU(7, 94.0, 0.05)
SKU(5, 42.0, 0.11)
SKU(10, 71.0, 0.09)
SKU(5, 39.0, 0.13)
SKU(3, 23.0, 0.16)
SKU(4, 58.0, 0.06)
SKU(4, 81.0, 0.04)
SKU(3, 21.0, 0.15)
SKU(4, 62.0, 0.06)
SKU(5, 62.0, 0.07)
SKU(6, 81.0, 0.05)
SKU(11, 50.0, 0.12)
SKU(4, 22.0, 0.16)
SKU(8, 103.0, 0.04)
SKU(4, 25.0, 0.14)
SKU(0, 16.0, 0.08)
SKU(0, 12.0, 0.12)

extremidades das matrizes:
S_hat: (-0.2768053999211844, 0.773143521655715)
S_hat * P: (-0.24127189069852614, 0.6714587194546894)
W * S_hat: (-0.07494255499545163, 1.2312848569438837)
W * S_hat * P: (-0.03713092851693647, 1.0693447337655506)
correlacao{S_hat, S_hat_hat} = 0.9556008382368251

Posicao 1 (Corredor 1, Prateleira -1)
   SKU 1 -> 83
   SKU 2 -> 2
   SKU 7 -> 200

Posicao 2 (Corredor 1, Prateleira -2)
   SKU 4 -> 126
   SKU 30 -> 81
   SKU 37 -> 103

Posicao 3 (Corredor 1, Prateleira -3)
   SKU 16 -> 63
   SKU 26 -> 71
   SKU 35 -> 50

Posicao 11 (Corredor 1, Prateleira 1)
   SKU 1 -> 104
   SKU 6 -> 159

Posicao 12 (Corredor 1, Prateleira 2)
   SKU 5 -> 75
   SKU 21 -> 78
   SKU 24 -> 94

Posicao 13 (Corredor 1, Prateleira 3)
   SKU 23 -> 45
   SKU 25 -> 42
   SKU 27 -> 39

Posicao 21 (Corredor 2, Prateleira -1)
   SKU 2 -> 147
   SKU 4 -> 23
   SKU 8 -> 54

Posicao 22 (Corredor 2, Prateleira -2)
   SKU 3 -> 59
   SKU 15 -> 70
   SKU 34 -> 81

Posicao 23 (Corredor 2, Prateleira -3)
   SKU 10 -> 24
   SKU 13 -> 34
   SKU 20 -> 33

Posicao 31 (Corredor 2, Prateleira 1)
   SKU 4 -> 7
   SKU 5 -> 56
   SKU 8 -> 109

Posicao 32 (Corredor 2, Prateleira 2)
   SKU 3 -> 45
   SKU 9 -> 62
   SKU 33 -> 62

Posicao 33 (Corredor 2, Prateleira 3)
   SKU 12 -> 23

Posicao 41 (Corredor 3, Prateleira -1)
   SKU 11 -> 50
   SKU 14 -> 68
   SKU 18 -> 48

Posicao 42 (Corredor 3, Prateleira -2)
   SKU 19 -> 22
   SKU 36 -> 22
   SKU 38 -> 25

Posicao 51 (Corredor 3, Prateleira 1)
   SKU 17 -> 49
   SKU 29 -> 58
   SKU 32 -> 62

Posicao 52 (Corredor 3, Prateleira 2)
   SKU 22 -> 27
   SKU 28 -> 23
   SKU 31 -> 21

Posicao 58 (Corredor 3, Prateleira 8)
   SKU 39 -> 16
   SKU 40 -> 12

