Rota do Picker 1: [0, 1, 13, 33, 53, 73, 34, 14, 21, 17, 93, 95, 3, 41, 39, 38, 16, 62, 20, 81, 37, 15, 35, 55, 82, 56, 76, 75, 19, 32, 42, 22, 12, 63, 0]
Rota do Picker 2: [0, 6, 52, 75, 72, 92, 51, 71, 16, 1, 12, 32, 14, 34, 21, 41, 19, 56, 36, 13, 94, 54, 76, 17, 35, 15, 3, 42, 2, 22, 62, 38, 5, 63, 0]
Rota do Picker 3: [0, 74, 55, 38, 19, 15, 37, 57, 17, 35, 39, 20, 41, 1, 96, 32, 21, 95, 56, 36, 16, 53, 33, 13, 14, 34, 54, 77, 12, 18, 75, 0]
Rota do Picker 4: [0, 93, 73, 51, 61, 34, 32, 12, 63, 43, 6, 35, 15, 14, 3, 41, 21, 1, 76, 92, 72, 23, 75, 55, 22, 16, 56, 13, 94, 44, 0]
Rota do Picker 5: [0, 93, 73, 61, 92, 72, 63, 56, 75, 95, 53, 14, 34, 36, 57, 15, 42, 22, 41, 16, 76, 4, 23, 51, 43, 37, 33, 13, 3, 21, 35, 1, 0]
Rota do Picker 6: [0, 1, 32, 14, 25, 43, 21, 41, 71, 91, 3, 23, 51, 15, 0]
Rota do Picker 7: [0, 18, 12, 14, 34, 74, 76, 39, 13, 94, 54, 21, 33, 38, 36, 71, 57, 17, 37, 53, 3, 77, 19, 95, 75, 35, 15, 32, 96, 1, 56, 16, 0]
Rota do Picker 8: [0, 1, 3, 5, 24, 34, 43, 81, 62, 82, 13, 91, 71, 25, 32, 42, 22, 44, 23, 14, 4, 21, 41, 61, 6, 17, 12, 63, 0]
Rota do Picker 9: [0, 1, 13, 33, 53, 24, 21, 3, 23, 32, 15, 16, 56, 57, 77, 4, 18, 76, 63, 43, 12, 52, 34, 61, 37, 39, 62, 22, 54, 14, 51, 95, 35, 41, 17, 5, 0]
Rota do Picker 10: [0, 95, 6, 32, 15, 35, 55, 18, 93, 73, 37, 14, 12, 52, 92, 38, 57, 56, 36, 25, 20, 75, 34, 17, 19, 16, 53, 33, 13, 21, 1, 61, 0]
Rota do Picker 11: [0, 21, 41, 81, 15, 74, 94, 44, 93, 73, 51, 76, 61, 32, 14, 18, 3, 22, 42, 13, 33, 53, 1, 71, 16, 36, 25, 5, 55, 35, 12, 24, 43, 63, 19, 0]
Rota do Picker 12: [0, 95, 62, 24, 4, 35, 21, 1, 5, 25, 53, 16, 71, 91, 42, 36, 13, 43, 3, 22, 41, 19, 6, 0]
Rota do Picker 13: [0, 16, 32, 22, 93, 73, 61, 41, 21, 1, 95, 35, 23, 3, 42, 5, 53, 33, 13, 12, 15, 55, 24, 44, 56, 57, 82, 62, 4, 14, 34, 81, 6, 18, 75, 43, 0]

Caso de teste: SLAPRP_Guo_small_O200_alpha0.3_v2.txt

Distancia Total: 2792.0
Quantidade de Pickers: 13
