Rota do Picker 1: [0, 45, 49, 30, 9, 46, 26, 1, 41, 10, 50, 89, 69, 68, 48, 8, 7, 27, 40, 60, 20, 13, 0]
Rota do Picker 2: [0, 45, 27, 8, 69, 9, 70, 26, 65, 1, 41, 12, 40, 39, 20, 60, 94, 74, 57, 76, 37, 55, 50, 30, 7, 46, 32, 0]
Rota do Picker 3: [0, 1, 45, 26, 46, 49, 30, 55, 57, 59, 32, 12, 11, 3, 48, 28, 89, 69, 9, 8, 7, 27, 67, 97, 20, 41, 21, 47, 93, 0]
Rota do Picker 4: [0, 27, 47, 48, 68, 10, 30, 49, 26, 46, 50, 7, 67, 65, 45, 12, 40, 20, 69, 9, 8, 3, 1, 0]
Rota do Picker 5: [0, 45, 27, 47, 7, 8, 9, 69, 89, 10, 57, 97, 40, 20, 55, 46, 26, 67, 30, 50, 48, 28, 1, 0]
Rota do Picker 6: [0, 3, 83, 1, 0]
Rota do Picker 7: [0, 11, 50, 10, 1, 41, 7, 65, 46, 27, 9, 22, 13, 48, 28, 8, 45, 12, 96, 17, 37, 18, 20, 59, 55, 94, 0]

Caso de teste: SLAPRP_Guo_small_O100_alpha0.4_v7.txt

Distancia Total: 988.0
Quantidade de Pickers: 7
