Rota do Picker 1: [0, 65, 41, 8, 2, 30, 10, 84, 64, 26, 46, 45, 50, 69, 9, 87, 27, 7, 1, 21, 0]
Rota do Picker 2: [0, 7, 83, 3, 27, 45, 1, 69, 37, 84, 21, 19, 87, 89, 26, 9, 10, 65, 17, 50, 41, 30, 8, 64, 36, 46, 2, 22, 0]
Rota do Picker 3: [0, 7, 93, 36, 32, 57, 45, 10, 94, 55, 75, 18, 98, 30, 60, 17, 12, 41, 40, 20, 74, 77, 0]
Rota do Picker 4: [0, 8, 37, 65, 83, 2, 36, 50, 17, 22, 9, 69, 19, 84, 10, 46, 1, 3, 41, 57, 45, 26, 87, 27, 7, 0]
Rota do Picker 5: [0, 7, 8, 9, 30, 46, 45, 87, 69, 65, 10, 26, 50, 27, 64, 89, 0]
Rota do Picker 6: [0, 21, 7, 27, 9, 69, 89, 26, 8, 10, 46, 50, 87, 30, 45, 84, 0]
Rota do Picker 7: [0, 64, 8, 9, 89, 94, 65, 21, 84, 41, 10, 69, 22, 46, 26, 2, 45, 30, 87, 27, 7, 1, 0]
Rota do Picker 8: [0, 26, 65, 17, 45, 8, 19, 0]
Rota do Picker 9: [0, 84, 22, 26, 57, 21, 50, 17, 10, 64, 89, 65, 1, 7, 9, 69, 87, 45, 46, 27, 8, 2, 36, 0]
Rota do Picker 10: [0, 1, 45, 8, 9, 46, 87, 3, 83, 7, 10, 69, 26, 2, 27, 30, 64, 89, 65, 21, 22, 84, 0]
Rota do Picker 11: [0, 1, 41, 21, 10, 9, 69, 30, 84, 36, 46, 89, 45, 37, 2, 22, 87, 64, 8, 26, 27, 7, 83, 3, 65, 17, 0]
Rota do Picker 12: [0, 1, 37, 45, 26, 7, 57, 19, 87, 27, 8, 3, 17, 2, 84, 36, 30, 65, 9, 32, 46, 41, 21, 0]
Rota do Picker 13: [0, 45, 10, 19, 9, 2, 84, 87, 21, 1, 83, 76, 36, 64, 17, 30, 27, 3, 57, 8, 46, 26, 7, 37, 0]

Caso de teste: SLAPRP_Guo_small_O200_alpha0.3_v9.txt

Distancia Total: 2602.0
Quantidade de Pickers: 13
