Rota do Picker 1: [0, 11, 51, 31, 2, 22, 20, 14, 32, 12, 1, 3, 23, 21, 0]
Rota do Picker 2: [0, 1, 2, 22, 20, 31, 71, 12, 14, 13, 61, 41, 21, 51, 11, 0]
Rota do Picker 3: [0, 11, 31, 12, 2, 22, 13, 14, 20, 32, 1, 21, 41, 3, 4, 0]
Rota do Picker 4: [0, 2, 22, 1, 21, 41, 11, 31, 12, 20, 14, 0]
Rota do Picker 5: [0, 2, 1, 21, 32, 33, 12, 31, 13, 20, 11, 0]
Rota do Picker 6: [0, 12, 33, 2, 1, 21, 41, 61, 22, 3, 13, 32, 31, 51, 11, 0]
Rota do Picker 7: [0, 12, 32, 33, 3, 23, 2, 31, 11, 51, 20, 13, 41, 21, 1, 0]
Rota do Picker 8: [0, 12, 13, 33, 61, 14, 11, 22, 2, 1, 21, 32, 31, 51, 3, 0]
Rota do Picker 9: [0, 2, 1, 21, 41, 61, 11, 71, 20, 14, 23, 4, 31, 51, 33, 13, 12, 32, 0]
Rota do Picker 10: [0, 2, 1, 11, 31, 12, 13, 14, 20, 33, 4, 3, 41, 21, 0]
Rota do Picker 11: [0, 11, 31, 51, 23, 3, 71, 33, 13, 41, 21, 1, 2, 22, 14, 32, 12, 0]
Rota do Picker 12: [0, 1, 61, 41, 2, 4, 3, 22, 42, 71, 32, 12, 31, 51, 11, 21, 23, 33, 0]

Caso de teste: SLAPRP_Guo_small_O200_alpha0.3_v10.txt

Distancia Total: 762.0
Quantidade de Pickers: 12
