Rota do Picker 1: [0, 12, 31, 93, 33, 17, 19, 39, 74, 94, 36, 28, 9, 26, 41, 21, 52, 18, 98, 30, 10, 47, 75, 55, 32, 13, 11, 0]
Rota do Picker 2: [0, 41, 22, 31, 36, 18, 98, 17, 74, 14, 32, 61, 81, 1, 12, 55, 75, 20, 39, 40, 60, 19, 13, 0]
Rota do Picker 3: [0, 26, 30, 50, 31, 52, 12, 17, 18, 20, 60, 39, 55, 40, 19, 98, 10, 21, 22, 47, 74, 0]
Rota do Picker 4: [0, 12, 55, 75, 45, 65, 9, 10, 30, 50, 84, 28, 26, 1, 81, 41, 18, 20, 17, 39, 19, 52, 94, 74, 33, 31, 21, 0]
Rota do Picker 5: [0, 65, 26, 10, 40, 19, 13, 12, 32, 14, 74, 17, 31, 11, 18, 81, 41, 75, 60, 0]
Rota do Picker 6: [0, 1, 2, 65, 45, 26, 66, 67, 28, 30, 9, 69, 23, 4, 52, 47, 27, 64, 83, 3, 21, 14, 94, 36, 32, 93, 33, 12, 20, 19, 17, 31, 0]

Caso de teste: SLAPRP_Guo_small_O100_alpha0.3_v1.txt

Distancia Total: 982.0
Quantidade de Pickers: 6
