Rota do Picker 1: [0, 82, 17, 15, 4, 3, 21, 1, 2, 42, 16, 41, 23, 62, 18, 75, 44, 56, 0]
Rota do Picker 2: [0, 83, 63, 75, 7, 43, 4, 24, 44, 64, 6, 27, 82, 3, 23, 62, 8, 46, 5, 42, 22, 41, 21, 1, 61, 0]
Rota do Picker 3: [0, 65, 25, 45, 81, 82, 23, 46, 26, 5, 61, 83, 64, 22, 62, 8, 44, 42, 43, 7, 41, 1, 24, 4, 21, 3, 0]
Rota do Picker 4: [0, 1, 21, 41, 3, 23, 52, 92, 15, 44, 64, 16, 42, 62, 22, 37, 25, 6, 36, 81, 75, 83, 24, 4, 61, 45, 72, 18, 5, 43, 63, 0]
Rota do Picker 5: [0, 63, 5, 61, 83, 43, 23, 3, 1, 4, 6, 46, 42, 64, 44, 24, 41, 21, 27, 7, 62, 65, 72, 45, 0]
Rota do Picker 6: [0, 72, 75, 81, 61, 4, 24, 16, 82, 62, 1, 41, 23, 63, 42, 37, 5, 71, 91, 74, 36, 12, 64, 44, 43, 3, 21, 22, 0]
Rota do Picker 7: [0, 64, 41, 61, 26, 63, 27, 62, 7, 5, 1, 8, 25, 46, 45, 72, 43, 44, 65, 6, 24, 4, 23, 3, 21, 22, 42, 0]
Rota do Picker 8: [0, 18, 62, 42, 23, 41, 27, 14, 91, 71, 21, 1, 75, 56, 83, 5, 61, 0]
Rota do Picker 9: [0, 4, 6, 42, 44, 7, 63, 25, 61, 83, 41, 43, 45, 8, 22, 82, 64, 26, 23, 65, 24, 5, 3, 21, 1, 27, 34, 62, 0]
Rota do Picker 10: [0, 65, 63, 1, 3, 6, 26, 5, 24, 64, 21, 46, 7, 83, 25, 44, 41, 4, 43, 23, 42, 62, 8, 45, 0]
Rota do Picker 11: [0, 1, 21, 41, 23, 42, 62, 5, 64, 46, 6, 25, 63, 61, 24, 44, 3, 43, 22, 82, 72, 0]
Rota do Picker 12: [0, 62, 42, 23, 1, 5, 61, 41, 21, 24, 44, 71, 91, 82, 3, 37, 16, 6, 43, 83, 63, 22, 0]
Rota do Picker 13: [0, 21, 71, 72, 92, 14, 91, 56, 73, 93, 17, 53, 18, 52, 36, 11, 34, 37, 74, 35, 81, 75, 55, 82, 62, 42, 16, 61, 41, 1, 0]

Caso de teste: SLAPRP_Guo_small_O200_alpha0.4_v3.txt

Distancia Total: 2210.0
Quantidade de Pickers: 13
