Rota do Picker 1: [0, 11, 55, 18, 60, 94, 47, 64, 59, 77, 75, 1, 21, 79, 13, 12, 93, 57, 78, 40, 17, 51, 36, 20, 96, 37, 0]
Rota do Picker 2: [0, 7, 84, 20, 9, 19, 30, 49, 31, 64, 46, 1, 11, 10, 60, 50, 8, 83, 27, 66, 22, 87, 17, 37, 0]
Rota do Picker 3: [0, 57, 51, 49, 20, 36, 13, 96, 19, 12, 94, 37, 75, 55, 64, 77, 79, 59, 18, 93, 11, 0]
Rota do Picker 4: [0, 57, 77, 60, 10, 45, 93, 96, 19, 21, 20, 40, 30, 59, 1, 12, 32, 47, 79, 94, 75, 55, 51, 31, 11, 64, 18, 13, 0]
Rota do Picker 5: [0, 1, 9, 49, 69, 11, 50, 46, 20, 45, 87, 7, 21, 37, 27, 30, 10, 8, 83, 66, 47, 84, 64, 0]
Rota do Picker 6: [0, 11, 7, 19, 96, 79, 12, 55, 77, 49, 93, 37, 57, 64, 10, 0]

Caso de teste: SLAPRP_Guo_small_O100_alpha0.4_v9.txt

Distancia Total: 1430.0
Quantidade de Pickers: 6
