Rota do Picker 1: [0, 21, 3, 23, 43, 14, 54, 16, 6, 22, 34, 44, 42, 33, 91, 55, 5, 82, 62, 83, 11, 81, 1, 61, 73, 35, 71, 24, 4, 41, 37, 0]
Rota do Picker 2: [0, 41, 17, 72, 92, 13, 12, 23, 24, 55, 15, 37, 81, 61, 75, 44, 4, 73, 56, 36, 33, 54, 18, 14, 35, 34, 43, 3, 21, 1, 42, 62, 94, 0]
Rota do Picker 3: [0, 62, 42, 4, 3, 1, 46, 24, 84, 21, 23, 43, 64, 63, 6, 26, 5, 2, 45, 25, 41, 7, 22, 44, 0]
Rota do Picker 4: [0, 22, 4, 24, 3, 17, 1, 23, 7, 16, 21, 43, 82, 62, 42, 63, 61, 41, 53, 6, 5, 83, 0]
Rota do Picker 5: [0, 56, 81, 75, 32, 52, 5, 45, 6, 36, 18, 7, 24, 42, 22, 43, 4, 83, 92, 12, 82, 62, 61, 73, 91, 71, 63, 23, 3, 41, 21, 1, 34, 94, 17, 0]
Rota do Picker 6: [0, 1, 22, 42, 75, 0]

Caso de teste: SLAPRP_Guo_small_O100_alpha0.4_v10.txt

Distancia Total: 1040.0
Quantidade de Pickers: 6
