Rota do Picker 1: [0, 36, 34, 23, 35, 41, 56, 58, 39, 63, 42, 33, 15, 16, 18, 24, 21, 22, 19, 20, 43, 61, 13, 93, 95, 72, 96, 73, 53, 52, 32, 12, 1, 62, 14, 74, 0]
Rota do Picker 2: [0, 3, 23, 53, 73, 5, 22, 21, 41, 13, 33, 16, 56, 40, 1, 93, 18, 58, 19, 20, 94, 43, 75, 96, 76, 12, 32, 15, 35, 55, 39, 52, 34, 54, 74, 14, 0]
Rota do Picker 3: [0, 3, 43, 34, 16, 36, 19, 21, 13, 33, 62, 76, 94, 22, 74, 57, 55, 35, 72, 39, 52, 23, 15, 14, 1, 12, 75, 95, 32, 53, 73, 93, 96, 0]
Rota do Picker 4: [0, 92, 72, 54, 95, 12, 32, 52, 36, 55, 96, 42, 19, 71, 1, 21, 14, 34, 16, 17, 57, 23, 41, 13, 33, 53, 15, 35, 18, 43, 74, 3, 39, 0]
Rota do Picker 5: [0, 24, 62, 56, 42, 82, 72, 35, 22, 74, 54, 3, 5, 93, 73, 53, 52, 12, 15, 4, 32, 1, 21, 96, 16, 43, 51, 13, 33, 18, 41, 23, 34, 14, 81, 61, 0]
Rota do Picker 6: [0, 3, 74, 54, 72, 32, 62, 4, 36, 16, 53, 33, 13, 41, 76, 21, 93, 19, 42, 35, 55, 82, 57, 52, 73, 58, 15, 5, 75, 24, 18, 94, 14, 34, 12, 1, 23, 63, 0]
Rota do Picker 7: [0, 1, 21, 3, 52, 18, 61, 62, 53, 73, 93, 82, 0]
Rota do Picker 8: [0, 34, 14, 23, 3, 1, 82, 62, 93, 73, 33, 13, 41, 21, 32, 20, 19, 24, 42, 53, 12, 22, 4, 35, 55, 74, 52, 18, 36, 5, 61, 16, 0]
Rota do Picker 9: [0, 38, 21, 39, 18, 55, 35, 15, 36, 14, 13, 1, 52, 54, 74, 19, 96, 95, 76, 5, 40, 20, 56, 16, 34, 32, 12, 33, 53, 63, 82, 0]
Rota do Picker 10: [0, 31, 71, 91, 24, 14, 21, 1, 12, 15, 5, 43, 32, 36, 61, 81, 4, 23, 41, 22, 3, 42, 62, 52, 0]
Rota do Picker 11: [0, 4, 75, 55, 35, 15, 72, 93, 43, 20, 52, 74, 14, 54, 95, 34, 41, 73, 53, 32, 12, 36, 16, 33, 13, 21, 1, 61, 0]
Rota do Picker 12: [0, 21, 41, 35, 55, 19, 38, 5, 13, 33, 15, 18, 39, 52, 53, 73, 58, 17, 37, 40, 20, 32, 12, 95, 96, 56, 16, 34, 14, 36, 76, 94, 77, 57, 1, 0]

Caso de teste: SLAPRP_Guo_small_O200_alpha0.4_v9.txt

Distancia Total: 2650.0
Quantidade de Pickers: 12
