Rota do Picker 1: [0, 72, 23, 44, 24, 4, 61, 41, 1, 21, 63, 83, 43, 5, 64, 8, 6, 0]
Rota do Picker 2: [0, 1, 21, 22, 42, 65, 45, 44, 24, 64, 43, 3, 23, 63, 82, 62, 5, 26, 6, 4, 0]
Rota do Picker 3: [0, 1, 41, 4, 5, 45, 25, 23, 43, 83, 63, 7, 21, 61, 74, 37, 17, 36, 82, 42, 22, 24, 27, 26, 0]
Rota do Picker 4: [0, 1, 22, 42, 44, 64, 25, 46, 24, 63, 43, 23, 3, 4, 8, 27, 6, 45, 5, 41, 21, 0]
Rota do Picker 5: [0, 16, 62, 22, 1, 21, 41, 5, 25, 42, 82, 4, 24, 44, 6, 26, 27, 64, 46, 83, 63, 43, 23, 3, 0]
Rota do Picker 6: [0, 3, 23, 43, 82, 62, 42, 22, 54, 4, 24, 44, 73, 93, 36, 32, 72, 92, 52, 12, 31, 37, 15, 34, 16, 81, 41, 21, 61, 1, 0]
Rota do Picker 7: [0, 1, 4, 24, 44, 22, 62, 64, 8, 25, 45, 27, 46, 26, 5, 43, 23, 41, 21, 0]
Rota do Picker 8: [0, 21, 41, 1, 23, 43, 5, 25, 24, 64, 35, 55, 37, 34, 52, 72, 14, 15, 6, 45, 4, 44, 0]
Rota do Picker 9: [0, 1, 21, 41, 61, 6, 84, 4, 24, 42, 82, 62, 22, 43, 83, 44, 64, 8, 5, 63, 23, 0]
Rota do Picker 10: [0, 1, 21, 41, 61, 4, 23, 3, 5, 45, 25, 81, 63, 43, 84, 44, 6, 26, 7, 42, 22, 0]
Rota do Picker 11: [0, 1, 21, 8, 65, 4, 5, 45, 6, 22, 42, 62, 3, 26, 46, 27, 41, 61, 72, 56, 16, 14, 53, 33, 18, 7, 44, 43, 23, 83, 0]
Rota do Picker 12: [0, 1, 61, 41, 21, 6, 22, 62, 4, 24, 83, 43, 23, 3, 5, 45, 65, 33, 34, 0]

Caso de teste: SLAPRP_Guo_small_O200_alpha0.2_v1.txt

Distancia Total: 1190.0
Quantidade de Pickers: 12
