Rota do Picker 1: [0, 1, 11, 45, 46, 8, 19, 20, 0]
Rota do Picker 2: [0, 28, 23, 8, 10, 45, 89, 67, 87, 3, 69, 9, 27, 7, 2, 68, 30, 46, 26, 21, 0]
Rota do Picker 3: [0, 1, 2, 22, 42, 27, 87, 11, 23, 3, 7, 26, 46, 9, 50, 13, 20, 21, 61, 67, 14, 41, 28, 19, 30, 45, 10, 51, 8, 4, 40, 47, 36, 0]
Rota do Picker 4: [0, 40, 36, 11, 26, 19, 2, 17, 57, 77, 30, 74, 41, 32, 37, 52, 12, 97, 38, 22, 20, 51, 21, 45, 94, 50, 0]
Rota do Picker 5: [0, 28, 1, 4, 33, 61, 2, 22, 42, 10, 30, 8, 68, 19, 46, 23, 26, 45, 9, 27, 7, 3, 41, 21, 51, 0]
Rota do Picker 6: [0, 2, 45, 1, 7, 27, 23, 30, 21, 61, 67, 87, 9, 10, 4, 26, 46, 8, 11, 28, 68, 65, 69, 3, 0]
Rota do Picker 7: [0, 83, 41, 11, 33, 46, 23, 3, 30, 21, 12, 7, 67, 14, 42, 36, 19, 87, 47, 22, 51, 26, 1, 40, 20, 68, 9, 8, 45, 2, 13, 52, 0]

Caso de teste: SLAPRP_Guo_small_O100_alpha0.2_v4.txt

Distancia Total: 1442.0
Quantidade de Pickers: 7
