Rota do Picker 1: [0, 60, 46, 26, 59, 19, 45, 28, 8, 21, 67, 47, 31, 37, 30, 10, 22, 57, 18, 7, 80, 40, 27, 9, 0]
Rota do Picker 2: [0, 30, 50, 18, 31, 47, 87, 27, 8, 28, 10, 67, 60, 70, 19, 45, 9, 7, 46, 26, 1, 0]
Rota do Picker 3: [0, 26, 46, 45, 65, 27, 87, 1, 8, 9, 10, 37, 2, 3, 67, 70, 31, 28, 30, 18, 7, 47, 50, 80, 21, 0]
Rota do Picker 4: [0, 7, 27, 67, 45, 47, 60, 21, 87, 26, 40, 19, 80, 9, 2, 10, 57, 18, 46, 30, 28, 8, 1, 0]
Rota do Picker 5: [0, 45, 65, 7, 9, 10, 87, 27, 8, 46, 26, 30, 50, 47, 67, 70, 0]
Rota do Picker 6: [0, 26, 67, 47, 30, 2, 21, 28, 1, 87, 45, 9, 22, 50, 27, 46, 10, 8, 7, 41, 0]
Rota do Picker 7: [0, 26, 46, 8, 10, 18, 19, 40, 0]
Rota do Picker 8: [0, 97, 37, 9, 80, 31, 7, 46, 59, 20, 18, 12, 13, 28, 70, 51, 57, 19, 94, 74, 2, 0]

Caso de teste: SLAPRP_Guo_small_O100_alpha0.3_v8.txt

Distancia Total: 1454.0
Quantidade de Pickers: 8
