Rota do Picker 1: [0, 6, 37, 13, 21, 3, 5, 19, 76, 64, 38, 4, 14, 82, 23, 43, 15, 54, 74, 1, 32, 35, 44, 93, 56, 81, 61, 41, 0]
Rota do Picker 2: [0, 1, 3, 35, 55, 16, 94, 56, 19, 17, 12, 15, 76, 73, 13, 33, 75, 93, 54, 74, 37, 21, 14, 34, 32, 41, 61, 18, 0]
Rota do Picker 3: [0, 63, 32, 3, 1, 18, 15, 82, 42, 24, 4, 41, 21, 23, 0]
Rota do Picker 4: [0, 83, 12, 3, 81, 61, 41, 82, 42, 22, 21, 1, 91, 71, 64, 24, 15, 44, 5, 62, 4, 25, 32, 93, 63, 45, 76, 6, 0]
Rota do Picker 5: [0, 21, 41, 4, 42, 53, 73, 75, 44, 0]
Rota do Picker 6: [0, 24, 25, 35, 42, 82, 5, 17, 43, 15, 83, 12, 63, 56, 81, 61, 64, 92, 4, 62, 6, 55, 14, 91, 71, 32, 23, 3, 41, 21, 1, 16, 0]
Rota do Picker 7: [0, 1, 21, 41, 42, 62, 3, 32, 19, 45, 15, 14, 38, 64, 33, 13, 43, 51, 31, 71, 91, 94, 34, 35, 6, 93, 61, 23, 54, 74, 4, 76, 57, 81, 73, 53, 5, 55, 0]
Rota do Picker 8: [0, 21, 41, 14, 54, 74, 57, 75, 91, 71, 18, 56, 36, 62, 42, 22, 23, 15, 34, 32, 76, 37, 35, 81, 61, 1, 13, 33, 93, 55, 3, 16, 0]
Rota do Picker 9: [0, 1, 71, 91, 75, 17, 54, 13, 33, 94, 38, 53, 76, 36, 61, 14, 19, 32, 21, 18, 37, 57, 12, 34, 44, 74, 16, 35, 15, 0]
Rota do Picker 10: [0, 33, 13, 23, 3, 36, 25, 12, 41, 61, 34, 6, 71, 44, 75, 35, 16, 42, 22, 14, 32, 1, 74, 54, 15, 4, 21, 19, 24, 0]
Rota do Picker 11: [0, 1, 21, 41, 61, 32, 15, 35, 17, 82, 37, 34, 94, 13, 33, 16, 56, 44, 54, 14, 12, 71, 91, 19, 38, 53, 73, 36, 75, 6, 3, 25, 0]
Rota do Picker 12: [0, 1, 41, 3, 5, 32, 15, 18, 72, 22, 64, 44, 36, 24, 74, 95, 38, 62, 45, 75, 93, 33, 13, 35, 21, 4, 17, 14, 34, 54, 6, 61, 0]
Rota do Picker 13: [0, 95, 35, 3, 42, 22, 14, 81, 61, 41, 75, 15, 63, 23, 6, 74, 54, 32, 1, 94, 57, 91, 71, 43, 25, 5, 21, 4, 24, 38, 12, 64, 44, 33, 13, 16, 0]
Rota do Picker 14: [0, 95, 24, 61, 21, 75, 35, 15, 6, 5, 4, 1, 3, 25, 82, 62, 55, 63, 33, 13, 22, 38, 44, 91, 64, 23, 71, 43, 41, 32, 37, 42, 73, 93, 0]

Caso de teste: SLAPRP_Guo_small_O200_alpha0.3_v10.txt

Distancia Total: 3036.0
Quantidade de Pickers: 14
