Rota do Picker 1: [0, 1, 21, 41, 61, 23, 43, 27, 25, 5, 6, 46, 64, 45, 82, 7, 81, 65, 44, 83, 63, 24, 4, 0]
Rota do Picker 2: [0, 46, 23, 64, 83, 45, 44, 26, 1, 21, 41, 61, 81, 5, 7, 43, 25, 65, 4, 24, 0]
Rota do Picker 3: [0, 1, 81, 5, 43, 63, 83, 64, 41, 45, 23, 8, 25, 24, 61, 26, 7, 6, 21, 46, 82, 27, 44, 4, 0]
Rota do Picker 4: [0, 21, 23, 43, 46, 37, 75, 7, 81, 41, 18, 5, 61, 1, 93, 0]
Rota do Picker 5: [0, 83, 1, 41, 61, 81, 23, 43, 63, 45, 93, 21, 27, 64, 5, 4, 24, 0]
Rota do Picker 6: [0, 54, 72, 32, 21, 17, 15, 12, 61, 41, 1, 43, 83, 18, 0]
Rota do Picker 7: [0, 63, 23, 1, 43, 5, 81, 61, 41, 21, 22, 44, 83, 75, 93, 26, 7, 4, 0]
Rota do Picker 8: [0, 82, 42, 43, 63, 44, 81, 26, 1, 41, 61, 6, 93, 18, 5, 23, 21, 37, 0]
Rota do Picker 9: [0, 4, 1, 21, 41, 61, 5, 45, 7, 23, 43, 44, 25, 82, 27, 81, 64, 46, 6, 24, 8, 63, 83, 0]
Rota do Picker 10: [0, 41, 61, 81, 13, 0]
Rota do Picker 11: [0, 5, 24, 4, 65, 63, 21, 25, 81, 6, 45, 44, 43, 23, 61, 41, 1, 82, 26, 0]
Rota do Picker 12: [0, 18, 25, 26, 46, 5, 82, 37, 64, 7, 43, 24, 4, 23, 61, 41, 21, 1, 75, 0]
Rota do Picker 13: [0, 21, 64, 81, 43, 26, 44, 5, 41, 1, 82, 7, 25, 61, 23, 63, 45, 4, 24, 83, 0]
Rota do Picker 14: [0, 44, 7, 26, 83, 45, 24, 46, 4, 25, 64, 1, 61, 81, 5, 6, 21, 41, 23, 43, 63, 8, 0]

Caso de teste: SLAPRP_Guo_small_O200_alpha0.3_v9.txt

Distancia Total: 1678.0
Quantidade de Pickers: 14
