SKUs: 40
Pedidos: 201

Primeiro pedido:
Order(1, [1, 7, 8, 12, 32, 35, 37])

Ultimo pedido:
Order(201, [2, 4, 17, 18, 19])

Location(1, 1, -1, 20)
Location(2, 1, -2, 20)
Location(3, 1, -3, 20)
Location(4, 1, -4, 20)
Location(5, 1, -5, 20)
Location(6, 1, -6, 20)
Location(7, 1, -7, 20)
Location(8, 1, -8, 20)
Location(9, 1, -9, 20)
Location(10, 1, -10, 40)
Location(11, 1, 1, 20)
Location(12, 1, 2, 20)
Location(13, 1, 3, 20)
Location(14, 1, 4, 20)
Location(15, 1, 5, 20)
Location(16, 1, 6, 20)
Location(17, 1, 7, 20)
Location(18, 1, 8, 20)
Location(19, 1, 9, 20)
Location(20, 1, 10, 40)
Location(21, 2, -1, 20)
Location(22, 2, -2, 20)
Location(23, 2, -3, 20)
Location(24, 2, -4, 20)
Location(25, 2, -5, 20)
Location(26, 2, -6, 20)
Location(27, 2, -7, 20)
Location(28, 2, -8, 20)
Location(29, 2, -9, 20)
Location(30, 2, -10, 40)
Location(31, 2, 1, 20)
Location(32, 2, 2, 20)
Location(33, 2, 3, 20)
Location(34, 2, 4, 20)
Location(35, 2, 5, 20)
Location(36, 2, 6, 20)
Location(37, 2, 7, 20)
Location(38, 2, 8, 20)
Location(39, 2, 9, 20)
Location(40, 2, 10, 40)
Location(41, 3, -1, 20)
Location(42, 3, -2, 20)
Location(43, 3, -3, 20)
Location(44, 3, -4, 20)
Location(45, 3, -5, 20)
Location(46, 3, -6, 20)
Location(47, 3, -7, 20)
Location(48, 3, -8, 20)
Location(49, 3, -9, 20)
Location(50, 3, -10, 40)
Location(51, 3, 1, 20)
Location(52, 3, 2, 20)
Location(53, 3, 3, 20)
Location(54, 3, 4, 20)
Location(55, 3, 5, 20)
Location(56, 3, 6, 20)
Location(57, 3, 7, 20)
Location(58, 3, 8, 20)
Location(59, 3, 9, 20)
Location(60, 3, 10, 40)
Location(61, 4, -1, 20)
Location(62, 4, -2, 20)
Location(63, 4, -3, 20)
Location(64, 4, -4, 20)
Location(65, 4, -5, 20)
Location(66, 4, -6, 20)
Location(67, 4, -7, 20)
Location(68, 4, -8, 20)
Location(69, 4, -9, 20)
Location(70, 4, -10, 40)
Location(71, 4, 1, 20)
Location(72, 4, 2, 20)
Location(73, 4, 3, 20)
Location(74, 4, 4, 20)
Location(75, 4, 5, 20)
Location(76, 4, 6, 20)
Location(77, 4, 7, 20)
Location(78, 4, 8, 20)
Location(79, 4, 9, 20)
Location(80, 4, 10, 40)
Location(81, 5, -1, 20)
Location(82, 5, -2, 20)
Location(83, 5, -3, 20)
Location(84, 5, -4, 20)
Location(85, 5, -5, 20)
Location(86, 5, -6, 20)
Location(87, 5, -7, 20)
Location(88, 5, -8, 20)
Location(89, 5, -9, 20)
Location(90, 5, -10, 40)
Location(91, 5, 1, 20)
Location(92, 5, 2, 20)
Location(93, 5, 3, 20)
Location(94, 5, 4, 20)
Location(95, 5, 5, 20)
Location(96, 5, 6, 20)
Location(97, 5, 7, 20)
Location(98, 5, 8, 20)
Location(99, 5, 9, 20)
Location(100, 5, 10, 40)

Frequencias: [83, 75, 84, 118, 95, 96, 117, 94, 10, 6, 14, 8, 10, 8, 11, 13, 10, 9, 10, 12, 10, 11, 10, 9, 6, 15, 9, 6, 10, 5, 12, 12, 7, 11, 8, 4, 8, 16, 8, 0]

Matriz de coocorrencia: 
40×40 Matrix{Int64}:
  0  42  46  52  49  51  52  45  5  5  9  5  3  1  4   5  4  4  4  7  2  4  6  4  4  7  4  5  4  1   5  3  3  5  3  0  5   5  6  0
 42   0  41  46  41  44  50  37  8  2  4  1  2  2  4   5  4  5  6  3  4  6  5  2  1  6  1  1  3  1   7  2  4  5  2  0  1   8  1  0
 46  41   0  57  47  42  46  42  7  2  5  1  5  6  4   6  2  3  3  5  3  6  6  3  3  8  3  1  2  1   5  5  4  5  4  1  4  11  2  0
 52  46  57   0  60  57  49  57  7  2  7  4  5  4  6   6  4  3  6  6  3  6  8  3  0  4  7  5  4  1   7  6  4  5  3  1  4   6  5  0
 49  41  47  60   0  53  62  49  4  3  7  2  6  4  4  10  4  6  6  5  3  4  5  5  1  5  6  3  6  3   6  3  4  4  5  1  3   7  5  0
 51  44  42  57  53   0  61  43  5  3  5  2  4  2  4   8  3  4  5  4  4  5  3  3  5  7  5  5  6  2   6  4  6  6  4  1  4   7  2  0
 52  50  46  49  62  61   0  55  3  3  9  4  5  2  5   6  7  7  5  8  6  6  6  6  5  9  5  4  7  4   8  6  4  9  7  1  4   6  3  0
 45  37  42  57  49  43  55   0  7  3  7  4  4  3  5   5  4  4  4  4  6  7  7  6  2  3  4  1  5  1  10  6  3  6  5  1  4   7  5  0
  5   8   7   7   4   5   3   7  0  0  0  2  0  0  0   1  0  0  2  0  1  0  0  1  0  1  0  0  1  0   2  0  1  1  0  0  0   1  0  0
  5   2   2   2   3   3   3   3  0  0  1  1  0  0  1   0  0  0  0  0  0  1  0  0  1  0  1  0  1  0   1  0  0  0  1  0  0   0  0  0
  9   4   5   7   7   5   9   7  0  1  0  0  0  0  1   1  1  1  0  2  1  1  2  0  2  1  1  0  0  0   0  1  0  4  0  0  0   0  0  0
  5   1   1   4   2   2   4   4  2  1  0  0  0  0  1   0  1  0  0  0  2  0  1  0  0  1  0  0  1  0   0  1  0  0  1  0  2   0  0  0
  3   2   5   5   6   4   5   4  0  0  0  0  0  1  0   0  1  1  0  0  1  0  0  0  0  3  0  0  1  0   1  0  0  2  1  1  0   1  1  0
  1   2   6   4   4   2   2   3  0  0  0  0  1  0  0   3  1  0  0  0  0  0  0  1  0  1  0  0  0  0   1  1  1  2  1  0  0   0  0  0
  4   4   4   6   4   4   5   5  0  1  1  1  0  0  0   0  0  0  0  0  1  1  1  0  1  1  0  0  1  0   1  2  0  0  0  0  0   0  0  0
  5   5   6   6  10   8   6   5  1  0  1  0  0  3  0   0  0  1  1  0  0  0  1  1  0  0  1  1  0  0   2  1  1  0  1  0  0   2  0  0
  4   4   2   4   4   3   7   4  0  0  1  1  1  1  0   0  0  2  1  2  0  0  0  0  1  1  0  0  0  0   0  0  0  0  1  0  2   0  1  0
  4   5   3   3   6   4   7   4  0  0  1  0  1  0  0   1  2  0  1  1  0  1  0  1  0  1  0  0  0  1   0  0  0  1  1  0  0   0  0  0
  4   6   3   6   6   5   5   4  2  0  0  0  0  0  0   1  1  1  0  1  0  0  0  0  0  0  0  0  0  1   2  0  0  1  2  0  0   1  1  0
  7   3   5   6   5   4   8   4  0  0  2  0  0  0  0   0  2  1  1  0  0  0  0  1  2  1  2  0  0  0   0  0  0  1  1  0  1   1  0  0
  2   4   3   3   3   4   6   6  1  0  1  2  1  0  1   0  0  0  0  0  0  0  1  1  0  1  0  0  2  1   0  0  1  0  0  1  0   2  0  0
  4   6   6   6   4   5   6   7  0  1  1  0  0  0  1   0  0  1  0  0  0  0  0  0  1  1  0  0  1  0   0  2  0  0  1  1  1   0  0  0
  6   5   6   8   5   3   6   7  0  0  2  1  0  0  1   1  0  0  0  0  1  0  0  0  0  0  1  0  1  0   2  1  0  0  0  0  0   1  1  0
  4   2   3   3   5   3   6   6  1  0  0  0  0  1  0   1  0  1  0  1  1  0  0  0  1  1  0  0  0  0   0  0  2  0  1  0  0   0  1  0
  4   1   3   0   1   5   5   2  0  1  2  0  0  0  1   0  1  0  0  2  0  1  0  1  0  0  0  0  0  0   0  1  0  0  0  0  0   0  0  0
  7   6   8   4   5   7   9   3  1  0  1  1  3  1  1   0  1  1  0  1  1  1  0  1  0  0  0  2  2  1   1  1  1  4  0  1  3   2  2  0
  4   1   3   7   6   5   5   4  0  1  1  0  0  0  0   1  0  0  0  2  0  0  1  0  0  0  0  0  0  1   0  0  1  0  1  0  0   0  0  0
  5   1   1   5   3   5   4   1  0  0  0  0  0  0  0   1  0  0  0  0  0  0  0  0  0  2  0  0  0  0   0  0  0  1  0  0  0   0  0  0
  4   3   2   4   6   6   7   5  1  1  0  1  1  0  1   0  0  0  0  0  2  1  1  0  0  2  0  0  0  0   0  1  0  0  0  1  0   0  1  0
  1   1   1   1   3   2   4   1  0  0  0  0  0  0  0   0  0  1  1  0  1  0  0  0  0  1  1  0  0  0   1  0  0  1  0  0  0   1  1  0
  5   7   5   7   6   6   8  10  2  1  0  0  1  1  1   2  0  0  2  0  0  0  2  0  0  1  0  0  0  1   0  0  0  1  0  0  0   0  1  0
  3   2   5   6   3   4   6   6  0  0  1  1  0  1  2   1  0  0  0  0  0  2  1  0  1  1  0  0  1  0   0  0  1  0  1  1  1   0  1  0
  3   4   4   4   4   6   4   3  1  0  0  0  0  1  0   1  0  0  0  0  1  0  0  2  0  1  1  0  0  0   0  1  0  0  0  0  0   0  0  0
  5   5   5   5   4   6   9   6  1  0  4  0  2  2  0   0  0  1  1  1  0  0  0  0  0  4  0  1  0  1   1  0  0  0  0  0  0   0  1  0
  3   2   4   3   5   4   7   5  0  1  0  1  1  1  0   1  1  1  2  1  0  1  0  1  0  0  1  0  0  0   0  1  0  0  0  0  1   0  0  0
  0   0   1   1   1   1   1   1  0  0  0  0  1  0  0   0  0  0  0  0  1  1  0  0  0  1  0  0  1  0   0  1  0  0  0  0  0   0  0  0
  5   1   4   4   3   4   4   4  0  0  0  2  0  0  0   0  2  0  0  1  0  1  0  0  0  3  0  0  0  0   0  1  0  0  1  0  0   1  2  0
  5   8  11   6   7   7   6   7  1  0  0  0  1  0  0   2  0  0  1  1  2  0  1  0  0  2  0  0  0  1   0  0  0  0  0  0  1   0  0  0
  6   1   2   5   5   2   3   5  0  0  0  0  1  0  0   0  1  0  1  0  0  0  1  1  0  2  0  0  1  1   1  1  0  1  0  0  2   0  0  0
  0   0   0   0   0   0   0   0  0  0  0  0  0  0  0   0  0  0  0  0  0  0  0  0  0  0  0  0  0  0   0  0  0  0  0  0  0   0  0  0
SKU(83, 185.0, 0.07)
SKU(75, 152.0, 0.08)
SKU(84, 116.0, 0.21)
SKU(118, 193.0, 0.1)
SKU(95, 151.0, 0.13)
SKU(96, 183.0, 0.08)
SKU(117, 225.0, 0.07)
SKU(94, 159.0, 0.11)
SKU(10, 38.0, 0.09)
SKU(6, 20.0, 0.21)
SKU(14, 52.0, 0.11)
SKU(8, 34.0, 0.12)
SKU(10, 32.0, 0.19)
SKU(8, 50.0, 0.07)
SKU(11, 68.0, 0.05)
SKU(13, 59.0, 0.09)
SKU(10, 43.0, 0.08)
SKU(9, 31.0, 0.12)
SKU(10, 22.0, 0.26)
SKU(12, 35.0, 0.17)
SKU(10, 58.0, 0.07)
SKU(11, 31.0, 0.16)
SKU(10, 50.0, 0.1)
SKU(9, 65.0, 0.05)
SKU(6, 30.0, 0.11)
SKU(15, 52.0, 0.09)
SKU(9, 36.0, 0.13)
SKU(6, 25.0, 0.16)
SKU(10, 60.0, 0.06)
SKU(5, 52.0, 0.04)
SKU(12, 32.0, 0.15)
SKU(12, 66.0, 0.06)
SKU(7, 50.0, 0.07)
SKU(11, 75.0, 0.05)
SKU(8, 31.0, 0.12)
SKU(4, 14.0, 0.16)
SKU(8, 66.0, 0.04)
SKU(16, 45.0, 0.14)
SKU(8, 32.0, 0.08)
SKU(0, 9.0, 0.12)

extremidades das matrizes:
S_hat: (-0.1421162695277017, 0.8010638681312184)
S_hat * P: (-0.1230133428116243, 0.6531365033905596)
W * S_hat: (-0.06423659002631314, 1.2759750682333661)
W * S_hat * P: (0.0, 1.0410525666150254)
correlacao{S_hat, S_hat_hat} = 0.9611221047843952

Posicao 1 (Corredor 1, Prateleira -1)
   SKU 1 -> 55
   SKU 6 -> 5
   SKU 7 -> 225

Posicao 2 (Corredor 1, Prateleira -2)
   SKU 2 -> 12
   SKU 8 -> 159
   SKU 15 -> 31

Posicao 3 (Corredor 1, Prateleira -3)
   SKU 11 -> 52
   SKU 32 -> 66
   SKU 38 -> 45

Posicao 4 (Corredor 1, Prateleira -4)
   SKU 36 -> 14

Posicao 11 (Corredor 1, Prateleira 1)
   SKU 1 -> 128
   SKU 6 -> 138

Posicao 12 (Corredor 1, Prateleira 2)
   SKU 5 -> 104
   SKU 34 -> 75
   SKU 37 -> 66

Posicao 13 (Corredor 1, Prateleira 3)
   SKU 14 -> 50
   SKU 20 -> 35
   SKU 33 -> 50

Posicao 21 (Corredor 2, Prateleira -1)
   SKU 2 -> 140
   SKU 4 -> 56
   SKU 6 -> 40

Posicao 22 (Corredor 2, Prateleira -2)
   SKU 3 -> 55
   SKU 26 -> 52
   SKU 29 -> 60

Posicao 23 (Corredor 2, Prateleira -3)
   SKU 13 -> 32
   SKU 22 -> 31
   SKU 27 -> 36

Posicao 31 (Corredor 2, Prateleira 1)
   SKU 1 -> 2
   SKU 4 -> 137
   SKU 5 -> 47

Posicao 32 (Corredor 2, Prateleira 2)
   SKU 3 -> 61
   SKU 15 -> 37
   SKU 16 -> 59

Posicao 33 (Corredor 2, Prateleira 3)
   SKU 10 -> 20
   SKU 25 -> 30
   SKU 28 -> 25

Posicao 41 (Corredor 3, Prateleira -1)
   SKU 21 -> 58
   SKU 23 -> 50
   SKU 24 -> 65

Posicao 42 (Corredor 3, Prateleira -2)
   SKU 18 -> 31
   SKU 35 -> 31
   SKU 39 -> 32

Posicao 51 (Corredor 3, Prateleira 1)
   SKU 9 -> 38
   SKU 17 -> 43
   SKU 31 -> 32

Posicao 52 (Corredor 3, Prateleira 2)
   SKU 12 -> 34
   SKU 19 -> 22
   SKU 30 -> 52

Posicao 100 (Corredor 5, Prateleira 10)
   SKU 40 -> 9

