Rota do Picker 1: [0, 13, 32, 50, 30, 10, 7, 8, 9, 46, 18, 40, 3, 2, 45, 27, 87, 26, 76, 20, 21, 28, 0]
Rota do Picker 2: [0, 2, 45, 46, 9, 30, 89, 69, 50, 22, 21, 1, 26, 10, 68, 8, 28, 4, 20, 60, 18, 36, 0]
Rota do Picker 3: [0, 8, 28, 10, 50, 30, 68, 9, 4, 7, 27, 26, 46, 45, 52, 76, 37, 59, 20, 18, 55, 36, 11, 31, 0]
Rota do Picker 4: [0, 45, 8, 28, 9, 69, 76, 18, 60, 13, 30, 89, 7, 3, 32, 52, 1, 41, 4, 97, 20, 87, 27, 26, 2, 22, 0]
Rota do Picker 5: [0, 1, 41, 2, 45, 46, 9, 30, 18, 36, 37, 97, 60, 27, 7, 8, 69, 89, 10, 11, 0]
Rota do Picker 6: [0, 26, 46, 8, 28, 9, 30, 10, 27, 7, 21, 3, 45, 87, 69, 89, 50, 20, 37, 36, 55, 18, 1, 0]
Rota do Picker 7: [0, 26, 46, 8, 28, 10, 13, 11, 2, 3, 4, 19, 37, 21, 41, 36, 76, 98, 59, 20, 55, 60, 18, 30, 9, 27, 45, 1, 0]
Rota do Picker 8: [0, 2, 45, 7, 9, 69, 50, 20, 18, 60, 36, 76, 68, 28, 8, 10, 30, 27, 4, 22, 19, 13, 46, 26, 1, 0]
Rota do Picker 9: [0, 36, 18, 20, 52, 22, 45, 8, 46, 26, 3, 2, 27, 10, 9, 7, 28, 68, 32, 21, 41, 0]
Rota do Picker 10: [0, 41, 30, 68, 9, 10, 50, 3, 27, 8, 21, 1, 20, 18, 32, 7, 46, 4, 2, 22, 11, 97, 19, 69, 89, 60, 98, 36, 13, 0]
Rota do Picker 11: [0, 21, 20, 76, 18, 36, 7, 45, 1, 41, 11, 2, 3, 8, 87, 27, 9, 89, 50, 10, 30, 46, 26, 0]
Rota do Picker 12: [0, 21, 7, 27, 22, 76, 52, 74, 36, 19, 51, 11, 3, 46, 45, 28, 10, 89, 1, 26, 18, 59, 20, 40, 55, 13, 30, 9, 8, 2, 0]

Caso de teste: SLAPRP_Guo_small_O200_alpha0.2_v10.txt

Distancia Total: 2002.0
Quantidade de Pickers: 12
