Rota do Picker 1: [0, 82, 81, 64, 83, 63, 61, 23, 46, 62, 43, 5, 41, 21, 1, 26, 3, 25, 44, 22, 42, 27, 0]
Rota do Picker 2: [0, 93, 5, 82, 25, 81, 83, 63, 6, 65, 75, 43, 23, 62, 42, 22, 61, 41, 21, 1, 92, 0]
Rota do Picker 3: [0, 92, 64, 82, 81, 83, 41, 7, 45, 6, 26, 75, 62, 44, 8, 1, 21, 61, 5, 43, 63, 22, 42, 74, 0]
Rota do Picker 4: [0, 25, 82, 44, 43, 56, 7, 83, 81, 21, 22, 42, 62, 61, 5, 63, 23, 41, 1, 6, 92, 0]
Rota do Picker 5: [0, 1, 21, 41, 5, 43, 23, 24, 4, 61, 81, 22, 42, 6, 65, 44, 83, 63, 64, 62, 45, 0]
Rota do Picker 6: [0, 45, 63, 42, 1, 21, 41, 61, 23, 8, 56, 22, 75, 25, 81, 0]
Rota do Picker 7: [0, 56, 7, 46, 62, 41, 5, 27, 43, 83, 21, 45, 44, 82, 64, 6, 23, 61, 1, 63, 25, 8, 22, 42, 26, 0]
Rota do Picker 8: [0, 63, 42, 22, 44, 27, 26, 23, 61, 43, 7, 6, 5, 41, 21, 1, 82, 45, 83, 8, 62, 25, 0]
Rota do Picker 9: [0, 1, 41, 23, 43, 5, 62, 63, 22, 82, 45, 26, 81, 42, 21, 61, 83, 44, 6, 75, 27, 64, 0]
Rota do Picker 10: [0, 26, 63, 42, 46, 83, 65, 45, 23, 43, 25, 44, 81, 1, 21, 41, 61, 6, 8, 27, 22, 62, 5, 7, 55, 0]
Rota do Picker 11: [0, 65, 6, 83, 23, 43, 8, 5, 41, 21, 1, 22, 25, 7, 62, 27, 44, 81, 42, 46, 64, 45, 26, 63, 61, 82, 0]
Rota do Picker 12: [0, 81, 43, 25, 44, 46, 1, 61, 5, 6, 27, 83, 63, 23, 64, 8, 21, 7, 62, 45, 22, 65, 26, 41, 0]
Rota do Picker 13: [0, 1, 21, 61, 31, 16, 41, 81, 32, 54, 74, 0]

Caso de teste: SLAPRP_Guo_small_O200_alpha0.2_v2.txt

Distancia Total: 1986.0
Quantidade de Pickers: 13
