Rota do Picker 1: [0, 7, 27, 26, 46, 45, 10, 30, 49, 48, 8, 76, 32, 22, 47, 87, 83, 1, 0]
Rota do Picker 2: [0, 1, 21, 22, 7, 27, 46, 83, 8, 10, 48, 45, 26, 2, 0]
Rota do Picker 3: [0, 45, 30, 26, 46, 8, 68, 27, 87, 7, 3, 23, 83, 22, 36, 76, 61, 21, 1, 64, 10, 49, 20, 0]
Rota do Picker 4: [0, 45, 26, 46, 10, 8, 1, 41, 21, 47, 27, 7, 36, 97, 37, 17, 77, 98, 94, 13, 93, 76, 75, 12, 0]
Rota do Picker 5: [0, 1, 41, 30, 68, 4, 2, 42, 22, 45, 69, 10, 8, 49, 46, 26, 87, 27, 7, 83, 3, 0]
Rota do Picker 6: [0, 1, 41, 7, 46, 45, 64, 20, 8, 27, 47, 10, 61, 48, 87, 2, 83, 26, 68, 21, 22, 13, 18, 37, 93, 12, 36, 0]

Caso de teste: SLAPRP_Guo_small_O100_alpha0.2_v6.txt

Distancia Total: 852.0
Quantidade de Pickers: 6
