SKUs: 40
Pedidos: 104

Primeiro pedido:
Order(1, [2, 4, 6, 7, 20, 22, 27, 28])

Ultimo pedido:
Order(104, [1, 5, 19])

Location(1, 1, -1, 20)
Location(2, 1, -2, 20)
Location(3, 1, -3, 20)
Location(4, 1, -4, 20)
Location(5, 1, -5, 20)
Location(6, 1, -6, 20)
Location(7, 1, -7, 20)
Location(8, 1, -8, 20)
Location(9, 1, -9, 20)
Location(10, 1, -10, 40)
Location(11, 1, 1, 20)
Location(12, 1, 2, 20)
Location(13, 1, 3, 20)
Location(14, 1, 4, 20)
Location(15, 1, 5, 20)
Location(16, 1, 6, 20)
Location(17, 1, 7, 20)
Location(18, 1, 8, 20)
Location(19, 1, 9, 20)
Location(20, 1, 10, 40)
Location(21, 2, -1, 20)
Location(22, 2, -2, 20)
Location(23, 2, -3, 20)
Location(24, 2, -4, 20)
Location(25, 2, -5, 20)
Location(26, 2, -6, 20)
Location(27, 2, -7, 20)
Location(28, 2, -8, 20)
Location(29, 2, -9, 20)
Location(30, 2, -10, 40)
Location(31, 2, 1, 20)
Location(32, 2, 2, 20)
Location(33, 2, 3, 20)
Location(34, 2, 4, 20)
Location(35, 2, 5, 20)
Location(36, 2, 6, 20)
Location(37, 2, 7, 20)
Location(38, 2, 8, 20)
Location(39, 2, 9, 20)
Location(40, 2, 10, 40)
Location(41, 3, -1, 20)
Location(42, 3, -2, 20)
Location(43, 3, -3, 20)
Location(44, 3, -4, 20)
Location(45, 3, -5, 20)
Location(46, 3, -6, 20)
Location(47, 3, -7, 20)
Location(48, 3, -8, 20)
Location(49, 3, -9, 20)
Location(50, 3, -10, 40)
Location(51, 3, 1, 20)
Location(52, 3, 2, 20)
Location(53, 3, 3, 20)
Location(54, 3, 4, 20)
Location(55, 3, 5, 20)
Location(56, 3, 6, 20)
Location(57, 3, 7, 20)
Location(58, 3, 8, 20)
Location(59, 3, 9, 20)
Location(60, 3, 10, 40)
Location(61, 4, -1, 20)
Location(62, 4, -2, 20)
Location(63, 4, -3, 20)
Location(64, 4, -4, 20)
Location(65, 4, -5, 20)
Location(66, 4, -6, 20)
Location(67, 4, -7, 20)
Location(68, 4, -8, 20)
Location(69, 4, -9, 20)
Location(70, 4, -10, 40)
Location(71, 4, 1, 20)
Location(72, 4, 2, 20)
Location(73, 4, 3, 20)
Location(74, 4, 4, 20)
Location(75, 4, 5, 20)
Location(76, 4, 6, 20)
Location(77, 4, 7, 20)
Location(78, 4, 8, 20)
Location(79, 4, 9, 20)
Location(80, 4, 10, 40)
Location(81, 5, -1, 20)
Location(82, 5, -2, 20)
Location(83, 5, -3, 20)
Location(84, 5, -4, 20)
Location(85, 5, -5, 20)
Location(86, 5, -6, 20)
Location(87, 5, -7, 20)
Location(88, 5, -8, 20)
Location(89, 5, -9, 20)
Location(90, 5, -10, 40)
Location(91, 5, 1, 20)
Location(92, 5, 2, 20)
Location(93, 5, 3, 20)
Location(94, 5, 4, 20)
Location(95, 5, 5, 20)
Location(96, 5, 6, 20)
Location(97, 5, 7, 20)
Location(98, 5, 8, 20)
Location(99, 5, 9, 20)
Location(100, 5, 10, 40)

Frequencias: [49, 56, 45, 52, 41, 52, 47, 59, 6, 2, 5, 1, 9, 5, 6, 4, 5, 5, 4, 9, 6, 4, 2, 7, 4, 6, 7, 8, 7, 3, 0, 5, 5, 6, 2, 5, 9, 10, 0, 0]

Matriz de coocorrencia: 
40×40 Matrix{Int64}:
  0  30  27  32  24  29  28  30  6  1  3  0  5  2  3  4  1  1  2  3  1  1  2  3  1  3  2  5  2  3  0  2  3  2  0  2  3  6  0  0
 30   0  27  32  27  29  26  29  3  0  3  0  7  5  3  1  1  3  0  5  5  2  0  3  2  2  2  8  2  1  0  3  3  2  1  4  3  6  0  0
 27  27   0  22  21  25  24  29  1  1  3  0  3  3  4  3  2  3  0  3  3  1  1  3  1  2  2  2  3  2  0  2  0  1  1  2  4  4  0  0
 32  32  22   0  22  31  30  32  4  0  4  0  5  4  2  2  3  4  2  4  1  3  2  4  1  2  4  7  3  3  0  3  4  2  2  2  6  5  0  0
 24  27  21  22   0  20  22  25  2  0  2  0  3  0  3  0  2  5  2  5  3  0  0  2  0  2  1  4  2  1  0  4  2  0  0  3  2  7  0  0
 29  29  25  31  20   0  27  32  2  2  4  0  4  3  4  2  2  1  3  6  2  3  1  2  1  4  4  5  3  2  0  2  2  3  0  3  7  5  0  0
 28  26  24  30  22  27   0  32  2  1  3  0  1  2  5  2  3  2  1  5  2  3  2  2  0  2  5  4  1  2  0  1  3  0  1  2  2  6  0  0
 30  29  29  32  25  32  32   0  5  1  4  1  6  2  4  0  2  3  1  2  3  2  0  3  2  3  4  2  1  2  0  1  2  2  1  2  5  5  0  0
  6   3   1   4   2   2   2   5  0  0  0  0  2  0  1  0  0  0  0  1  0  0  0  2  0  0  0  1  0  0  0  0  1  1  0  0  1  0  0  0
  1   0   1   0   0   2   1   1  0  0  0  0  0  0  0  0  1  0  0  0  0  0  0  0  0  0  1  0  1  0  0  0  1  0  0  0  0  0  0  0
  3   3   3   4   2   4   3   4  0  0  0  0  0  1  0  0  0  1  0  0  0  1  0  0  0  1  1  1  0  0  0  0  0  0  0  0  0  1  0  0
  0   0   0   0   0   0   0   1  0  0  0  0  0  0  0  0  0  0  0  0  0  0  0  0  0  0  0  0  0  0  0  0  0  0  0  0  0  0  0  0
  5   7   3   5   3   4   1   6  2  0  0  0  0  0  0  1  0  0  0  0  0  0  0  1  0  0  0  1  1  0  0  1  0  1  0  0  1  0  0  0
  2   5   3   4   0   3   2   2  0  0  1  0  0  0  0  0  0  0  0  0  1  1  0  0  1  0  0  0  0  0  0  0  0  0  1  1  0  0  0  0
  3   3   4   2   3   4   5   4  1  0  0  0  0  0  0  0  0  0  0  1  0  1  0  0  0  1  1  0  0  0  0  0  0  0  0  1  0  0  0  0
  4   1   3   2   0   2   2   0  0  0  0  0  1  0  0  0  1  0  0  0  0  1  1  0  0  0  0  0  2  0  0  0  0  0  0  0  0  0  0  0
  1   1   2   3   2   2   3   2  0  1  0  0  0  0  0  1  0  0  0  0  0  0  0  0  0  0  0  1  3  0  0  0  1  0  0  0  0  1  0  0
  1   3   3   4   5   1   2   3  0  0  1  0  0  0  0  0  0  0  0  0  1  0  0  0  0  0  1  0  1  0  0  1  1  0  0  1  0  1  0  0
  2   0   0   2   2   3   1   1  0  0  0  0  0  0  0  0  0  0  0  1  1  0  0  1  0  0  0  0  1  0  0  1  0  0  0  0  2  0  0  0
  3   5   3   4   5   6   5   2  1  0  0  0  0  0  1  0  0  0  1  0  1  1  0  2  0  1  1  2  0  0  0  1  0  0  0  2  0  2  0  0
  1   5   3   1   3   2   2   3  0  0  0  0  0  1  0  0  0  1  1  1  0  0  0  1  0  0  0  0  1  0  0  0  0  0  0  1  1  0  0  0
  1   2   1   3   0   3   3   2  0  0  1  0  0  1  1  1  0  0  0  1  0  0  0  0  0  0  1  1  0  0  0  0  0  0  0  0  0  0  0  0
  2   0   1   2   0   1   2   0  0  0  0  0  0  0  0  1  0  0  0  0  0  0  0  0  0  0  0  0  0  1  0  0  1  0  0  0  0  0  0  0
  3   3   3   4   2   2   2   3  2  0  0  0  1  0  0  0  0  0  1  2  1  0  0  0  0  0  0  2  1  0  0  0  0  0  0  0  2  0  0  0
  1   2   1   1   0   1   0   2  0  0  0  0  0  1  0  0  0  0  0  0  0  0  0  0  0  0  1  0  0  0  0  0  0  1  0  1  1  0  0  0
  3   2   2   2   2   4   2   3  0  0  1  0  0  0  1  0  0  0  0  1  0  0  0  0  0  0  0  0  0  0  0  1  0  1  0  1  0  0  0  0
  2   2   2   4   1   4   5   4  0  1  1  0  0  0  1  0  0  1  0  1  0  1  0  0  1  0  0  1  0  0  0  0  0  1  0  0  0  0  0  0
  5   8   2   7   4   5   4   2  1  0  1  0  1  0  0  0  1  0  0  2  0  1  0  2  0  0  1  0  0  0  0  0  0  0  0  0  0  2  0  0
  2   2   3   3   2   3   1   1  0  1  0  0  1  0  0  2  3  1  1  0  1  0  0  1  0  0  0  0  0  0  0  1  1  0  0  0  1  1  0  0
  3   1   2   3   1   2   2   2  0  0  0  0  0  0  0  0  0  0  0  0  0  0  1  0  0  0  0  0  0  0  0  0  1  1  0  0  0  0  0  0
  0   0   0   0   0   0   0   0  0  0  0  0  0  0  0  0  0  0  0  0  0  0  0  0  0  0  0  0  0  0  0  0  0  0  0  0  0  0  0  0
  2   3   2   3   4   2   1   1  0  0  0  0  1  0  0  0  0  1  1  1  0  0  0  0  0  1  0  0  1  0  0  0  0  1  0  0  0  0  0  0
  3   3   0   4   2   2   3   2  1  1  0  0  0  0  0  0  1  1  0  0  0  0  1  0  0  0  0  0  1  1  0  0  0  0  0  0  1  0  0  0
  2   2   1   2   0   3   0   2  1  0  0  0  1  0  0  0  0  0  0  0  0  0  0  0  1  1  1  0  0  1  0  1  0  0  0  0  0  0  0  0
  0   1   1   2   0   0   1   1  0  0  0  0  0  1  0  0  0  0  0  0  0  0  0  0  0  0  0  0  0  0  0  0  0  0  0  0  0  0  0  0
  2   4   2   2   3   3   2   2  0  0  0  0  0  1  1  0  0  1  0  2  1  0  0  0  1  1  0  0  0  0  0  0  0  0  0  0  0  0  0  0
  3   3   4   6   2   7   2   5  1  0  0  0  1  0  0  0  0  0  2  0  1  0  0  2  1  0  0  0  1  0  0  0  1  0  0  0  0  1  0  0
  6   6   4   5   7   5   6   5  0  0  1  0  0  0  0  0  1  1  0  2  0  0  0  0  0  0  0  2  1  0  0  0  0  0  0  0  1  0  0  0
  0   0   0   0   0   0   0   0  0  0  0  0  0  0  0  0  0  0  0  0  0  0  0  0  0  0  0  0  0  0  0  0  0  0  0  0  0  0  0  0
  0   0   0   0   0   0   0   0  0  0  0  0  0  0  0  0  0  0  0  0  0  0  0  0  0  0  0  0  0  0  0  0  0  0  0  0  0  0  0  0
SKU(49, 202.0, 0.07)
SKU(56, 195.0, 0.08)
SKU(45, 98.0, 0.21)
SKU(52, 156.0, 0.1)
SKU(41, 116.0, 0.13)
SKU(52, 178.0, 0.08)
SKU(47, 189.0, 0.07)
SKU(59, 163.0, 0.11)
SKU(6, 54.0, 0.09)
SKU(2, 19.0, 0.21)
SKU(5, 40.0, 0.11)
SKU(1, 26.0, 0.12)
SKU(9, 38.0, 0.19)
SKU(5, 59.0, 0.07)
SKU(6, 83.0, 0.05)
SKU(4, 47.0, 0.09)
SKU(5, 45.0, 0.08)
SKU(5, 38.0, 0.12)
SKU(4, 23.0, 0.26)
SKU(9, 42.0, 0.17)
SKU(6, 68.0, 0.07)
SKU(4, 24.0, 0.16)
SKU(2, 34.0, 0.1)
SKU(7, 91.0, 0.05)
SKU(4, 44.0, 0.11)
SKU(6, 53.0, 0.09)
SKU(7, 46.0, 0.13)
SKU(8, 43.0, 0.16)
SKU(7, 77.0, 0.06)
SKU(3, 73.0, 0.04)
SKU(0, 10.0, 0.15)
SKU(5, 67.0, 0.06)
SKU(5, 61.0, 0.07)
SKU(6, 88.0, 0.05)
SKU(2, 22.0, 0.12)
SKU(5, 27.0, 0.16)
SKU(9, 107.0, 0.04)
SKU(10, 45.0, 0.14)
SKU(0, 17.0, 0.08)
SKU(0, 13.0, 0.12)

Posicao 1 (Corredor 1, Prateleira -1)
   SKU 2 -> 187
   SKU 7 -> 72

Posicao 2 (Corredor 1, Prateleira -2)
   SKU 6 -> 19
   SKU 8 -> 163
   SKU 15 -> 11

Posicao 3 (Corredor 1, Prateleira -3)
   SKU 11 -> 40
   SKU 13 -> 38
   SKU 17 -> 45

Posicao 4 (Corredor 1, Prateleira -4)
   SKU 10 -> 19

Posicao 11 (Corredor 1, Prateleira 1)
   SKU 1 -> 202
   SKU 2 -> 5
   SKU 7 -> 78

Posicao 12 (Corredor 1, Prateleira 2)
   SKU 6 -> 159
   SKU 7 -> 39
   SKU 24 -> 91

Posicao 13 (Corredor 1, Prateleira 3)
   SKU 9 -> 54
   SKU 26 -> 53
   SKU 30 -> 73

Posicao 14 (Corredor 1, Prateleira 4)
   SKU 36 -> 27

Posicao 20 (Corredor 1, Prateleira 10)
   SKU 3 -> 98
   SKU 31 -> 10

Posicao 21 (Corredor 2, Prateleira -1)
   SKU 4 -> 156
   SKU 15 -> 2
   SKU 37 -> 107

Posicao 22 (Corredor 2, Prateleira -2)
   SKU 15 -> 70
   SKU 27 -> 46
   SKU 38 -> 45

Posicao 31 (Corredor 2, Prateleira 1)
   SKU 2 -> 3
   SKU 5 -> 116
   SKU 34 -> 88

Posicao 32 (Corredor 2, Prateleira 2)
   SKU 14 -> 59
   SKU 16 -> 47
   SKU 33 -> 61

Posicao 33 (Corredor 2, Prateleira 3)
   SKU 23 -> 34

Posicao 41 (Corredor 3, Prateleira -1)
   SKU 20 -> 42
   SKU 28 -> 43
   SKU 32 -> 67

Posicao 51 (Corredor 3, Prateleira 1)
   SKU 18 -> 38
   SKU 21 -> 68
   SKU 29 -> 77

Posicao 52 (Corredor 3, Prateleira 2)
   SKU 35 -> 22

Posicao 61 (Corredor 4, Prateleira -1)
   SKU 19 -> 23
   SKU 22 -> 24
   SKU 25 -> 44

Posicao 71 (Corredor 4, Prateleira 1)
   SKU 12 -> 26

Posicao 84 (Corredor 5, Prateleira -4)
   SKU 39 -> 17

Posicao 86 (Corredor 5, Prateleira -6)
   SKU 40 -> 13

