Rota do Picker 1: [0, 1, 45, 8, 10, 46, 17, 60, 19, 41, 7, 20, 87, 50, 28, 9, 26, 21, 30, 27, 2, 22, 96, 0]
Rota do Picker 2: [0, 46, 50, 17, 80, 20, 19, 10, 9, 7, 96, 13, 97, 77, 93, 41, 76, 39, 12, 2, 21, 1, 11, 37, 47, 28, 57, 18, 94, 74, 32, 0]
Rota do Picker 3: [0, 26, 17, 96, 11, 77, 39, 40, 76, 7, 12, 93, 18, 37, 57, 32, 41, 74, 94, 19, 80, 60, 36, 13, 20, 97, 0]
Rota do Picker 4: [0, 96, 8, 9, 26, 46, 70, 1, 10, 21, 41, 22, 89, 60, 50, 28, 20, 17, 45, 30, 87, 27, 7, 0]
Rota do Picker 5: [0, 30, 45, 46, 87, 27, 26, 8, 50, 47, 7, 10, 89, 28, 9, 70, 21, 0]
Rota do Picker 6: [0, 80, 20, 9, 27, 17, 45, 26, 21, 1, 22, 10, 19, 0]
Rota do Picker 7: [0, 8, 7, 70, 45, 21, 1, 2, 28, 50, 89, 26, 22, 87, 27, 41, 17, 46, 10, 9, 30, 20, 0]

Caso de teste: SLAPRP_Guo_small_O100_alpha0.4_v4.txt

Distancia Total: 1404.0
Quantidade de Pickers: 7
