Rota do Picker 1: [0, 87, 45, 21, 11, 27, 7, 60, 9, 28, 8, 46, 26, 3, 22, 65, 51, 10, 69, 31, 48, 1, 2, 89, 50, 32, 37, 0]
Rota do Picker 2: [0, 7, 8, 27, 46, 48, 37, 41, 3, 26, 45, 22, 65, 9, 1, 67, 10, 21, 69, 89, 76, 2, 28, 30, 87, 0]
Rota do Picker 3: [0, 50, 87, 89, 69, 21, 1, 67, 8, 9, 45, 31, 10, 30, 48, 51, 26, 46, 28, 65, 7, 27, 2, 0]
Rota do Picker 4: [0, 48, 67, 27, 46, 45, 26, 9, 30, 10, 8, 21, 28, 89, 87, 50, 65, 69, 7, 0]
Rota do Picker 5: [0, 12, 57, 77, 46, 9, 51, 79, 59, 76, 13, 94, 98, 75, 32, 21, 1, 28, 74, 31, 11, 8, 60, 40, 48, 10, 39, 18, 55, 0]
Rota do Picker 6: [0, 76, 9, 48, 8, 32, 37, 89, 87, 67, 12, 27, 10, 2, 28, 65, 31, 60, 51, 69, 7, 96, 22, 30, 21, 50, 40, 45, 46, 26, 18, 0]
Rota do Picker 7: [0, 87, 30, 2, 48, 28, 67, 10, 69, 45, 27, 9, 46, 26, 8, 7, 65, 0]
Rota do Picker 8: [0, 13, 50, 69, 8, 89, 21, 10, 1, 27, 7, 67, 87, 30, 9, 65, 45, 48, 28, 46, 26, 0]
Rota do Picker 9: [0, 7, 8, 27, 87, 26, 37, 79, 46, 45, 32, 60, 0]
Rota do Picker 10: [0, 65, 45, 26, 50, 89, 69, 10, 48, 28, 30, 27, 46, 9, 8, 7, 0]
Rota do Picker 11: [0, 45, 67, 27, 37, 89, 9, 32, 7, 46, 26, 8, 76, 60, 2, 87, 30, 13, 1, 21, 48, 28, 41, 31, 65, 11, 0]
Rota do Picker 12: [0, 11, 55, 75, 46, 45, 51, 40, 20, 28, 8, 7, 26, 37, 60, 12, 18, 10, 0]

Caso de teste: SLAPRP_Guo_small_O200_alpha0.2_v5.txt

Distancia Total: 2354.0
Quantidade de Pickers: 12
