Rota do Picker 1: [0, 1, 0]
Rota do Picker 2: [0, 1, 21, 41, 3, 23, 5, 22, 18, 57, 15, 93, 13, 61, 91, 36, 56, 55, 35, 6, 44, 25, 20, 0]
Rota do Picker 3: [0, 21, 41, 81, 62, 44, 15, 55, 56, 96, 20, 53, 13, 22, 23, 3, 61, 1, 39, 18, 38, 75, 35, 36, 6, 24, 4, 95, 91, 0]
Rota do Picker 4: [0, 22, 55, 77, 17, 57, 53, 13, 61, 1, 44, 5, 21, 41, 15, 35, 56, 36, 20, 75, 63, 43, 3, 0]
Rota do Picker 5: [0, 54, 34, 1, 21, 41, 3, 23, 43, 6, 15, 36, 56, 17, 77, 57, 37, 38, 35, 75, 13, 82, 42, 22, 5, 24, 63, 0]
Rota do Picker 6: [0, 13, 25, 44, 4, 22, 81, 41, 63, 61, 21, 1, 3, 15, 35, 38, 17, 37, 55, 95, 82, 42, 2, 62, 0]
Rota do Picker 7: [0, 73, 53, 15, 35, 17, 37, 57, 25, 5, 3, 61, 1, 21, 41, 4, 13, 93, 18, 75, 82, 22, 0]
Rota do Picker 8: [0, 22, 1, 41, 4, 63, 82, 61, 13, 93, 19, 37, 17, 91, 21, 3, 5, 25, 23, 36, 55, 15, 56, 0]
Rota do Picker 9: [0, 1, 41, 61, 21, 43, 3, 23, 62, 13, 53, 55, 17, 15, 35, 95, 22, 82, 44, 24, 4, 0]
Rota do Picker 10: [0, 21, 61, 23, 3, 22, 42, 13, 93, 39, 18, 38, 15, 75, 6, 5, 25, 43, 63, 81, 41, 1, 11, 51, 71, 91, 20, 0]
Rota do Picker 11: [0, 1, 22, 21, 41, 3, 15, 35, 75, 95, 13, 53, 93, 17, 37, 38, 56, 39, 19, 0]
Rota do Picker 12: [0, 21, 1, 41, 22, 62, 15, 37, 18, 39, 19, 13, 6, 3, 81, 53, 93, 57, 95, 75, 36, 38, 43, 23, 0]

Caso de teste: SLAPRP_Guo_small_O200_alpha0.3_v2.txt

Distancia Total: 1442.0
Quantidade de Pickers: 12
