Rota do Picker 1: [0, 21, 41, 2, 7, 45, 84, 8, 9, 10, 50, 57, 79, 19, 51, 31, 27, 87, 30, 23, 20, 40, 60, 94, 74, 75, 55, 12, 0]
Rota do Picker 2: [0, 55, 50, 9, 48, 8, 7, 42, 2, 41, 1, 27, 30, 45, 4, 0]
Rota do Picker 3: [0, 7, 27, 9, 10, 8, 87, 60, 40, 13, 74, 94, 77, 20, 79, 96, 12, 89, 48, 41, 1, 21, 22, 42, 32, 55, 37, 19, 45, 2, 0]
Rota do Picker 4: [0, 19, 31, 65, 50, 8, 48, 10, 42, 22, 1, 21, 55, 27, 7, 83, 23, 41, 45, 2, 4, 30, 9, 0]
Rota do Picker 5: [0, 42, 7, 8, 48, 9, 10, 55, 19, 20, 45, 87, 27, 2, 22, 84, 4, 1, 21, 0]
Rota do Picker 6: [0, 1, 2, 7, 27, 9, 10, 30, 50, 20, 60, 55, 46, 45, 87, 22, 40, 0]
Rota do Picker 7: [0, 94, 75, 12, 1, 41, 45, 84, 7, 8, 2, 0]

Caso de teste: SLAPRP_Guo_small_O100_alpha0.2_v5.txt

Distancia Total: 1008.0
Quantidade de Pickers: 7
