Rota do Picker 1: [0, 45, 26, 46, 10, 8, 9, 49, 89, 60, 19, 80, 37, 17, 20, 30, 87, 27, 7, 47, 28, 48, 50, 70, 84, 0]
Rota do Picker 2: [0, 45, 84, 46, 26, 10, 50, 8, 28, 9, 7, 30, 27, 78, 18, 19, 47, 89, 20, 40, 37, 97, 59, 60, 48, 1, 0]
Rota do Picker 3: [0, 26, 8, 28, 9, 10, 1, 36, 96, 17, 60, 40, 78, 19, 47, 87, 27, 50, 30, 7, 46, 45, 37, 0]
Rota do Picker 4: [0, 26, 87, 49, 36, 17, 18, 20, 39, 31, 45, 7, 27, 8, 70, 10, 9, 46, 1, 0]
Rota do Picker 5: [0, 74, 94, 18, 98, 78, 8, 49, 10, 68, 48, 9, 26, 46, 7, 47, 27, 28, 70, 96, 76, 55, 59, 80, 60, 39, 57, 37, 36, 0]
Rota do Picker 6: [0, 11, 55, 39, 80, 31, 74, 94, 37, 19, 60, 21, 0]

Caso de teste: SLAPRP_Guo_small_O100_alpha0.4_v9.txt

Distancia Total: 922.0
Quantidade de Pickers: 6
