Rota do Picker 1: [0, 3, 1, 23, 4, 44, 62, 82, 42, 21, 41, 5, 6, 63, 81, 43, 7, 61, 83, 24, 22, 12, 46, 26, 25, 64, 45, 0]
Rota do Picker 2: [0, 3, 53, 54, 18, 16, 12, 92, 32, 1, 0]
Rota do Picker 3: [0, 1, 21, 41, 3, 93, 4, 24, 42, 18, 33, 34, 43, 23, 61, 0]
Rota do Picker 4: [0, 25, 8, 42, 26, 44, 21, 43, 7, 61, 23, 62, 82, 27, 65, 64, 1, 41, 3, 5, 6, 24, 4, 45, 83, 63, 0]
Rota do Picker 5: [0, 1, 21, 41, 3, 23, 42, 5, 93, 43, 63, 81, 25, 46, 61, 4, 24, 64, 6, 55, 62, 22, 0]

Caso de teste: SLAPRP_Guo_small_O50_alpha0.2_v2.txt

Distancia Total: 636.0
Quantidade de Pickers: 5
