Rota do Picker 1: [0, 1, 2, 12, 32, 37, 30, 22, 0]
Rota do Picker 2: [0, 21, 8, 9, 14, 20, 37, 2, 22, 30, 40, 60, 41, 0]
Rota do Picker 3: [0, 3, 21, 42, 22, 26, 46, 8, 30, 55, 1, 23, 83, 2, 47, 9, 50, 45, 66, 27, 10, 12, 36, 76, 18, 0]
Rota do Picker 4: [0, 18, 4, 1, 66, 23, 40, 50, 9, 27, 52, 42, 47, 60, 26, 37, 13, 8, 39, 20, 10, 3, 22, 2, 30, 46, 55, 33, 32, 12, 0]
Rota do Picker 5: [0, 27, 8, 26, 46, 45, 37, 20, 2, 12, 36, 18, 60, 30, 1, 51, 76, 39, 40, 32, 50, 77, 94, 55, 11, 31, 14, 33, 22, 0]

Caso de teste: SLAPRP_Guo_small_O50_alpha0.4_v10.txt

Distancia Total: 936.0
Quantidade de Pickers: 5
