Rota do Picker 1: [0, 1, 21, 6, 82, 17, 74, 44, 85, 52, 53, 33, 13, 91, 72, 32, 12, 81, 61, 14, 35, 15, 63, 23, 34, 36, 55, 92, 0]
Rota do Picker 2: [0, 1, 2, 42, 62, 44, 65, 35, 8, 83, 63, 43, 23, 26, 64, 5, 82, 28, 9, 81, 61, 21, 15, 6, 85, 45, 16, 0]
Rota do Picker 3: [0, 15, 66, 46, 8, 61, 82, 64, 63, 43, 23, 44, 65, 9, 7, 27, 35, 83, 26, 25, 45, 24, 17, 6, 5, 81, 21, 1, 0]
Rota do Picker 4: [0, 35, 15, 82, 45, 16, 21, 81, 5, 24, 61, 43, 63, 54, 6, 7, 13, 44, 26, 34, 23, 3, 1, 55, 11, 52, 85, 0]
Rota do Picker 5: [0, 1, 21, 61, 5, 24, 44, 85, 47, 7, 83, 23, 81, 8, 64, 4, 25, 46, 63, 43, 65, 66, 6, 26, 74, 45, 0]
Rota do Picker 6: [0, 1, 21, 81, 26, 36, 35, 16, 34, 65, 46, 8, 63, 43, 23, 61, 44, 84, 15, 55, 0]
Rota do Picker 7: [0, 14, 72, 66, 0]
Rota do Picker 8: [0, 46, 44, 6, 7, 64, 24, 45, 34, 8, 5, 16, 66, 26, 54, 1, 21, 81, 23, 63, 61, 43, 13, 28, 0]

Caso de teste: SLAPRP_Guo_small_O100_alpha0.2_v10.txt

Distancia Total: 1360.0
Quantidade de Pickers: 8
