Rota do Picker 1: [0, 1, 21, 3, 23, 43, 8, 16, 54, 42, 62, 82, 6, 7, 15, 74, 44, 45, 34, 25, 61, 4, 24, 73, 27, 14, 47, 55, 5, 63, 0]
Rota do Picker 2: [0, 1, 21, 61, 42, 62, 82, 5, 85, 23, 43, 63, 64, 83, 24, 4, 74, 7, 65, 45, 81, 46, 6, 3, 25, 22, 8, 84, 44, 0]
Rota do Picker 3: [0, 63, 43, 21, 15, 7, 5, 4, 1, 3, 84, 42, 62, 82, 6, 64, 23, 27, 55, 61, 24, 2, 0]
Rota do Picker 4: [0, 21, 5, 24, 44, 45, 85, 64, 27, 62, 82, 8, 46, 65, 66, 3, 25, 9, 7, 6, 63, 43, 23, 4, 1, 42, 0]
Rota do Picker 5: [0, 27, 15, 91, 71, 62, 42, 53, 33, 24, 4, 61, 21, 1, 25, 54, 55, 23, 43, 63, 6, 26, 14, 73, 16, 65, 64, 5, 36, 81, 85, 74, 0]
Rota do Picker 6: [0, 1, 4, 23, 43, 5, 64, 26, 63, 24, 61, 21, 65, 45, 62, 42, 84, 47, 44, 25, 7, 3, 0]
Rota do Picker 7: [0, 1, 4, 23, 43, 15, 45, 84, 81, 9, 6, 55, 66, 25, 7, 24, 44, 5, 8, 74, 61, 42, 62, 82, 85, 27, 21, 63, 65, 0]
Rota do Picker 8: [0, 24, 44, 5, 62, 42, 15, 25, 7, 84, 73, 27, 21, 61, 51, 71, 65, 85, 64, 4, 43, 63, 66, 74, 52, 23, 3, 1, 34, 45, 6, 72, 92, 0]
Rota do Picker 9: [0, 72, 52, 36, 16, 44, 24, 5, 32, 9, 21, 23, 54, 8, 34, 17, 4, 81, 91, 71, 51, 43, 35, 92, 46, 14, 53, 33, 61, 1, 11, 0]
Rota do Picker 10: [0, 3, 6, 27, 14, 15, 35, 74, 54, 4, 23, 43, 63, 16, 73, 17, 55, 24, 45, 92, 34, 25, 5, 61, 21, 1, 0]
Rota do Picker 11: [0, 32, 12, 3, 23, 34, 16, 73, 24, 35, 15, 36, 13, 74, 62, 42, 33, 14, 55, 17, 54, 81, 61, 93, 53, 92, 72, 52, 21, 1, 4, 5, 0]
Rota do Picker 12: [0, 55, 15, 14, 85, 65, 3, 21, 73, 33, 63, 23, 16, 82, 62, 42, 1, 4, 43, 35, 54, 24, 53, 51, 71, 61, 81, 17, 25, 0]
Rota do Picker 13: [0, 1, 21, 61, 4, 7, 27, 43, 63, 9, 5, 6, 26, 44, 64, 8, 24, 84, 23, 25, 45, 3, 0]

Caso de teste: SLAPRP_Guo_small_O200_alpha0.2_v8.txt

Distancia Total: 2532.0
Quantidade de Pickers: 13
