Rota do Picker 1: [0, 1, 21, 7, 27, 9, 10, 45, 11, 32, 72, 33, 93, 23, 43, 13, 20, 40, 37, 12, 52, 61, 22, 18, 39, 55, 71, 0]
Rota do Picker 2: [0, 34, 14, 61, 21, 42, 22, 4, 9, 87, 27, 7, 45, 5, 1, 62, 41, 23, 0]
Rota do Picker 3: [0, 21, 62, 45, 46, 7, 27, 13, 20, 12, 14, 94, 55, 18, 36, 33, 30, 10, 9, 22, 61, 1, 0]
Rota do Picker 4: [0, 31, 11, 45, 30, 10, 9, 7, 22, 3, 43, 21, 1, 5, 27, 47, 26, 0]
Rota do Picker 5: [0, 21, 22, 23, 45, 46, 26, 8, 10, 30, 9, 27, 7, 62, 42, 41, 0]
Rota do Picker 6: [0, 12, 32, 52, 72, 34, 11, 93, 20, 37, 55, 13, 1, 61, 9, 10, 7, 45, 5, 62, 27, 4, 42, 22, 43, 39, 18, 36, 41, 21, 0]
Rota do Picker 7: [0, 21, 1, 22, 5, 45, 7, 8, 9, 27, 46, 26, 3, 61, 41, 11, 0]
Rota do Picker 8: [0, 22, 45, 1, 21, 46, 9, 4, 23, 43, 3, 26, 62, 10, 30, 87, 27, 7, 5, 41, 61, 13, 12, 32, 0]
Rota do Picker 9: [0, 22, 23, 3, 87, 9, 8, 42, 30, 10, 27, 7, 4, 5, 26, 46, 14, 55, 72, 12, 61, 21, 0]
Rota do Picker 10: [0, 21, 41, 61, 22, 7, 9, 27, 20, 39, 18, 52, 13, 37, 55, 36, 34, 45, 8, 1, 23, 4, 46, 93, 72, 11, 32, 12, 0]
Rota do Picker 11: [0, 21, 1, 61, 22, 7, 27, 9, 10, 45, 43, 36, 13, 32, 72, 55, 37, 18, 12, 11, 76, 20, 46, 26, 0]

Caso de teste: SLAPRP_Guo_small_O200_alpha0.3_v2.txt

Distancia Total: 1374.0
Quantidade de Pickers: 11
