Rota do Picker 1: [0, 71, 91, 55, 16, 22, 61, 41, 92, 74, 14, 1, 0]
Rota do Picker 2: [0, 82, 27, 7, 4, 24, 62, 22, 25, 54, 46, 6, 43, 42, 64, 63, 21, 61, 5, 1, 41, 3, 23, 81, 45, 0]
Rota do Picker 3: [0, 56, 3, 34, 91, 32, 7, 43, 53, 63, 61, 81, 41, 24, 62, 25, 73, 74, 18, 83, 23, 64, 44, 4, 21, 17, 5, 42, 22, 1, 12, 0]
Rota do Picker 4: [0, 6, 82, 42, 5, 43, 23, 41, 62, 46, 24, 4, 3, 21, 1, 8, 26, 27, 61, 7, 64, 45, 22, 2, 63, 83, 0]
Rota do Picker 5: [0, 1, 21, 41, 42, 44, 64, 18, 73, 0]
Rota do Picker 6: [0, 1, 11, 0]

Caso de teste: SLAPRP_Guo_small_O50_alpha0.2_v3.txt

Distancia Total: 708.0
Quantidade de Pickers: 6
