Rota do Picker 1: [0, 27, 7, 45, 46, 8, 67, 87, 9, 26, 50, 89, 47, 65, 22, 69, 1, 10, 21, 30, 28, 0]
Rota do Picker 2: [0, 8, 28, 9, 18, 40, 60, 12, 69, 89, 20, 45, 30, 27, 26, 3, 1, 7, 46, 36, 65, 13, 10, 2, 21, 0]
Rota do Picker 3: [0, 59, 11, 27, 67, 45, 40, 60, 20, 31, 94, 28, 36, 21, 12, 37, 77, 39, 46, 30, 32, 10, 98, 18, 55, 57, 50, 74, 7, 13, 75, 76, 8, 97, 9, 0]
Rota do Picker 4: [0, 47, 37, 45, 89, 69, 9, 7, 27, 18, 1, 87, 32, 50, 22, 36, 11, 30, 10, 8, 46, 26, 21, 41, 28, 0]
Rota do Picker 5: [0, 55, 28, 50, 20, 21, 8, 46, 57, 3, 26, 9, 18, 60, 32, 87, 67, 47, 36, 27, 97, 65, 40, 22, 45, 10, 7, 2, 1, 13, 0]
Rota do Picker 6: [0, 30, 46, 89, 69, 7, 2, 67, 27, 45, 9, 28, 8, 21, 26, 47, 65, 50, 10, 0]
Rota do Picker 7: [0, 97, 7, 26, 9, 30, 20, 12, 55, 75, 89, 60, 10, 65, 36, 87, 67, 28, 2, 47, 40, 37, 27, 8, 41, 21, 1, 46, 45, 18, 0]
Rota do Picker 8: [0, 55, 18, 28, 7, 57, 74, 97, 59, 13, 94, 50, 98, 45, 60, 22, 32, 47, 37, 39, 20, 12, 77, 10, 75, 1, 36, 40, 46, 76, 30, 0]
Rota do Picker 9: [0, 89, 65, 87, 26, 21, 36, 67, 28, 40, 69, 1, 10, 11, 18, 13, 45, 27, 46, 9, 8, 7, 3, 37, 0]
Rota do Picker 10: [0, 2, 26, 46, 8, 28, 45, 18, 47, 30, 20, 10, 9, 60, 40, 11, 41, 1, 7, 27, 87, 50, 3, 37, 21, 69, 89, 12, 0]
Rota do Picker 11: [0, 12, 55, 37, 39, 46, 28, 10, 2, 7, 9, 45, 18, 57, 97, 65, 32, 0]
Rota do Picker 12: [0, 37, 41, 18, 10, 89, 69, 30, 46, 3, 1, 28, 67, 27, 9, 7, 21, 26, 87, 47, 8, 45, 2, 11, 0]
Rota do Picker 13: [0, 32, 3, 1, 45, 65, 9, 30, 37, 27, 36, 10, 87, 7, 18, 28, 8, 21, 26, 46, 20, 55, 60, 11, 47, 40, 0]

Caso de teste: SLAPRP_Guo_small_O200_alpha0.3_v10.txt

Distancia Total: 3432.0
Quantidade de Pickers: 13
