Rota do Picker 1: [0, 50, 84, 2, 20, 30, 40, 36, 68, 46, 26, 41, 1, 22, 8, 9, 89, 87, 96, 27, 76, 45, 10, 7, 21, 0]
Rota do Picker 2: [0, 93, 59, 31, 77, 94, 39, 96, 36, 51, 37, 20, 74, 11, 97, 19, 75, 52, 7, 60, 98, 18, 32, 41, 0]
Rota do Picker 3: [0, 26, 30, 27, 89, 22, 2, 21, 36, 84, 47, 10, 96, 87, 45, 8, 20, 46, 50, 9, 7, 41, 1, 0]
Rota do Picker 4: [0, 96, 46, 10, 75, 74, 31, 2, 8, 20, 60, 0]
Rota do Picker 5: [0, 26, 46, 8, 76, 96, 40, 13, 45, 30, 36, 47, 19, 75, 11, 20, 32, 7, 98, 37, 18, 93, 31, 41, 21, 51, 10, 0]
Rota do Picker 6: [0, 89, 64, 68, 45, 50, 7, 27, 87, 9, 30, 46, 26, 8, 10, 0]
Rota do Picker 7: [0, 21, 8, 30, 50, 2, 3, 47, 83, 41, 1, 26, 68, 7, 9, 10, 46, 45, 87, 76, 27, 0]
Rota do Picker 8: [0, 21, 64, 84, 9, 87, 76, 96, 40, 22, 26, 27, 32, 20, 7, 45, 2, 41, 1, 46, 8, 65, 50, 37, 60, 68, 0]
Rota do Picker 9: [0, 40, 45, 50, 8, 46, 26, 41, 22, 65, 68, 21, 3, 10, 1, 76, 30, 9, 87, 27, 7, 2, 0]
Rota do Picker 10: [0, 1, 7, 27, 9, 50, 68, 45, 26, 8, 65, 87, 30, 46, 21, 10, 41, 76, 0]
Rota do Picker 11: [0, 41, 11, 74, 18, 37, 98, 93, 7, 51, 94, 60, 50, 77, 19, 31, 1, 20, 36, 52, 96, 13, 39, 40, 76, 0]
Rota do Picker 12: [0, 7, 8, 10, 46, 45, 40, 76, 65, 89, 68, 26, 96, 87, 9, 83, 3, 41, 30, 47, 27, 2, 21, 1, 50, 36, 0]
Rota do Picker 13: [0, 68, 41, 47, 50, 83, 21, 8, 65, 46, 26, 3, 10, 9, 64, 22, 45, 30, 87, 27, 7, 1, 37, 0]
Rota do Picker 14: [0, 8, 45, 10, 50, 27, 26, 46, 68, 30, 9, 87, 47, 7, 89, 0]

Caso de teste: SLAPRP_Guo_small_O200_alpha0.2_v3.txt

Distancia Total: 2858.0
Quantidade de Pickers: 14
