Rota do Picker 1: [0, 1, 81, 44, 63, 82, 26, 6, 8, 27, 7, 5, 43, 23, 61, 41, 21, 0]
Rota do Picker 2: [0, 21, 61, 41, 81, 6, 45, 83, 23, 44, 8, 65, 46, 7, 24, 43, 25, 5, 1, 0]
Rota do Picker 3: [0, 21, 41, 23, 43, 63, 26, 25, 45, 83, 81, 61, 1, 5, 0]
Rota do Picker 4: [0, 21, 1, 41, 61, 5, 65, 7, 23, 63, 43, 26, 6, 64, 25, 45, 0]
Rota do Picker 5: [0, 21, 41, 81, 25, 64, 44, 82, 62, 42, 2, 7, 27, 45, 5, 83, 43, 23, 61, 1, 46, 0]
Rota do Picker 6: [0, 1, 21, 23, 27, 61, 81, 41, 5, 26, 6, 22, 82, 44, 64, 11, 17, 56, 0]

Caso de teste: SLAPRP_Guo_small_O100_alpha0.4_v2.txt

Distancia Total: 508.0
Quantidade de Pickers: 6
