Rota do Picker 1: [0, 25, 64, 43, 45, 81, 83, 5, 82, 3, 23, 4, 24, 72, 22, 42, 62, 26, 44, 63, 6, 61, 41, 21, 1, 0]
Rota do Picker 2: [0, 21, 41, 61, 23, 5, 26, 74, 37, 64, 35, 1, 22, 42, 4, 24, 82, 62, 15, 43, 72, 63, 81, 83, 0]
Rota do Picker 3: [0, 1, 4, 6, 26, 5, 22, 62, 25, 43, 21, 41, 46, 63, 65, 45, 8, 23, 24, 3, 84, 83, 44, 64, 7, 27, 0]
Rota do Picker 4: [0, 1, 41, 61, 4, 26, 21, 22, 23, 43, 64, 33, 65, 5, 25, 3, 44, 63, 82, 24, 83, 45, 6, 84, 0]
Rota do Picker 5: [0, 1, 22, 42, 4, 7, 83, 46, 26, 63, 3, 82, 84, 8, 64, 25, 41, 24, 23, 43, 5, 44, 21, 45, 62, 65, 27, 72, 6, 0]
Rota do Picker 6: [0, 15, 52, 92, 12, 81, 16, 18, 53, 33, 31, 32, 14, 55, 93, 73, 3, 1, 21, 43, 34, 37, 41, 61, 62, 72, 56, 36, 17, 23, 24, 4, 22, 0]
Rota do Picker 7: [0, 21, 41, 23, 43, 5, 82, 25, 3, 63, 62, 64, 24, 4, 1, 8, 44, 42, 46, 45, 22, 0]
Rota do Picker 8: [0, 27, 43, 44, 64, 63, 41, 4, 24, 82, 8, 72, 6, 5, 62, 42, 22, 21, 1, 65, 46, 3, 23, 0]
Rota do Picker 9: [0, 1, 21, 22, 23, 43, 44, 7, 18, 61, 64, 63, 62, 65, 72, 83, 4, 41, 42, 24, 0]
Rota do Picker 10: [0, 1, 21, 61, 81, 34, 0]
Rota do Picker 11: [0, 3, 23, 54, 26, 42, 21, 24, 44, 22, 4, 63, 6, 27, 41, 64, 83, 62, 82, 45, 1, 43, 5, 0]
Rota do Picker 12: [0, 6, 45, 41, 26, 8, 42, 22, 21, 64, 62, 44, 24, 4, 65, 5, 43, 27, 83, 23, 3, 1, 25, 46, 0]
Rota do Picker 13: [0, 1, 22, 42, 62, 5, 6, 7, 8, 26, 41, 21, 46, 43, 23, 4, 3, 44, 82, 25, 63, 45, 24, 64, 27, 0]

Caso de teste: SLAPRP_Guo_small_O200_alpha0.2_v1.txt

Distancia Total: 1978.0
Quantidade de Pickers: 13
