Rota do Picker 1: [0, 27, 8, 81, 7, 45, 26, 5, 83, 1, 3, 23, 63, 24, 25, 82, 46, 44, 4, 41, 42, 65, 6, 61, 21, 64, 43, 0]
Rota do Picker 2: [0, 61, 3, 23, 25, 27, 82, 43, 81, 64, 42, 44, 21, 7, 26, 6, 24, 4, 1, 83, 65, 46, 41, 0]
Rota do Picker 3: [0, 7, 25, 42, 64, 83, 24, 46, 62, 93, 4, 63, 43, 82, 23, 3, 81, 61, 41, 21, 1, 0]
Rota do Picker 4: [0, 1, 21, 41, 3, 23, 63, 61, 81, 24, 46, 83, 25, 64, 45, 82, 4, 62, 43, 42, 0]
Rota do Picker 5: [0, 61, 21, 41, 62, 65, 7, 46, 81, 42, 4, 45, 82, 6, 44, 83, 64, 26, 25, 27, 8, 24, 43, 23, 3, 1, 0]
Rota do Picker 6: [0, 62, 46, 8, 44, 43, 63, 26, 45, 25, 1, 41, 61, 4, 24, 6, 23, 7, 81, 42, 83, 27, 65, 21, 3, 64, 82, 93, 0]
Rota do Picker 7: [0, 27, 25, 3, 41, 42, 26, 64, 4, 21, 6, 43, 1, 83, 7, 61, 46, 8, 62, 23, 81, 24, 45, 63, 44, 0]
Rota do Picker 8: [0, 82, 3, 41, 4, 81, 61, 44, 21, 1, 25, 63, 43, 62, 64, 83, 65, 24, 23, 42, 0]
Rota do Picker 9: [0, 65, 26, 7, 93, 64, 25, 44, 6, 61, 63, 42, 81, 62, 27, 4, 82, 24, 43, 23, 3, 41, 21, 1, 0]
Rota do Picker 10: [0, 1, 11, 14, 41, 36, 93, 0]
Rota do Picker 11: [0, 65, 61, 21, 42, 43, 23, 3, 1, 41, 26, 4, 81, 46, 44, 83, 27, 24, 45, 62, 6, 63, 8, 64, 0]
Rota do Picker 12: [0, 1, 41, 61, 62, 63, 27, 93, 21, 3, 23, 43, 24, 7, 6, 81, 4, 42, 64, 82, 25, 83, 44, 0]
Rota do Picker 13: [0, 64, 62, 45, 4, 41, 44, 25, 26, 42, 81, 82, 63, 24, 61, 43, 23, 3, 21, 1, 0]
Rota do Picker 14: [0, 6, 24, 64, 82, 8, 42, 83, 81, 93, 27, 65, 45, 63, 62, 26, 46, 7, 23, 4, 61, 41, 21, 25, 43, 3, 1, 0]

Caso de teste: SLAPRP_Guo_small_O200_alpha0.4_v10.txt

Distancia Total: 2166.0
Quantidade de Pickers: 14
