Rota do Picker 1: [0, 21, 12, 8, 10, 20, 19, 7, 27, 9, 69, 45, 37, 40, 2, 89, 80, 31, 76, 46, 26, 50, 47, 18, 39, 0]
Rota do Picker 2: [0, 27, 69, 68, 10, 47, 50, 87, 89, 7, 67, 30, 46, 45, 26, 9, 48, 28, 8, 0]
Rota do Picker 3: [0, 60, 30, 47, 40, 67, 45, 87, 1, 2, 89, 21, 11, 50, 70, 20, 28, 48, 10, 19, 27, 46, 26, 69, 9, 8, 7, 31, 0]
Rota do Picker 4: [0, 67, 13, 50, 2, 70, 10, 47, 48, 68, 87, 30, 27, 28, 89, 69, 8, 1, 45, 9, 7, 46, 26, 74, 94, 0]
Rota do Picker 5: [0, 30, 45, 47, 60, 20, 50, 48, 69, 89, 37, 12, 10, 40, 2, 28, 87, 67, 1, 70, 26, 9, 68, 76, 21, 11, 97, 19, 27, 46, 8, 7, 0]
Rota do Picker 6: [0, 48, 28, 87, 27, 7, 47, 9, 50, 30, 8, 46, 26, 45, 89, 69, 10, 70, 67, 0]
Rota do Picker 7: [0, 1, 26, 46, 45, 20, 60, 28, 19, 18, 37, 30, 10, 50, 39, 55, 36, 74, 12, 40, 21, 11, 0]

Caso de teste: SLAPRP_Guo_small_O100_alpha0.3_v7.txt

Distancia Total: 1548.0
Quantidade de Pickers: 7
