Rota do Picker 1: [0, 25, 6, 46, 83, 75, 7, 5, 42, 63, 23, 43, 81, 27, 54, 73, 82, 44, 4, 62, 22, 21, 26, 61, 41, 1, 0]
Rota do Picker 2: [0, 1, 41, 22, 42, 45, 62, 24, 4, 21, 3, 5, 25, 23, 26, 27, 63, 82, 65, 83, 43, 64, 8, 7, 6, 0]
Rota do Picker 3: [0, 21, 41, 61, 4, 5, 25, 1, 3, 23, 42, 65, 63, 44, 45, 82, 81, 83, 26, 35, 6, 22, 24, 43, 62, 71, 91, 7, 27, 0]
Rota do Picker 4: [0, 81, 21, 23, 83, 43, 5, 41, 4, 65, 13, 42, 3, 61, 82, 62, 22, 1, 0]
Rota do Picker 5: [0, 21, 23, 43, 4, 1, 24, 64, 5, 45, 42, 27, 81, 61, 7, 3, 63, 82, 83, 46, 6, 41, 26, 25, 62, 22, 8, 0]
Rota do Picker 6: [0, 1, 41, 61, 36, 12, 32, 92, 14, 34, 52, 42, 73, 93, 55, 74, 16, 37, 35, 13, 75, 72, 18, 17, 54, 21, 0]
Rota do Picker 7: [0, 1, 42, 82, 35, 0]
Rota do Picker 8: [0, 6, 1, 3, 4, 44, 5, 63, 25, 24, 43, 26, 8, 23, 27, 41, 2, 42, 7, 62, 46, 45, 21, 64, 83, 65, 0]
Rota do Picker 9: [0, 1, 21, 23, 43, 63, 52, 15, 55, 36, 17, 5, 42, 71, 51, 41, 81, 35, 72, 3, 13, 18, 37, 73, 32, 75, 62, 22, 16, 61, 14, 34, 82, 74, 0]
Rota do Picker 10: [0, 8, 62, 6, 26, 22, 82, 65, 83, 7, 23, 3, 24, 4, 46, 81, 63, 43, 25, 5, 42, 41, 21, 1, 0]
Rota do Picker 11: [0, 73, 13, 6, 24, 61, 81, 3, 4, 23, 18, 21, 22, 62, 25, 72, 92, 82, 17, 5, 63, 43, 42, 41, 1, 64, 52, 65, 71, 91, 75, 35, 0]
Rota do Picker 12: [0, 81, 65, 6, 61, 22, 41, 24, 44, 45, 27, 42, 5, 7, 83, 46, 64, 4, 43, 23, 3, 21, 1, 25, 63, 82, 0]
Rota do Picker 13: [0, 21, 3, 23, 35, 1, 22, 33, 53, 4, 24, 42, 82, 55, 56, 13, 63, 43, 41, 62, 5, 37, 81, 61, 0]

Caso de teste: SLAPRP_Guo_small_O200_alpha0.3_v2.txt

Distancia Total: 2170.0
Quantidade de Pickers: 13
