Rota do Picker 1: [0, 1, 21, 22, 62, 64, 4, 24, 45, 6, 7, 27, 23, 43, 63, 5, 8, 42, 82, 81, 61, 41, 0]
Rota do Picker 2: [0, 45, 7, 8, 61, 41, 1, 4, 23, 43, 63, 83, 5, 22, 42, 62, 6, 24, 44, 21, 17, 37, 92, 72, 52, 0]
Rota do Picker 3: [0, 1, 42, 82, 46, 8, 23, 3, 63, 43, 4, 25, 45, 5, 44, 24, 21, 22, 62, 26, 7, 0]
Rota do Picker 4: [0, 4, 43, 63, 83, 44, 24, 82, 62, 42, 22, 21, 41, 23, 5, 7, 6, 61, 1, 0]
Rota do Picker 5: [0, 1, 21, 41, 4, 44, 24, 82, 62, 42, 22, 23, 26, 46, 3, 43, 65, 45, 5, 0]
Rota do Picker 6: [0, 1, 4, 24, 44, 64, 35, 55, 72, 52, 17, 37, 15, 41, 21, 61, 81, 33, 53, 14, 16, 18, 6, 43, 3, 83, 23, 42, 22, 0]
Rota do Picker 7: [0, 1, 4, 24, 26, 8, 83, 3, 22, 43, 23, 65, 45, 6, 27, 7, 5, 44, 41, 21, 0]
Rota do Picker 8: [0, 3, 23, 15, 33, 13, 21, 1, 41, 61, 81, 43, 46, 45, 5, 64, 24, 4, 65, 27, 44, 42, 82, 22, 71, 91, 0]
Rota do Picker 9: [0, 64, 44, 41, 21, 1, 3, 23, 43, 63, 5, 25, 45, 83, 22, 8, 26, 6, 4, 24, 15, 17, 71, 51, 31, 0]
Rota do Picker 10: [0, 1, 41, 21, 23, 24, 64, 5, 7, 27, 46, 18, 35, 75, 37, 54, 6, 44, 56, 36, 63, 43, 3, 22, 42, 4, 72, 92, 0]
Rota do Picker 11: [0, 1, 21, 61, 81, 41, 22, 6, 46, 25, 62, 42, 4, 24, 44, 72, 92, 32, 52, 14, 56, 16, 12, 33, 93, 0]

Caso de teste: SLAPRP_Guo_small_O200_alpha0.4_v1.txt

Distancia Total: 1148.0
Quantidade de Pickers: 11
