Rota do Picker 1: [0, 96, 40, 77, 37, 32, 12, 74, 94, 75, 20, 98, 50, 30, 46, 87, 27, 47, 7, 60, 18, 36, 51, 31, 55, 39, 93, 13, 21, 0]
Rota do Picker 2: [0, 2, 10, 69, 26, 27, 87, 7, 9, 30, 46, 45, 96, 60, 20, 17, 64, 84, 89, 48, 8, 47, 50, 0]
Rota do Picker 3: [0, 51, 74, 75, 96, 13, 59, 12, 97, 17, 87, 47, 27, 10, 7, 30, 45, 98, 39, 20, 37, 55, 31, 84, 93, 40, 18, 32, 2, 1, 0]
Rota do Picker 4: [0, 1, 26, 46, 8, 9, 10, 27, 69, 7, 87, 30, 45, 64, 84, 47, 60, 37, 74, 51, 0]
Rota do Picker 5: [0, 2, 64, 9, 30, 50, 48, 8, 69, 89, 26, 83, 1, 84, 45, 46, 17, 60, 20, 47, 27, 67, 7, 21, 0]
Rota do Picker 6: [0, 83, 8, 69, 50, 30, 26, 45, 67, 48, 68, 10, 64, 84, 9, 87, 47, 27, 7, 1, 0]
Rota do Picker 7: [0, 64, 27, 20, 17, 97, 1, 7, 8, 68, 10, 26, 46, 96, 37, 2, 50, 47, 67, 87, 9, 69, 45, 21, 0]
Rota do Picker 8: [0, 45, 46, 87, 27, 7, 47, 67, 68, 8, 48, 9, 69, 89, 10, 1, 21, 0]
Rota do Picker 9: [0, 17, 36, 8, 48, 45, 1, 21, 51, 7, 30, 69, 46, 26, 64, 84, 68, 67, 47, 27, 9, 10, 37, 20, 13, 2, 0]
Rota do Picker 10: [0, 21, 7, 87, 8, 48, 9, 10, 69, 45, 46, 26, 47, 27, 67, 97, 37, 17, 20, 0]
Rota do Picker 11: [0, 83, 2, 84, 1, 46, 87, 47, 7, 27, 67, 10, 30, 50, 69, 9, 8, 45, 21, 36, 0]
Rota do Picker 12: [0, 55, 20, 2, 87, 47, 27, 7, 83, 50, 10, 8, 64, 69, 96, 93, 37, 51, 31, 75, 39, 18, 94, 12, 32, 74, 98, 60, 48, 1, 0]

Caso de teste: SLAPRP_Guo_small_O200_alpha0.4_v4.txt

Distancia Total: 1998.0
Quantidade de Pickers: 12
