Rota do Picker 1: [0, 1, 12, 18, 40, 94, 36, 52, 20, 74, 13, 37, 75, 64, 14, 60, 17, 93, 0]
Rota do Picker 2: [0, 93, 30, 10, 94, 75, 18, 17, 12, 21, 52, 71, 0]
Rota do Picker 3: [0, 93, 37, 52, 13, 21, 40, 22, 36, 20, 75, 84, 94, 74, 18, 17, 12, 41, 1, 0]
Rota do Picker 4: [0, 41, 45, 37, 52, 20, 36, 1, 13, 64, 93, 31, 11, 65, 74, 14, 22, 10, 94, 75, 18, 17, 12, 21, 0]
Rota do Picker 5: [0, 18, 9, 65, 84, 64, 1, 37, 14, 10, 27, 26, 3, 67, 41, 7, 30, 23, 83, 42, 8, 48, 46, 20, 21, 45, 22, 12, 75, 0]
Rota do Picker 6: [0, 2, 12, 17, 65, 41, 14, 13, 93, 74, 71, 75, 21, 40, 94, 18, 97, 37, 1, 42, 60, 52, 0]
Rota do Picker 7: [0, 8, 10, 47, 37, 40, 0]
Rota do Picker 8: [0, 12, 74, 84, 14, 93, 60, 65, 67, 22, 2, 21, 8, 46, 18, 11, 64, 75, 17, 71, 20, 45, 27, 26, 94, 1, 10, 40, 13, 0]

Caso de teste: SLAPRP_Guo_small_O100_alpha0.2_v3.txt

Distancia Total: 1500.0
Quantidade de Pickers: 8
