Rota do Picker 1: [0, 1, 4, 7, 27, 87, 50, 83, 23, 22, 2, 26, 46, 66, 8, 9, 42, 84, 64, 10, 0]
Rota do Picker 2: [0, 1, 22, 7, 27, 47, 87, 83, 20, 52, 32, 17, 37, 57, 77, 46, 50, 10, 23, 40, 14, 66, 26, 8, 2, 0]
Rota do Picker 3: [0, 1, 41, 64, 8, 83, 3, 26, 46, 66, 27, 50, 30, 45, 4, 23, 7, 0]
Rota do Picker 4: [0, 40, 60, 20, 94, 97, 77, 57, 37, 17, 32, 1, 30, 10, 0]
Rota do Picker 5: [0, 1, 41, 22, 7, 27, 87, 83, 23, 3, 4, 8, 26, 66, 64, 2, 12, 52, 18, 20, 60, 40, 37, 77, 57, 17, 14, 32, 33, 0]
Rota do Picker 6: [0, 1, 41, 42, 7, 47, 9, 45, 3, 46, 66, 8, 10, 30, 64, 84, 4, 27, 26, 83, 14, 96, 20, 18, 12, 52, 0]
Rota do Picker 7: [0, 45, 84, 64, 3, 2, 22, 42, 50, 30, 9, 47, 87, 7, 27, 10, 8, 23, 83, 46, 26, 66, 4, 41, 1, 0]
Rota do Picker 8: [0, 1, 31, 37, 96, 20, 40, 47, 27, 8, 50, 84, 45, 66, 26, 42, 21, 22, 4, 64, 7, 30, 13, 33, 97, 17, 32, 0]
Rota do Picker 9: [0, 1, 4, 7, 8, 10, 31, 37, 18, 52, 32, 41, 22, 12, 17, 97, 77, 57, 94, 33, 13, 42, 23, 26, 46, 45, 0]
Rota do Picker 10: [0, 1, 4, 64, 27, 9, 2, 3, 66, 7, 47, 10, 22, 41, 32, 77, 17, 20, 60, 57, 37, 18, 93, 33, 11, 13, 96, 52, 0]
Rota do Picker 11: [0, 41, 33, 30, 50, 26, 21, 1, 23, 45, 64, 84, 87, 27, 7, 2, 42, 8, 47, 14, 13, 12, 83, 66, 4, 0]
Rota do Picker 12: [0, 1, 4, 30, 9, 50, 40, 60, 18, 93, 77, 57, 37, 17, 32, 2, 7, 27, 87, 26, 10, 84, 96, 0]

Caso de teste: SLAPRP_Guo_small_O200_alpha0.4_v7.txt

Distancia Total: 1704.0
Quantidade de Pickers: 12
