Rota do Picker 1: [0, 1, 0]
Rota do Picker 2: [0, 1, 0]
Rota do Picker 3: [0, 82, 6, 83, 43, 23, 21, 1, 44, 64, 26, 8, 7, 46, 24, 42, 22, 81, 41, 61, 5, 45, 65, 0]
Rota do Picker 4: [0, 1, 61, 81, 21, 41, 23, 25, 44, 64, 22, 62, 82, 63, 83, 43, 6, 26, 5, 0]
Rota do Picker 5: [0, 1, 5, 45, 7, 21, 22, 42, 62, 46, 26, 44, 24, 83, 43, 63, 23, 81, 61, 41, 0]
Rota do Picker 6: [0, 6, 64, 24, 7, 5, 22, 61, 41, 1, 42, 82, 27, 81, 21, 44, 63, 46, 65, 45, 25, 26, 8, 75, 0]
Rota do Picker 7: [0, 1, 21, 22, 62, 24, 8, 27, 83, 23, 42, 82, 46, 26, 6, 7, 45, 5, 61, 41, 0]
Rota do Picker 8: [0, 1, 41, 21, 5, 23, 43, 0]
Rota do Picker 9: [0, 1, 21, 61, 22, 42, 5, 25, 64, 46, 6, 27, 44, 26, 63, 24, 62, 45, 65, 43, 3, 23, 41, 0]

Caso de teste: SLAPRP_Guo_small_O100_alpha0.2_v3.txt

Distancia Total: 648.0
Quantidade de Pickers: 9
