Rota do Picker 1: [0, 1, 21, 41, 61, 22, 62, 82, 3, 43, 4, 6, 7, 24, 44, 15, 37, 74, 35, 18, 63, 0]
Rota do Picker 2: [0, 1, 21, 41, 61, 22, 62, 65, 25, 3, 4, 44, 16, 35, 7, 24, 55, 15, 83, 63, 43, 81, 0]
Rota do Picker 3: [0, 21, 41, 61, 22, 64, 84, 4, 6, 26, 17, 55, 15, 82, 42, 63, 3, 1, 81, 0]
Rota do Picker 4: [0, 1, 41, 81, 33, 44, 82, 7, 84, 4, 35, 75, 76, 16, 14, 64, 24, 37, 17, 94, 55, 15, 22, 3, 61, 21, 0]
Rota do Picker 5: [0, 1, 4, 25, 26, 62, 22, 43, 63, 15, 18, 37, 3, 21, 81, 41, 61, 0]
Rota do Picker 6: [0, 21, 61, 1, 41, 4, 24, 44, 15, 74, 82, 62, 22, 64, 43, 3, 72, 52, 26, 6, 56, 35, 0]
Rota do Picker 7: [0, 21, 1, 61, 82, 7, 84, 22, 0]

Caso de teste: SLAPRP_Guo_small_O100_alpha0.2_v5.txt

Distancia Total: 758.0
Quantidade de Pickers: 7
