Rota do Picker 1: [0, 21, 8, 9, 27, 87, 67, 41, 26, 7, 47, 3, 45, 65, 10, 30, 18, 40, 20, 17, 4, 83, 23, 2, 1, 0]
Rota do Picker 2: [0, 1, 21, 7, 27, 8, 45, 26, 9, 28, 10, 30, 18, 19, 40, 20, 11, 13, 0]
Rota do Picker 3: [0, 13, 26, 9, 28, 8, 45, 22, 2, 21, 41, 76, 96, 30, 10, 77, 57, 17, 12, 42, 7, 3, 11, 32, 87, 67, 27, 1, 0]
Rota do Picker 4: [0, 19, 12, 42, 22, 2, 23, 87, 27, 7, 47, 8, 28, 20, 59, 18, 84, 64, 21, 41, 77, 57, 97, 17, 40, 10, 50, 9, 26, 11, 0]
Rota do Picker 5: [0, 1, 41, 21, 3, 23, 45, 26, 9, 89, 64, 8, 28, 65, 10, 50, 18, 20, 17, 87, 27, 7, 2, 0]
Rota do Picker 6: [0, 21, 28, 9, 65, 45, 27, 4, 87, 17, 18, 13, 12, 64, 1, 23, 2, 22, 36, 76, 8, 67, 47, 7, 26, 11, 0]

Caso de teste: SLAPRP_Guo_small_O100_alpha0.2_v1.txt

Distancia Total: 926.0
Quantidade de Pickers: 6
