Rota do Picker 1: [0, 26, 35, 15, 32, 23, 3, 21, 18, 6, 42, 1, 44, 14, 53, 93, 7, 43, 71, 91, 64, 12, 41, 92, 72, 24, 4, 55, 25, 61, 13, 33, 16, 46, 74, 0]
Rota do Picker 2: [0, 45, 53, 15, 1, 92, 32, 41, 21, 34, 14, 12, 35, 43, 23, 54, 94, 44, 42, 17, 55, 74, 3, 4, 16, 61, 13, 33, 72, 36, 0]
Rota do Picker 3: [0, 1, 3, 23, 32, 72, 92, 36, 14, 7, 21, 63, 45, 17, 61, 81, 64, 24, 44, 71, 91, 26, 18, 25, 6, 33, 13, 41, 54, 74, 43, 4, 42, 62, 94, 0]
Rota do Picker 4: [0, 75, 55, 35, 15, 72, 32, 43, 23, 14, 53, 71, 16, 36, 42, 12, 34, 54, 17, 37, 46, 92, 56, 18, 41, 93, 73, 33, 13, 61, 21, 1, 0]
Rota do Picker 5: [0, 64, 24, 32, 61, 44, 82, 43, 23, 5, 62, 42, 22, 3, 41, 21, 1, 4, 31, 6, 63, 8, 83, 12, 25, 0]
Rota do Picker 6: [0, 36, 4, 62, 16, 75, 32, 42, 12, 44, 15, 73, 33, 13, 41, 21, 3, 72, 35, 81, 61, 37, 5, 94, 14, 43, 23, 1, 64, 84, 0]

Caso de teste: SLAPRP_Guo_small_O100_alpha0.3_v9.txt

Distancia Total: 1396.0
Quantidade de Pickers: 6
