Rota do Picker 1: [0, 78, 19, 69, 7, 1, 38, 87, 41, 21, 64, 89, 68, 9, 27, 40, 50, 46, 48, 8, 45, 20, 47, 83, 60, 84, 30, 10, 26, 0]
Rota do Picker 2: [0, 45, 8, 9, 46, 64, 40, 60, 10, 78, 27, 26, 20, 7, 84, 96, 21, 19, 70, 87, 68, 48, 50, 0]
Rota do Picker 3: [0, 47, 64, 1, 7, 27, 87, 9, 21, 45, 8, 89, 46, 10, 70, 96, 48, 30, 69, 50, 41, 68, 26, 0]
Rota do Picker 4: [0, 64, 9, 96, 78, 84, 10, 70, 40, 60, 20, 26, 1, 11, 55, 93, 45, 18, 59, 31, 37, 7, 57, 75, 94, 74, 12, 2, 0]
Rota do Picker 5: [0, 68, 89, 7, 8, 9, 70, 48, 46, 69, 64, 27, 50, 87, 30, 26, 10, 45, 0]
Rota do Picker 6: [0, 8, 83, 1, 45, 27, 9, 10, 47, 50, 64, 46, 48, 7, 21, 26, 70, 41, 2, 87, 69, 0]
Rota do Picker 7: [0, 40, 20, 8, 27, 60, 18, 77, 12, 94, 78, 98, 59, 39, 17, 41, 97, 74, 55, 31, 93, 7, 57, 19, 75, 11, 2, 1, 0]
Rota do Picker 8: [0, 9, 64, 27, 48, 70, 89, 8, 87, 69, 68, 30, 50, 10, 45, 46, 26, 7, 20, 0]
Rota do Picker 9: [0, 7, 40, 87, 10, 38, 70, 50, 41, 21, 2, 69, 96, 48, 64, 84, 68, 19, 78, 20, 45, 9, 46, 26, 60, 27, 8, 83, 1, 47, 0]
Rota do Picker 10: [0, 45, 8, 9, 10, 27, 40, 7, 87, 69, 46, 78, 96, 1, 30, 83, 84, 64, 38, 19, 50, 70, 26, 21, 47, 0]
Rota do Picker 11: [0, 46, 10, 30, 69, 89, 9, 8, 7, 21, 1, 26, 45, 84, 68, 50, 70, 64, 27, 47, 87, 0]
Rota do Picker 12: [0, 78, 38, 19, 9, 87, 27, 45, 8, 20, 7, 46, 50, 37, 11, 40, 83, 84, 64, 1, 2, 31, 74, 75, 98, 0]
Rota do Picker 13: [0, 7, 27, 47, 87, 9, 69, 78, 83, 10, 3, 89, 50, 68, 45, 26, 46, 8, 48, 30, 70, 0]

Caso de teste: SLAPRP_Guo_small_O200_alpha0.4_v7.txt

Distancia Total: 3068.0
Quantidade de Pickers: 13
