Rota do Picker 1: [0, 43, 23, 16, 26, 46, 81, 44, 35, 45, 14, 41, 42, 62, 65, 15, 24, 5, 3, 61, 21, 1, 6, 74, 63, 84, 0]
Rota do Picker 2: [0, 24, 64, 84, 62, 82, 22, 42, 83, 5, 44, 45, 63, 43, 3, 81, 61, 41, 23, 14, 8, 35, 65, 25, 4, 21, 1, 0]
Rota do Picker 3: [0, 5, 4, 14, 54, 22, 1, 21, 2, 42, 62, 17, 34, 44, 24, 41, 81, 61, 3, 15, 43, 83, 0]
Rota do Picker 4: [0, 46, 83, 62, 42, 1, 41, 61, 3, 43, 26, 17, 28, 23, 47, 7, 11, 14, 24, 5, 63, 15, 8, 84, 64, 44, 4, 45, 6, 21, 82, 0]
Rota do Picker 5: [0, 23, 28, 7, 3, 41, 61, 24, 44, 5, 27, 1, 21, 26, 46, 43, 83, 6, 82, 62, 64, 65, 14, 35, 0]
Rota do Picker 6: [0, 14, 4, 1, 41, 71, 91, 42, 62, 74, 65, 93, 61, 33, 53, 16, 73, 35, 55, 34, 44, 15, 54, 92, 72, 56, 81, 3, 17, 22, 21, 0]

Caso de teste: SLAPRP_Guo_small_O100_alpha0.3_v2.txt

Distancia Total: 1134.0
Quantidade de Pickers: 6
