Rota do Picker 1: [0, 40, 20, 9, 8, 7, 41, 61, 30, 3, 23, 43, 83, 67, 2, 22, 26, 46, 45, 65, 76, 13, 0]
Rota do Picker 2: [0, 7, 8, 26, 46, 9, 45, 42, 22, 33, 20, 40, 76, 18, 77, 57, 14, 0]
Rota do Picker 3: [0, 1, 22, 42, 26, 46, 45, 10, 9, 7, 12, 14, 17, 37, 57, 77, 97, 76, 20, 4, 21, 41, 61, 0]
Rota do Picker 4: [0, 22, 26, 46, 4, 45, 7, 8, 9, 30, 10, 18, 17, 94, 74, 14, 13, 33, 0]
Rota do Picker 5: [0, 33, 45, 8, 4, 23, 3, 7, 67, 43, 2, 22, 26, 46, 9, 30, 71, 11, 21, 61, 41, 36, 76, 0]
Rota do Picker 6: [0, 10, 8, 28, 26, 45, 2, 22, 7, 9, 30, 46, 3, 23, 43, 14, 40, 20, 76, 42, 0]
Rota do Picker 7: [0, 1, 7, 8, 9, 10, 45, 46, 26, 41, 61, 21, 76, 36, 14, 71, 11, 22, 42, 2, 0]
Rota do Picker 8: [0, 13, 20, 14, 22, 2, 43, 7, 8, 26, 46, 45, 42, 3, 23, 1, 0]
Rota do Picker 9: [0, 7, 76, 74, 57, 21, 1, 65, 45, 9, 28, 8, 4, 83, 43, 3, 18, 20, 40, 39, 14, 13, 11, 10, 46, 26, 22, 0]
Rota do Picker 10: [0, 33, 21, 41, 1, 46, 7, 0]
Rota do Picker 11: [0, 7, 11, 32, 14, 13, 39, 97, 77, 17, 12, 74, 94, 37, 20, 40, 18, 1, 9, 42, 22, 28, 26, 46, 4, 45, 8, 10, 30, 2, 0]

Caso de teste: SLAPRP_Guo_small_O200_alpha0.2_v5.txt

Distancia Total: 1262.0
Quantidade de Pickers: 11
