Rota do Picker 1: [0, 61, 81, 5, 25, 43, 82, 1, 3, 44, 6, 8, 26, 41, 21, 23, 62, 7, 64, 46, 45, 27, 0]
Rota do Picker 2: [0, 1, 21, 41, 61, 23, 26, 46, 62, 5, 8, 44, 43, 3, 81, 82, 27, 2, 65, 25, 64, 6, 45, 63, 7, 0]
Rota do Picker 3: [0, 22, 25, 3, 44, 6, 7, 23, 61, 5, 62, 64, 24, 65, 43, 4, 81, 41, 21, 1, 42, 0]
Rota do Picker 4: [0, 64, 8, 61, 1, 62, 44, 65, 5, 3, 22, 25, 27, 23, 26, 82, 21, 43, 45, 7, 81, 41, 46, 83, 6, 0]
Rota do Picker 5: [0, 1, 41, 61, 81, 23, 43, 82, 83, 27, 44, 26, 64, 46, 63, 6, 7, 62, 25, 21, 5, 3, 0]
Rota do Picker 6: [0, 43, 23, 3, 45, 82, 62, 61, 41, 21, 1, 44, 65, 81, 7, 63, 25, 83, 5, 0]
Rota do Picker 7: [0, 1, 21, 61, 11, 51, 34, 37, 0]
Rota do Picker 8: [0, 81, 63, 3, 43, 82, 83, 61, 23, 41, 21, 1, 62, 0]
Rota do Picker 9: [0, 23, 3, 41, 1, 82, 44, 61, 21, 81, 43, 64, 5, 65, 25, 45, 83, 63, 46, 0]
Rota do Picker 10: [0, 1, 21, 41, 42, 5, 64, 82, 7, 43, 61, 8, 23, 22, 27, 83, 25, 62, 63, 45, 26, 81, 65, 46, 3, 0]
Rota do Picker 11: [0, 44, 83, 65, 26, 46, 21, 45, 25, 43, 81, 27, 7, 5, 23, 61, 41, 1, 3, 63, 62, 82, 0]
Rota do Picker 12: [0, 46, 81, 45, 83, 65, 62, 63, 27, 44, 25, 82, 8, 5, 61, 22, 42, 4, 24, 64, 26, 1, 3, 7, 43, 23, 41, 21, 0]
Rota do Picker 13: [0, 63, 64, 65, 1, 5, 21, 41, 61, 81, 23, 43, 83, 3, 82, 62, 0]

Caso de teste: SLAPRP_Guo_small_O200_alpha0.4_v4.txt

Distancia Total: 1684.0
Quantidade de Pickers: 13
