Rota do Picker 1: [0, 21, 41, 81, 45, 46, 5, 26, 23, 43, 83, 6, 44, 7, 82, 25, 62, 65, 61, 1, 3, 0]
Rota do Picker 2: [0, 1, 21, 23, 75, 0]
Rota do Picker 3: [0, 21, 61, 23, 25, 8, 75, 45, 65, 46, 83, 1, 6, 5, 43, 3, 41, 42, 22, 7, 27, 62, 82, 26, 64, 0]
Rota do Picker 4: [0, 1, 41, 61, 3, 63, 82, 75, 27, 23, 43, 21, 45, 81, 62, 6, 5, 7, 22, 64, 0]
Rota do Picker 5: [0, 6, 25, 81, 26, 64, 82, 27, 23, 22, 42, 1, 21, 41, 5, 46, 62, 83, 61, 3, 43, 45, 8, 0]
Rota do Picker 6: [0, 1, 21, 11, 71, 14, 37, 56, 41, 25, 44, 61, 23, 26, 45, 64, 22, 27, 65, 62, 83, 6, 63, 81, 2, 5, 8, 43, 3, 7, 46, 0]
Rota do Picker 7: [0, 83, 65, 62, 42, 22, 64, 63, 61, 5, 82, 81, 3, 21, 43, 23, 41, 1, 44, 26, 75, 0]
Rota do Picker 8: [0, 64, 7, 83, 43, 8, 65, 5, 23, 3, 41, 21, 42, 22, 25, 1, 26, 27, 45, 46, 62, 82, 61, 6, 63, 44, 0]
Rota do Picker 9: [0, 82, 45, 44, 81, 5, 84, 6, 25, 83, 61, 63, 41, 7, 27, 62, 42, 22, 64, 43, 23, 3, 21, 1, 26, 0]
Rota do Picker 10: [0, 1, 21, 41, 22, 83, 27, 42, 23, 64, 46, 82, 7, 65, 25, 62, 43, 26, 5, 61, 3, 6, 24, 8, 45, 63, 81, 0]
Rota do Picker 11: [0, 5, 6, 23, 41, 46, 21, 43, 8, 3, 65, 64, 82, 45, 26, 63, 44, 7, 25, 61, 1, 62, 0]
Rota do Picker 12: [0, 62, 5, 3, 65, 44, 43, 61, 41, 21, 1, 63, 27, 81, 8, 46, 23, 83, 64, 45, 22, 42, 82, 0]
Rota do Picker 13: [0, 81, 61, 41, 21, 1, 43, 22, 23, 63, 0]

Caso de teste: SLAPRP_Guo_small_O200_alpha0.2_v4.txt

Distancia Total: 1884.0
Quantidade de Pickers: 13
