Rota do Picker 1: [0, 41, 3, 23, 43, 63, 6, 26, 46, 8, 4, 24, 5, 25, 9, 29, 27, 47, 16, 35, 53, 73, 15, 14, 21, 1, 0]
Rota do Picker 2: [0, 1, 21, 41, 3, 23, 43, 63, 83, 4, 24, 44, 73, 15, 53, 12, 47, 67, 6, 46, 26, 0]
Rota do Picker 3: [0, 1, 4, 23, 43, 15, 35, 16, 33, 62, 22, 34, 53, 93, 73, 54, 83, 63, 3, 5, 25, 85, 45, 44, 41, 21, 0]
Rota do Picker 4: [0, 1, 21, 4, 24, 44, 3, 63, 83, 86, 6, 26, 9, 46, 66, 33, 13, 15, 67, 47, 7, 65, 25, 5, 61, 41, 0]
Rota do Picker 5: [0, 3, 23, 4, 6, 46, 26, 85, 65, 63, 43, 83, 5, 9, 29, 22, 1, 41, 25, 8, 34, 0]
Rota do Picker 6: [0, 3, 9, 86, 66, 46, 6, 22, 34, 16, 45, 25, 28, 47, 5, 8, 1, 21, 41, 23, 43, 63, 83, 53, 0]
Rota do Picker 7: [0, 3, 43, 23, 41, 1, 21, 61, 81, 5, 6, 7, 8, 28, 45, 4, 24, 44, 15, 16, 93, 54, 0]
Rota do Picker 8: [0, 4, 8, 47, 24, 6, 26, 86, 93, 73, 53, 33, 85, 65, 45, 25, 5, 81, 61, 1, 21, 41, 3, 23, 43, 63, 0]
Rota do Picker 9: [0, 41, 21, 1, 61, 5, 45, 65, 67, 8, 26, 6, 3, 23, 43, 83, 16, 54, 53, 33, 4, 46, 66, 22, 25, 71, 91, 0]
Rota do Picker 10: [0, 1, 4, 44, 84, 24, 46, 26, 3, 23, 43, 83, 63, 9, 85, 45, 25, 5, 41, 21, 15, 53, 22, 82, 62, 42, 0]
Rota do Picker 11: [0, 1, 3, 4, 21, 14, 0]

Caso de teste: SLAPRP_Guo_small_O200_alpha0.4_v8.txt

Distancia Total: 1132.0
Quantidade de Pickers: 11
