Rota do Picker 1: [0, 45, 48, 9, 46, 26, 8, 28, 10, 50, 27, 70, 68, 7, 69, 89, 17, 37, 19, 1, 0]
Rota do Picker 2: [0, 1, 87, 27, 7, 10, 50, 70, 69, 26, 46, 8, 28, 9, 45, 89, 48, 31, 0]
Rota do Picker 3: [0, 60, 20, 1, 26, 27, 47, 87, 31, 12, 19, 45, 10, 7, 9, 46, 48, 28, 8, 21, 0]
Rota do Picker 4: [0, 1, 30, 50, 9, 48, 7, 27, 26, 46, 45, 84, 8, 87, 10, 40, 60, 80, 78, 38, 64, 68, 28, 31, 11, 18, 57, 59, 17, 55, 21, 0]
Rota do Picker 5: [0, 78, 17, 97, 37, 27, 9, 46, 26, 10, 70, 64, 96, 12, 11, 31, 57, 77, 19, 40, 47, 7, 69, 48, 28, 8, 2, 1, 0]
Rota do Picker 6: [0, 45, 47, 87, 26, 46, 28, 48, 10, 9, 27, 7, 8, 30, 70, 64, 84, 17, 19, 0]
Rota do Picker 7: [0, 45, 87, 47, 27, 7, 26, 46, 8, 48, 68, 30, 50, 9, 97, 78, 39, 18, 40, 20, 55, 74, 89, 28, 41, 21, 0]
Rota do Picker 8: [0, 11, 50, 10, 30, 8, 28, 9, 69, 19, 78, 38, 45, 64, 21, 1, 7, 27, 47, 26, 46, 84, 0]
Rota do Picker 9: [0, 1, 8, 48, 68, 47, 17, 19, 37, 40, 20, 55, 38, 59, 74, 94, 18, 78, 98, 57, 96, 60, 39, 76, 31, 11, 41, 0]
Rota do Picker 10: [0, 12, 45, 27, 9, 8, 7, 2, 10, 70, 3, 41, 68, 64, 84, 21, 69, 48, 47, 89, 31, 11, 50, 30, 46, 26, 1, 0]
Rota do Picker 11: [0, 10, 7, 26, 46, 9, 27, 50, 30, 28, 48, 8, 45, 40, 60, 78, 20, 17, 0]
Rota do Picker 12: [0, 83, 45, 26, 89, 69, 9, 8, 7, 27, 48, 68, 38, 78, 40, 60, 20, 46, 1, 0]

Caso de teste: SLAPRP_Guo_small_O200_alpha0.4_v7.txt

Distancia Total: 1770.0
Quantidade de Pickers: 12
