Rota do Picker 1: [0, 34, 11, 71, 60, 51, 19, 36, 77, 21, 41, 39, 26, 20, 61, 40, 78, 18, 52, 12, 23, 22, 0]
Rota do Picker 2: [0, 22, 23, 26, 10, 65, 3, 61, 1, 4, 46, 27, 50, 66, 43, 68, 21, 42, 30, 0]
Rota do Picker 3: [0, 66, 61, 20, 4, 62, 46, 53, 27, 21, 30, 60, 36, 68, 42, 41, 34, 51, 65, 10, 26, 23, 22, 1, 50, 40, 0]
Rota do Picker 4: [0, 20, 51, 60, 34, 94, 50, 61, 2, 78, 42, 1, 3, 23, 22, 66, 53, 36, 40, 30, 26, 19, 18, 72, 52, 12, 21, 77, 97, 0]
Rota do Picker 5: [0, 26, 18, 40, 33, 52, 12, 61, 21, 20, 78, 22, 3, 41, 94, 72, 36, 71, 51, 11, 60, 23, 1, 34, 0]
Rota do Picker 6: [0, 12, 34, 26, 94, 23, 41, 3, 46, 65, 40, 60, 30, 50, 20, 19, 62, 22, 1, 21, 0]
Rota do Picker 7: [0, 1, 21, 12, 52, 18, 20, 43, 26, 24, 77, 23, 22, 60, 50, 61, 33, 78, 40, 72, 62, 51, 11, 34, 0]
Rota do Picker 8: [0, 21, 61, 12, 20, 26, 39, 53, 62, 19, 11, 51, 33, 77, 97, 43, 2, 78, 34, 22, 40, 18, 52, 41, 1, 0]
Rota do Picker 9: [0, 2, 22, 52, 20, 50, 60, 21, 26, 10, 34, 40, 31, 12, 30, 1, 62, 27, 65, 53, 14, 51, 41, 68, 3, 23, 24, 4, 46, 11, 43, 66, 0]
Rota do Picker 10: [0, 68, 3, 10, 26, 41, 21, 36, 24, 60, 2, 22, 42, 27, 23, 46, 65, 30, 43, 50, 1, 62, 61, 0]
Rota do Picker 11: [0, 1, 21, 22, 23, 12, 51, 18, 20, 4, 42, 2, 34, 52, 43, 3, 26, 0]
Rota do Picker 12: [0, 21, 2, 12, 34, 19, 40, 30, 50, 26, 20, 39, 78, 3, 22, 23, 61, 52, 60, 77, 18, 33, 94, 1, 51, 31, 11, 41, 97, 24, 0]
Rota do Picker 13: [0, 42, 26, 46, 65, 20, 40, 53, 10, 27, 2, 30, 43, 34, 52, 12, 1, 21, 3, 22, 68, 36, 61, 23, 50, 60, 4, 66, 0]
Rota do Picker 14: [0, 51, 50, 27, 1, 12, 68, 36, 2, 4, 40, 30, 22, 21, 43, 26, 46, 10, 65, 34, 23, 66, 41, 0]

Caso de teste: SLAPRP_Guo_small_O200_alpha0.2_v3.txt

Distancia Total: 3206.0
Quantidade de Pickers: 14
