Rota do Picker 1: [0, 1, 11, 0]
Rota do Picker 2: [0, 1, 21, 41, 23, 43, 83, 63, 84, 7, 45, 65, 5, 17, 16, 73, 61, 81, 64, 24, 4, 0]
Rota do Picker 3: [0, 1, 4, 5, 25, 45, 65, 6, 46, 74, 17, 71, 51, 62, 82, 22, 14, 55, 73, 8, 52, 72, 53, 35, 15, 61, 21, 41, 23, 43, 0]
Rota do Picker 4: [0, 1, 21, 41, 23, 43, 4, 24, 3, 27, 47, 2, 7, 45, 65, 6, 36, 16, 51, 25, 5, 61, 81, 33, 73, 93, 0]
Rota do Picker 5: [0, 54, 14, 61, 33, 91, 71, 41, 1, 82, 62, 84, 64, 4, 0]

Caso de teste: SLAPRP_Guo_small_O50_alpha0.2_v3.txt

Distancia Total: 484.0
Quantidade de Pickers: 5
