Rota do Picker 1: [0, 1, 21, 67, 87, 47, 10, 48, 30, 9, 46, 26, 27, 7, 2, 84, 45, 69, 40, 20, 59, 19, 18, 75, 55, 0]
Rota do Picker 2: [0, 1, 21, 46, 7, 9, 50, 45, 26, 89, 10, 30, 57, 77, 20, 60, 68, 48, 8, 28, 69, 67, 47, 87, 27, 3, 0]
Rota do Picker 3: [0, 45, 67, 7, 27, 30, 9, 48, 47, 8, 40, 19, 77, 12, 11, 55, 75, 74, 94, 17, 20, 10, 28, 46, 26, 21, 1, 0]
Rota do Picker 4: [0, 45, 46, 7, 27, 67, 87, 48, 28, 8, 37, 18, 94, 74, 11, 55, 75, 17, 40, 39, 59, 77, 98, 36, 96, 60, 20, 13, 10, 47, 26, 1, 0]
Rota do Picker 5: [0, 10, 30, 69, 50, 47, 27, 7, 46, 8, 28, 48, 9, 26, 45, 75, 40, 20, 77, 0]
Rota do Picker 6: [0, 45, 12, 7, 87, 67, 9, 68, 48, 84, 64, 26, 47, 27, 8, 46, 2, 1, 21, 77, 59, 20, 18, 19, 39, 55, 0]

Caso de teste: SLAPRP_Guo_small_O100_alpha0.4_v7.txt

Distancia Total: 940.0
Quantidade de Pickers: 6
