Rota do Picker 1: [0, 21, 41, 23, 5, 65, 1, 43, 24, 6, 61, 81, 82, 63, 64, 4, 45, 83, 25, 44, 0]
Rota do Picker 2: [0, 1, 21, 41, 81, 7, 45, 83, 44, 46, 61, 65, 82, 4, 24, 26, 8, 43, 23, 5, 25, 6, 64, 0]
Rota do Picker 3: [0, 27, 44, 23, 65, 26, 83, 63, 61, 41, 21, 1, 81, 25, 64, 4, 24, 75, 43, 7, 5, 45, 46, 82, 8, 6, 0]
Rota do Picker 4: [0, 41, 43, 26, 64, 37, 27, 5, 45, 65, 24, 63, 61, 25, 23, 81, 21, 1, 44, 4, 0]
Rota do Picker 5: [0, 4, 64, 24, 6, 81, 82, 65, 44, 75, 43, 23, 63, 5, 61, 41, 21, 1, 83, 26, 37, 0]
Rota do Picker 6: [0, 41, 81, 8, 56, 61, 21, 1, 63, 23, 43, 64, 37, 82, 0]
Rota do Picker 7: [0, 21, 41, 23, 43, 8, 45, 44, 63, 6, 4, 81, 24, 65, 26, 83, 25, 5, 1, 46, 27, 61, 64, 7, 0]
Rota do Picker 8: [0, 1, 41, 61, 81, 24, 43, 6, 45, 64, 25, 63, 83, 26, 23, 21, 4, 0]
Rota do Picker 9: [0, 24, 1, 21, 41, 61, 23, 43, 45, 82, 63, 83, 5, 81, 25, 0]
Rota do Picker 10: [0, 1, 21, 41, 61, 23, 37, 51, 13, 53, 17, 75, 32, 15, 35, 36, 0]
Rota do Picker 11: [0, 27, 44, 63, 8, 43, 23, 41, 21, 1, 82, 4, 64, 61, 83, 25, 24, 45, 62, 22, 6, 26, 7, 5, 37, 0]
Rota do Picker 12: [0, 82, 63, 64, 81, 65, 8, 46, 1, 6, 27, 41, 4, 24, 21, 23, 43, 7, 26, 61, 5, 25, 45, 0]

Caso de teste: SLAPRP_Guo_small_O200_alpha0.3_v5.txt

Distancia Total: 1612.0
Quantidade de Pickers: 12
