Rota do Picker 1: [0, 11, 51, 32, 74, 94, 18, 57, 77, 37, 20, 40, 65, 67, 26, 42, 2, 10, 43, 75, 1, 41, 61, 0]
Rota do Picker 2: [0, 1, 61, 22, 26, 46, 45, 9, 30, 8, 7, 4, 41, 21, 13, 14, 0]
Rota do Picker 3: [0, 14, 83, 43, 42, 7, 8, 45, 10, 9, 46, 26, 22, 21, 1, 0]
Rota do Picker 4: [0, 2, 43, 83, 7, 67, 26, 33, 32, 18, 20, 39, 37, 57, 77, 61, 72, 74, 94, 14, 71, 51, 11, 21, 1, 0]
Rota do Picker 5: [0, 22, 42, 7, 8, 9, 45, 2, 61, 41, 1, 26, 46, 4, 43, 71, 36, 0]
Rota do Picker 6: [0, 2, 22, 43, 7, 8, 9, 30, 45, 21, 1, 14, 13, 33, 0]
Rota do Picker 7: [0, 45, 26, 46, 7, 8, 9, 10, 30, 41, 21, 61, 22, 20, 40, 14, 2, 43, 0]
Rota do Picker 8: [0, 21, 61, 32, 14, 57, 20, 18, 77, 37, 11, 13, 33, 41, 40, 2, 75, 74, 72, 1, 46, 45, 65, 8, 10, 9, 67, 7, 26, 22, 42, 4, 0]
Rota do Picker 9: [0, 1, 7, 8, 9, 10, 45, 22, 42, 40, 39, 20, 77, 37, 72, 32, 12, 74, 94, 14, 33, 30, 46, 26, 83, 23, 3, 0]
Rota do Picker 10: [0, 1, 22, 12, 13, 74, 94, 18, 32, 14, 37, 57, 77, 40, 75, 43, 83, 7, 9, 30, 26, 39, 20, 41, 0]
Rota do Picker 11: [0, 22, 1, 45, 26, 7, 0]

Caso de teste: SLAPRP_Guo_small_O200_alpha0.2_v5.txt

Distancia Total: 1242.0
Quantidade de Pickers: 11
