Rota do Picker 1: [0, 1, 21, 41, 23, 43, 37, 42, 5, 82, 62, 25, 22, 4, 64, 7, 26, 46, 3, 45, 8, 44, 24, 6, 0]
Rota do Picker 2: [0, 53, 46, 64, 44, 24, 21, 1, 61, 6, 14, 23, 25, 22, 8, 45, 83, 63, 43, 5, 62, 42, 41, 72, 0]
Rota do Picker 3: [0, 46, 41, 23, 43, 63, 62, 82, 5, 8, 61, 1, 44, 25, 45, 65, 42, 22, 24, 4, 3, 21, 26, 83, 0]
Rota do Picker 4: [0, 1, 2, 42, 62, 82, 27, 37, 56, 21, 61, 41, 81, 0]
Rota do Picker 5: [0, 1, 3, 23, 24, 43, 26, 64, 4, 44, 5, 27, 83, 42, 45, 7, 6, 63, 41, 46, 82, 81, 8, 21, 65, 25, 0]
Rota do Picker 6: [0, 21, 4, 24, 3, 73, 93, 17, 1, 41, 81, 34, 61, 14, 55, 91, 13, 33, 18, 37, 0]
Rota do Picker 7: [0, 3, 23, 42, 62, 5, 6, 82, 64, 61, 43, 81, 63, 83, 41, 21, 1, 37, 0]

Caso de teste: SLAPRP_Guo_small_O100_alpha0.4_v2.txt

Distancia Total: 922.0
Quantidade de Pickers: 7
