Rota do Picker 1: [0, 21, 41, 61, 81, 52, 54, 74, 24, 75, 23, 2, 5, 17, 63, 16, 3, 34, 14, 62, 42, 1, 94, 93, 73, 71, 82, 55, 35, 12, 15, 4, 32, 13, 0]
Rota do Picker 2: [0, 1, 21, 22, 42, 14, 34, 17, 3, 23, 12, 72, 35, 20, 24, 41, 16, 38, 71, 51, 6, 75, 15, 33, 13, 61, 4, 37, 73, 18, 55, 53, 93, 74, 54, 32, 0]
Rota do Picker 3: [0, 63, 75, 73, 71, 91, 17, 35, 15, 94, 61, 34, 14, 41, 32, 24, 82, 6, 74, 54, 53, 33, 13, 21, 1, 4, 23, 76, 3, 43, 0]
Rota do Picker 4: [0, 1, 13, 33, 16, 82, 32, 15, 54, 74, 71, 91, 18, 34, 12, 37, 57, 36, 56, 17, 44, 38, 95, 55, 96, 75, 14, 41, 21, 39, 53, 52, 35, 61, 0]
Rota do Picker 5: [0, 22, 42, 34, 1, 4, 24, 3, 12, 52, 54, 0]
Rota do Picker 6: [0, 19, 35, 52, 24, 4, 23, 3, 1, 21, 41, 42, 62, 14, 34, 61, 54, 94, 25, 75, 82, 63, 31, 83, 44, 12, 74, 71, 15, 5, 13, 33, 16, 6, 0]
Rota do Picker 7: [0, 1, 22, 42, 14, 34, 54, 3, 4, 13, 33, 74, 18, 32, 15, 12, 52, 75, 61, 71, 16, 56, 21, 41, 76, 25, 0]

Caso de teste: SLAPRP_Guo_small_O100_alpha0.2_v6.txt

Distancia Total: 1478.0
Quantidade de Pickers: 7
