Rota do Picker 1: [0, 45, 9, 28, 8, 46, 26, 27, 7, 55, 18, 77, 37, 12, 13, 96, 60, 40, 20, 70, 30, 10, 21, 0]
Rota do Picker 2: [0, 26, 46, 8, 27, 45, 50, 30, 9, 7, 67, 87, 60, 20, 18, 10, 70, 28, 19, 80, 40, 2, 0]
Rota do Picker 3: [0, 74, 94, 55, 80, 98, 1, 12, 32, 26, 46, 8, 28, 9, 11, 18, 37, 59, 10, 30, 89, 17, 76, 19, 39, 40, 60, 20, 87, 27, 7, 21, 0]
Rota do Picker 4: [0, 11, 17, 18, 59, 77, 2, 1, 3, 37, 19, 20, 60, 40, 48, 30, 89, 27, 7, 50, 10, 9, 8, 46, 26, 45, 36, 55, 83, 0]
Rota do Picker 5: [0, 11, 46, 26, 28, 8, 9, 45, 37, 74, 94, 10, 70, 18, 17, 13, 30, 21, 1, 7, 27, 67, 48, 12, 0]
Rota do Picker 6: [0, 27, 87, 1, 46, 67, 9, 22, 3, 26, 7, 8, 28, 45, 10, 55, 39, 59, 19, 60, 20, 18, 74, 0]

Caso de teste: SLAPRP_Guo_small_O100_alpha0.3_v10.txt

Distancia Total: 1060.0
Quantidade de Pickers: 6
