Rota do Picker 1: [0, 26, 46, 27, 42, 74, 65, 8, 62, 5, 82, 43, 7, 24, 61, 41, 21, 63, 23, 4, 1, 6, 81, 25, 0]
Rota do Picker 2: [0, 41, 21, 61, 81, 1, 0]
Rota do Picker 3: [0, 1, 41, 61, 4, 24, 74, 5, 44, 43, 45, 65, 81, 63, 36, 83, 27, 62, 26, 55, 14, 23, 21, 0]
Rota do Picker 4: [0, 21, 61, 51, 72, 92, 73, 75, 1, 32, 34, 16, 18, 0]
Rota do Picker 5: [0, 83, 21, 43, 23, 4, 61, 41, 1, 65, 64, 26, 82, 74, 7, 45, 46, 25, 5, 81, 3, 62, 24, 22, 42, 63, 0]
Rota do Picker 6: [0, 5, 64, 65, 25, 83, 27, 45, 43, 82, 21, 41, 61, 23, 6, 26, 7, 44, 1, 81, 4, 24, 8, 63, 46, 0]
Rota do Picker 7: [0, 21, 61, 81, 43, 5, 62, 74, 23, 6, 82, 24, 64, 65, 4, 41, 1, 0]
Rota do Picker 8: [0, 63, 5, 8, 24, 4, 21, 27, 44, 6, 1, 61, 81, 43, 83, 7, 26, 41, 23, 46, 62, 65, 82, 33, 55, 0]
Rota do Picker 9: [0, 62, 63, 46, 6, 27, 83, 82, 1, 5, 65, 8, 43, 23, 41, 21, 25, 4, 81, 61, 24, 7, 0]
Rota do Picker 10: [0, 8, 4, 21, 1, 45, 7, 23, 81, 61, 41, 6, 83, 26, 64, 22, 5, 65, 44, 46, 43, 63, 25, 27, 0]
Rota do Picker 11: [0, 61, 23, 62, 45, 65, 83, 41, 5, 43, 24, 4, 21, 1, 81, 82, 91, 0]
Rota do Picker 12: [0, 1, 21, 41, 61, 23, 43, 5, 4, 26, 82, 44, 46, 81, 6, 24, 83, 25, 65, 45, 63, 0]
Rota do Picker 13: [0, 23, 43, 25, 62, 63, 65, 83, 81, 64, 24, 8, 4, 21, 1, 5, 74, 82, 45, 6, 61, 41, 0]
Rota do Picker 14: [0, 65, 45, 63, 27, 7, 83, 26, 8, 43, 81, 62, 64, 5, 23, 24, 4, 61, 41, 21, 25, 1, 0]

Caso de teste: SLAPRP_Guo_small_O200_alpha0.3_v10.txt

Distancia Total: 1934.0
Quantidade de Pickers: 14
