Rota do Picker 1: [0, 1, 21, 41, 61, 3, 23, 63, 4, 24, 26, 7, 16, 36, 55, 54, 94, 84, 27, 45, 43, 22, 42, 0]
Rota do Picker 2: [0, 1, 23, 83, 43, 3, 41, 21, 42, 22, 5, 25, 45, 63, 34, 14, 27, 44, 64, 53, 35, 15, 55, 24, 4, 0]
Rota do Picker 3: [0, 51, 5, 23, 3, 4, 41, 21, 1, 6, 43, 8, 33, 72, 92, 15, 65, 44, 84, 25, 22, 42, 62, 14, 16, 36, 55, 53, 17, 0]
Rota do Picker 4: [0, 24, 44, 25, 1, 21, 41, 61, 81, 6, 47, 27, 7, 42, 22, 62, 83, 63, 4, 45, 85, 65, 5, 23, 3, 43, 54, 34, 17, 73, 53, 0]
Rota do Picker 5: [0, 1, 22, 42, 62, 16, 36, 92, 72, 61, 41, 8, 4, 23, 21, 81, 6, 26, 65, 25, 5, 84, 64, 46, 83, 43, 3, 7, 0]
Rota do Picker 6: [0, 41, 61, 1, 21, 25, 5, 22, 42, 94, 34, 64, 4, 43, 3, 62, 82, 16, 15, 81, 54, 0]

Caso de teste: SLAPRP_Guo_small_O100_alpha0.4_v3.txt

Distancia Total: 810.0
Quantidade de Pickers: 6
