Rota do Picker 1: [0, 41, 1, 21, 23, 7, 27, 87, 26, 64, 45, 8, 9, 10, 84, 42, 22, 83, 67, 30, 40, 3, 0]
Rota do Picker 2: [0, 21, 41, 7, 9, 26, 45, 27, 87, 10, 84, 83, 1, 8, 50, 69, 30, 64, 23, 0]
Rota do Picker 3: [0, 7, 83, 10, 41, 3, 84, 87, 11, 1, 4, 22, 13, 23, 64, 42, 76, 27, 40, 45, 9, 8, 26, 21, 32, 0]
Rota do Picker 4: [0, 9, 64, 7, 26, 40, 3, 27, 87, 41, 13, 10, 30, 8, 45, 42, 22, 11, 20, 84, 83, 23, 4, 21, 1, 76, 0]
Rota do Picker 5: [0, 21, 42, 8, 20, 22, 12, 18, 7, 0]
Rota do Picker 6: [0, 59, 40, 1, 32, 19, 17, 12, 30, 20, 77, 13, 7, 75, 57, 18, 93, 11, 41, 21, 0]
Rota do Picker 7: [0, 21, 4, 7, 27, 69, 50, 83, 89, 64, 30, 67, 8, 87, 45, 10, 9, 26, 1, 0]
Rota do Picker 8: [0, 21, 22, 83, 36, 7, 27, 45, 20, 40, 0]

Caso de teste: SLAPRP_Guo_small_O100_alpha0.2_v1.txt

Distancia Total: 1272.0
Quantidade de Pickers: 8
