Rota do Picker 1: [0, 21, 0]
Rota do Picker 2: [0, 21, 0]
Rota do Picker 3: [0, 21, 0]
Rota do Picker 4: [0, 15, 67, 47, 5, 61, 41, 21, 1, 81, 25, 9, 29, 46, 86, 83, 63, 43, 3, 0]
Rota do Picker 5: [0, 9, 46, 6, 1, 21, 41, 3, 43, 63, 83, 26, 7, 8, 61, 16, 54, 14, 15, 0]
Rota do Picker 6: [0, 53, 73, 1, 21, 41, 61, 81, 5, 25, 85, 45, 8, 26, 6, 46, 83, 63, 3, 0]
Rota do Picker 7: [0, 15, 1, 41, 3, 43, 7, 67, 47, 61, 81, 5, 25, 45, 85, 33, 93, 53, 9, 86, 66, 46, 6, 21, 0]
Rota do Picker 8: [0, 1, 41, 21, 61, 81, 5, 29, 9, 47, 67, 6, 28, 16, 53, 7, 65, 25, 85, 8, 63, 43, 3, 0]
Rota do Picker 9: [0, 61, 1, 21, 41, 5, 25, 45, 8, 47, 16, 33, 53, 73, 83, 63, 43, 3, 0]
Rota do Picker 10: [0, 21, 82, 26, 1, 41, 61, 3, 43, 63, 62, 46, 66, 6, 42, 53, 73, 54, 34, 0]
Rota do Picker 11: [0, 61, 41, 1, 5, 25, 45, 85, 46, 33, 53, 73, 44, 21, 81, 3, 63, 83, 23, 43, 86, 15, 92, 12, 16, 66, 54, 65, 0]
Rota do Picker 12: [0, 1, 41, 21, 61, 81, 5, 25, 45, 24, 6, 8, 29, 22, 43, 83, 63, 3, 9, 28, 31, 0]
Rota do Picker 13: [0, 21, 13, 53, 72, 61, 81, 3, 23, 63, 43, 6, 46, 47, 7, 15, 33, 8, 65, 85, 45, 25, 5, 1, 41, 0]
Rota do Picker 14: [0, 3, 6, 1, 41, 21, 0]

Caso de teste: SLAPRP_Guo_small_O200_alpha0.4_v8.txt

Distancia Total: 1122.0
Quantidade de Pickers: 14
