Rota do Picker 1: [0, 41, 3, 83, 7, 27, 87, 26, 19, 36, 84, 1, 65, 67, 48, 46, 9, 40, 20, 8, 23, 69, 45, 21, 2, 0]
Rota do Picker 2: [0, 67, 18, 45, 32, 55, 39, 97, 13, 59, 98, 20, 79, 1, 19, 36, 2, 75, 93, 11, 41, 21, 7, 57, 94, 74, 51, 10, 0]
Rota do Picker 3: [0, 3, 83, 7, 46, 27, 23, 69, 19, 87, 64, 22, 10, 67, 1, 42, 26, 85, 21, 2, 65, 40, 84, 89, 9, 48, 8, 45, 0]
Rota do Picker 4: [0, 87, 7, 48, 21, 45, 27, 8, 46, 26, 2, 69, 1, 42, 65, 67, 41, 10, 84, 9, 64, 83, 85, 0]
Rota do Picker 5: [0, 84, 65, 22, 8, 48, 41, 67, 26, 46, 27, 2, 7, 87, 9, 45, 10, 64, 1, 0]
Rota do Picker 6: [0, 10, 57, 94, 74, 21, 11, 51, 55, 75, 7, 40, 84, 65, 79, 67, 0]
Rota do Picker 7: [0, 7, 27, 87, 26, 46, 20, 1, 8, 48, 45, 19, 64, 41, 65, 2, 21, 40, 9, 22, 67, 10, 83, 3, 85, 36, 84, 0]
Rota do Picker 8: [0, 48, 21, 42, 67, 41, 9, 7, 69, 64, 8, 65, 45, 10, 87, 27, 46, 26, 1, 0]
Rota do Picker 9: [0, 1, 23, 26, 46, 65, 19, 20, 40, 45, 27, 36, 87, 7, 2, 3, 8, 48, 0]
Rota do Picker 10: [0, 83, 3, 89, 85, 21, 64, 69, 9, 22, 1, 8, 48, 10, 19, 2, 7, 67, 87, 26, 46, 27, 45, 65, 84, 20, 0]
Rota do Picker 11: [0, 7, 27, 67, 87, 9, 45, 10, 26, 46, 8, 89, 48, 69, 84, 0]
Rota do Picker 12: [0, 2, 45, 85, 84, 20, 3, 83, 26, 46, 27, 19, 40, 7, 8, 87, 10, 9, 21, 65, 23, 36, 48, 0]
Rota do Picker 13: [0, 26, 10, 8, 89, 48, 69, 84, 45, 46, 9, 87, 67, 27, 7, 1, 0]

Caso de teste: SLAPRP_Guo_small_O200_alpha0.2_v1.txt

Distancia Total: 2524.0
Quantidade de Pickers: 13
