Rota do Picker 1: [0, 1, 21, 22, 42, 14, 34, 56, 4, 81, 5, 13, 33, 73, 16, 43, 39, 41, 92, 91, 71, 23, 53, 93, 77, 74, 24, 61, 17, 55, 15, 3, 54, 0]
Rota do Picker 2: [0, 21, 13, 73, 39, 5, 77, 95, 93, 96, 57, 17, 59, 81, 38, 23, 15, 35, 1, 33, 16, 36, 53, 61, 56, 71, 22, 4, 14, 34, 54, 74, 0]
Rota do Picker 3: [0, 1, 71, 91, 56, 16, 73, 53, 33, 13, 95, 15, 77, 21, 17, 37, 97, 61, 57, 96, 36, 23, 74, 20, 35, 22, 4, 18, 54, 34, 14, 0]
Rota do Picker 4: [0, 57, 17, 73, 53, 33, 13, 21, 1, 36, 16, 91, 77, 37, 74, 97, 71, 42, 81, 94, 54, 34, 14, 61, 56, 18, 22, 4, 58, 0]
Rota do Picker 5: [0, 20, 63, 37, 81, 59, 39, 5, 95, 52, 15, 35, 77, 22, 57, 13, 33, 53, 73, 21, 14, 34, 54, 74, 18, 1, 71, 16, 36, 38, 58, 0]
Rota do Picker 6: [0, 53, 33, 4, 22, 62, 18, 34, 74, 73, 13, 23, 54, 14, 93, 36, 16, 91, 71, 24, 5, 21, 1, 81, 41, 63, 42, 61, 43, 0]
Rota do Picker 7: [0, 21, 81, 23, 16, 95, 5, 1, 13, 33, 53, 4, 57, 15, 55, 36, 35, 77, 41, 37, 24, 61, 73, 74, 54, 34, 14, 42, 22, 17, 0]
Rota do Picker 8: [0, 21, 5, 13, 16, 23, 14, 74, 94, 81, 18, 43, 77, 58, 54, 4, 34, 36, 42, 37, 61, 17, 97, 71, 91, 1, 41, 33, 73, 53, 0]
Rota do Picker 9: [0, 1, 5, 16, 71, 14, 42, 41, 21, 23, 13, 53, 0]
Rota do Picker 10: [0, 43, 63, 14, 34, 20, 94, 91, 71, 36, 16, 93, 22, 21, 13, 53, 73, 18, 23, 2, 1, 56, 33, 95, 17, 38, 58, 54, 74, 39, 0]
Rota do Picker 11: [0, 1, 17, 77, 21, 39, 14, 34, 54, 18, 35, 95, 42, 38, 58, 59, 97, 55, 20, 33, 16, 36, 15, 94, 56, 57, 37, 73, 53, 13, 0]

Caso de teste: SLAPRP_Guo_small_O200_alpha0.3_v3.txt

Distancia Total: 2394.0
Quantidade de Pickers: 11
