Rota do Picker 1: [0, 21, 61, 44, 41, 81, 3, 23, 5, 26, 43, 6, 1, 42, 22, 63, 24, 25, 0]
Rota do Picker 2: [0, 43, 57, 63, 61, 37, 91, 25, 17, 6, 56, 5, 81, 75, 24, 22, 19, 42, 23, 3, 41, 21, 1, 82, 38, 0]
Rota do Picker 3: [0, 63, 96, 42, 22, 21, 76, 23, 41, 1, 3, 57, 56, 0]
Rota do Picker 4: [0, 44, 25, 61, 81, 5, 63, 82, 24, 1, 21, 41, 3, 23, 42, 22, 91, 56, 0]
Rota do Picker 5: [0, 22, 42, 6, 5, 43, 83, 82, 25, 24, 63, 23, 3, 41, 21, 1, 2, 45, 37, 0]
Rota do Picker 6: [0, 17, 22, 56, 23, 3, 41, 1, 37, 6, 42, 61, 81, 21, 91, 63, 0]
Rota do Picker 7: [0, 96, 5, 23, 6, 17, 44, 64, 76, 42, 22, 81, 3, 61, 41, 21, 1, 91, 45, 38, 25, 75, 83, 0]
Rota do Picker 8: [0, 1, 23, 24, 83, 43, 6, 91, 42, 22, 3, 41, 21, 61, 62, 82, 63, 36, 0]
Rota do Picker 9: [0, 76, 3, 21, 38, 23, 42, 22, 61, 1, 62, 82, 37, 36, 5, 53, 91, 57, 11, 94, 17, 81, 41, 63, 0]
Rota do Picker 10: [0, 94, 36, 1, 21, 41, 61, 81, 3, 23, 19, 22, 42, 75, 95, 24, 34, 43, 82, 62, 17, 76, 37, 63, 25, 56, 38, 91, 0]
Rota do Picker 11: [0, 1, 21, 3, 23, 22, 82, 56, 75, 0]
Rota do Picker 12: [0, 83, 82, 81, 64, 63, 44, 43, 42, 61, 22, 23, 3, 41, 21, 1, 0]

Caso de teste: SLAPRP_Guo_small_O200_alpha0.2_v5.txt

Distancia Total: 1772.0
Quantidade de Pickers: 12
