Rota do Picker 1: [0, 1, 0]
Rota do Picker 2: [0, 61, 81, 24, 44, 65, 45, 27, 4, 46, 26, 82, 62, 7, 5, 64, 83, 43, 23, 3, 41, 21, 1, 0]
Rota do Picker 3: [0, 62, 5, 3, 81, 41, 21, 1, 61, 26, 7, 8, 64, 65, 25, 4, 24, 63, 83, 43, 23, 12, 18, 0]
Rota do Picker 4: [0, 1, 41, 61, 21, 4, 44, 3, 43, 63, 62, 82, 45, 24, 22, 2, 6, 26, 25, 0]
Rota do Picker 5: [0, 1, 21, 41, 61, 3, 23, 64, 24, 44, 46, 26, 27, 6, 63, 43, 65, 45, 25, 4, 82, 62, 0]
Rota do Picker 6: [0, 1, 21, 61, 81, 26, 6, 8, 46, 44, 4, 24, 45, 5, 83, 63, 43, 23, 3, 41, 0]
Rota do Picker 7: [0, 1, 43, 23, 3, 41, 21, 61, 81, 65, 83, 63, 24, 27, 6, 5, 73, 32, 11, 14, 0]

Caso de teste: SLAPRP_Guo_small_O100_alpha0.3_v4.txt

Distancia Total: 542.0
Quantidade de Pickers: 7
