Rota do Picker 1: [0, 1, 21, 24, 36, 41, 4, 37, 61, 81, 23, 83, 74, 42, 0]
Rota do Picker 2: [0, 6, 81, 15, 32, 74, 17, 25, 21, 36, 53, 13, 37, 24, 18, 1, 41, 23, 56, 61, 94, 4, 42, 62, 0]
Rota do Picker 3: [0, 7, 37, 51, 81, 61, 41, 17, 64, 24, 55, 5, 21, 1, 82, 84, 94, 4, 23, 43, 18, 42, 65, 44, 36, 0]
Rota do Picker 4: [0, 56, 74, 23, 61, 41, 17, 43, 24, 55, 4, 81, 21, 1, 5, 65, 63, 37, 75, 42, 94, 0]
Rota do Picker 5: [0, 7, 81, 45, 64, 44, 27, 82, 42, 62, 6, 21, 1, 41, 61, 4, 24, 84, 5, 43, 65, 23, 0]
Rota do Picker 6: [0, 1, 21, 41, 23, 7, 65, 5, 74, 44, 42, 61, 4, 43, 84, 24, 81, 0]
Rota do Picker 7: [0, 1, 21, 41, 61, 81, 4, 43, 36, 7, 5, 24, 6, 63, 23, 45, 42, 27, 44, 62, 65, 64, 0]
Rota do Picker 8: [0, 81, 5, 83, 94, 6, 82, 26, 62, 42, 56, 43, 17, 18, 23, 4, 61, 41, 21, 1, 74, 0]
Rota do Picker 9: [0, 42, 84, 4, 24, 44, 6, 43, 61, 81, 5, 7, 27, 63, 26, 23, 41, 21, 1, 74, 62, 0]
Rota do Picker 10: [0, 25, 42, 1, 43, 24, 61, 41, 4, 82, 45, 7, 23, 21, 95, 6, 5, 84, 44, 81, 62, 26, 83, 64, 0]
Rota do Picker 11: [0, 18, 65, 5, 1, 61, 23, 43, 94, 41, 45, 56, 44, 55, 4, 81, 6, 21, 17, 42, 24, 83, 37, 95, 82, 7, 0]
Rota do Picker 12: [0, 61, 21, 43, 23, 41, 1, 83, 42, 44, 24, 6, 81, 26, 25, 4, 7, 5, 0]
Rota do Picker 13: [0, 1, 61, 23, 43, 83, 5, 55, 41, 4, 62, 42, 81, 82, 37, 64, 6, 74, 21, 44, 24, 63, 26, 36, 0]
Rota do Picker 14: [0, 41, 4, 5, 45, 17, 37, 21, 61, 24, 74, 82, 55, 63, 6, 42, 1, 83, 62, 64, 94, 81, 36, 18, 23, 43, 7, 0]

Caso de teste: SLAPRP_Guo_small_O200_alpha0.2_v9.txt

Distancia Total: 2480.0
Quantidade de Pickers: 14
