Rota do Picker 1: [0, 21, 4, 5, 3, 17, 73, 1, 41, 61, 74, 81, 6, 63, 62, 43, 23, 26, 45, 65, 42, 82, 27, 7, 25, 93, 91, 72, 52, 0]
Rota do Picker 2: [0, 21, 61, 6, 7, 27, 62, 42, 43, 8, 65, 74, 4, 46, 63, 3, 45, 25, 64, 26, 5, 24, 23, 41, 1, 0]
Rota do Picker 3: [0, 41, 61, 25, 83, 43, 82, 81, 21, 23, 93, 5, 3, 62, 42, 22, 2, 1, 0]
Rota do Picker 4: [0, 74, 24, 3, 23, 26, 65, 43, 8, 4, 25, 83, 6, 45, 27, 82, 42, 61, 7, 63, 21, 41, 5, 46, 62, 81, 1, 44, 64, 12, 0]
Rota do Picker 5: [0, 21, 41, 74, 6, 81, 61, 1, 0]
Rota do Picker 6: [0, 1, 21, 41, 61, 14, 34, 54, 32, 17, 13, 52, 18, 75, 36, 15, 11, 37, 93, 74, 81, 0]
Rota do Picker 7: [0, 1, 21, 3, 23, 4, 62, 5, 63, 43, 64, 24, 25, 44, 41, 45, 65, 46, 26, 81, 61, 7, 42, 82, 0]

Caso de teste: SLAPRP_Guo_small_O100_alpha0.2_v7.txt

Distancia Total: 964.0
Quantidade de Pickers: 7
