Rota do Picker 1: [0, 60, 37, 36, 84, 27, 8, 26, 87, 7, 65, 98, 77, 18, 12, 41, 21, 13, 93, 20, 40, 19, 70, 50, 10, 9, 46, 22, 0]
Rota do Picker 2: [0, 36, 60, 20, 7, 87, 27, 10, 9, 8, 45, 85, 26, 46, 30, 69, 21, 65, 0]
Rota do Picker 3: [0, 20, 87, 10, 8, 41, 21, 26, 7, 27, 9, 69, 30, 45, 3, 22, 46, 65, 85, 50, 1, 2, 84, 0]
Rota do Picker 4: [0, 37, 60, 20, 45, 69, 9, 8, 87, 27, 7, 50, 46, 26, 85, 89, 83, 3, 21, 0]
Rota do Picker 5: [0, 13, 93, 40, 20, 18, 10, 50, 30, 70, 67, 7, 27, 87, 8, 9, 69, 46, 17, 31, 59, 98, 94, 74, 75, 36, 12, 0]
Rota do Picker 6: [0, 36, 22, 1, 50, 46, 26, 7, 83, 3, 21, 67, 69, 9, 8, 30, 10, 27, 45, 2, 0]
Rota do Picker 7: [0, 1, 21, 2, 85, 27, 50, 10, 9, 8, 46, 26, 7, 67, 70, 87, 98, 77, 19, 18, 12, 13, 40, 22, 93, 75, 94, 74, 32, 60, 20, 3, 41, 0]
Rota do Picker 8: [0, 1, 21, 7, 26, 46, 65, 20, 60, 37, 84, 27, 87, 30, 10, 9, 45, 85, 8, 41, 32, 0]
Rota do Picker 9: [0, 20, 60, 89, 50, 70, 22, 26, 36, 37, 41, 21, 1, 7, 8, 9, 46, 45, 85, 87, 67, 27, 0]
Rota do Picker 10: [0, 84, 2, 1, 69, 9, 10, 8, 27, 45, 21, 41, 7, 50, 30, 87, 67, 26, 0]
Rota do Picker 11: [0, 32, 20, 37, 59, 18, 36, 31, 41, 1, 21, 96, 60, 67, 3, 12, 13, 74, 40, 94, 85, 9, 22, 8, 87, 46, 7, 27, 30, 70, 50, 10, 45, 0]
Rota do Picker 12: [0, 32, 1, 41, 27, 67, 87, 9, 69, 45, 65, 36, 96, 40, 98, 31, 2, 26, 46, 8, 10, 50, 30, 7, 94, 77, 20, 18, 0]

Caso de teste: SLAPRP_Guo_small_O200_alpha0.4_v10.txt

Distancia Total: 2050.0
Quantidade de Pickers: 12
