Rota do Picker 1: [0, 41, 2, 22, 40, 60, 3, 89, 29, 9, 68, 8, 50, 30, 45, 46, 26, 87, 27, 7, 23, 51, 0]
Rota do Picker 2: [0, 21, 7, 27, 87, 45, 20, 40, 60, 26, 69, 8, 30, 67, 9, 29, 46, 64, 50, 10, 68, 0]
Rota do Picker 3: [0, 31, 51, 74, 75, 39, 93, 7, 22, 32, 18, 20, 98, 40, 60, 94, 1, 50, 10, 11, 17, 12, 0]
Rota do Picker 4: [0, 41, 7, 27, 8, 9, 29, 45, 68, 30, 10, 22, 2, 3, 23, 65, 87, 67, 46, 26, 77, 20, 18, 12, 1, 0]
Rota do Picker 5: [0, 30, 7, 8, 68, 46, 64, 21, 22, 26, 9, 29, 10, 50, 87, 27, 67, 3, 83, 2, 1, 60, 40, 18, 0]
Rota do Picker 6: [0, 8, 50, 87, 45, 26, 4, 21, 41, 11, 18, 98, 7, 27, 10, 30, 46, 1, 94, 74, 32, 39, 31, 51, 97, 57, 60, 20, 75, 93, 0]
Rota do Picker 7: [0, 1, 22, 2, 45, 50, 10, 4, 46, 29, 7, 27, 67, 69, 89, 9, 8, 64, 3, 83, 41, 0]
Rota do Picker 8: [0, 21, 7, 8, 9, 69, 26, 3, 4, 64, 22, 42, 23, 30, 10, 46, 87, 67, 27, 65, 45, 2, 0]
Rota do Picker 9: [0, 41, 7, 27, 8, 26, 46, 40, 20, 60, 45, 9, 87, 29, 10, 50, 30, 64, 0]
Rota do Picker 10: [0, 46, 67, 27, 8, 68, 87, 29, 30, 45, 64, 26, 21, 41, 9, 98, 97, 77, 17, 20, 31, 11, 10, 7, 3, 1, 0]
Rota do Picker 11: [0, 68, 7, 27, 8, 9, 29, 69, 46, 42, 4, 64, 3, 45, 67, 87, 30, 10, 26, 21, 1, 0]
Rota do Picker 12: [0, 64, 3, 26, 27, 87, 20, 40, 60, 46, 45, 29, 7, 30, 10, 9, 8, 1, 21, 4, 2, 42, 0]
Rota do Picker 13: [0, 51, 17, 59, 20, 50, 23, 65, 45, 26, 2, 64, 4, 41, 1, 11, 74, 18, 40, 60, 93, 94, 77, 32, 0]

Caso de teste: SLAPRP_Guo_small_O200_alpha0.3_v6.txt

Distancia Total: 1920.0
Quantidade de Pickers: 13
