Rota do Picker 1: [0, 1, 61, 51, 71, 91, 0]
Rota do Picker 2: [0, 15, 3, 41, 71, 51, 61, 21, 1, 33, 83, 53, 81, 4, 34, 14, 5, 43, 91, 13, 44, 6, 25, 45, 63, 0]
Rota do Picker 3: [0, 21, 4, 15, 1, 81, 13, 3, 63, 33, 53, 0]
Rota do Picker 4: [0, 21, 81, 5, 63, 13, 33, 93, 0]
Rota do Picker 5: [0, 43, 95, 1, 5, 16, 56, 3, 18, 93, 14, 54, 57, 51, 71, 96, 81, 37, 15, 75, 35, 55, 19, 17, 53, 33, 13, 41, 21, 61, 0]
Rota do Picker 6: [0, 17, 63, 3, 33, 5, 73, 19, 35, 95, 14, 81, 4, 38, 16, 6, 15, 53, 13, 93, 72, 52, 12, 61, 41, 21, 1, 23, 34, 0]

Caso de teste: SLAPRP_Guo_small_O50_alpha0.3_v4.txt

Distancia Total: 752.0
Quantidade de Pickers: 6
