Rota do Picker 1: [0, 1, 7, 27, 87, 9, 46, 45, 26, 8, 10, 50, 30, 70, 37, 19, 60, 20, 40, 0]
Rota do Picker 2: [0, 45, 9, 27, 46, 26, 8, 30, 50, 10, 7, 67, 87, 70, 93, 55, 18, 17, 12, 96, 0]
Rota do Picker 3: [0, 45, 8, 9, 10, 27, 46, 26, 2, 1, 7, 87, 50, 3, 83, 37, 19, 40, 69, 12, 74, 18, 77, 98, 20, 13, 93, 94, 76, 30, 21, 0]
Rota do Picker 4: [0, 26, 46, 45, 8, 30, 10, 70, 21, 22, 64, 67, 87, 19, 76, 17, 12, 9, 27, 7, 83, 3, 1, 0]
Rota do Picker 5: [0, 26, 46, 67, 7, 50, 9, 8, 48, 27, 45, 21, 96, 76, 0]
Rota do Picker 6: [0, 9, 26, 46, 8, 30, 20, 36, 74, 94, 11, 17, 40, 59, 18, 75, 55, 13, 12, 93, 37, 77, 39, 60, 98, 27, 45, 10, 87, 67, 7, 21, 0]

Caso de teste: SLAPRP_Guo_small_O100_alpha0.3_v10.txt

Distancia Total: 962.0
Quantidade de Pickers: 6
