Rota do Picker 1: [0, 55, 0]
Rota do Picker 2: [0, 55, 0]
Rota do Picker 3: [0, 55, 0]
Rota do Picker 4: [0, 85, 45, 9, 8, 46, 26, 7, 27, 48, 28, 40, 60, 37, 41, 11, 0]
Rota do Picker 5: [0, 1, 30, 27, 45, 85, 26, 46, 8, 48, 9, 10, 7, 28, 39, 18, 40, 20, 19, 55, 12, 76, 36, 94, 74, 0]
Rota do Picker 6: [0, 1, 8, 9, 45, 85, 30, 7, 27, 47, 48, 20, 40, 32, 12, 55, 75, 37, 36, 89, 69, 26, 46, 0]
Rota do Picker 7: [0, 1, 7, 8, 9, 69, 50, 46, 26, 48, 47, 27, 28, 30, 10, 45, 2, 20, 60, 40, 13, 32, 11, 21, 0]
Rota do Picker 8: [0, 1, 26, 46, 45, 9, 10, 89, 50, 8, 48, 28, 41, 11, 98, 18, 75, 55, 12, 74, 39, 40, 20, 60, 19, 0]
Rota do Picker 9: [0, 19, 20, 41, 3, 85, 45, 9, 48, 28, 8, 7, 50, 30, 10, 26, 46, 27, 11, 0]
Rota do Picker 10: [0, 12, 55, 74, 94, 8, 28, 46, 26, 85, 45, 48, 7, 9, 30, 50, 27, 87, 47, 2, 1, 32, 13, 18, 20, 59, 37, 0]
Rota do Picker 11: [0, 8, 28, 48, 3, 27, 9, 30, 50, 26, 46, 1, 21, 87, 7, 47, 45, 85, 10, 69, 89, 22, 20, 60, 36, 0]
Rota do Picker 12: [0, 2, 28, 48, 26, 46, 10, 89, 9, 30, 85, 45, 21, 1, 7, 27, 47, 3, 22, 8, 50, 13, 0]
Rota do Picker 13: [0, 55, 3, 7, 27, 47, 8, 48, 9, 10, 37, 39, 18, 60, 40, 20, 59, 98, 19, 36, 1, 0]
Rota do Picker 14: [0, 55, 32, 85, 30, 75, 12, 11, 19, 87, 27, 69, 3, 10, 50, 9, 28, 8, 45, 26, 46, 7, 21, 1, 2, 47, 64, 48, 84, 0]

Caso de teste: SLAPRP_Guo_small_O200_alpha0.4_v6.txt

Distancia Total: 1584.0
Quantidade de Pickers: 14
