Rota do Picker 1: [0, 48, 83, 50, 27, 87, 47, 10, 26, 68, 67, 45, 46, 30, 69, 9, 8, 7, 0]
Rota do Picker 2: [0, 1, 21, 7, 87, 30, 8, 47, 10, 27, 26, 45, 9, 89, 48, 67, 50, 46, 69, 0]
Rota do Picker 3: [0, 45, 8, 48, 27, 17, 20, 0]
Rota do Picker 4: [0, 1, 31, 0]
Rota do Picker 5: [0, 1, 36, 10, 21, 7, 8, 26, 67, 47, 27, 2, 30, 83, 89, 9, 48, 64, 87, 68, 50, 46, 45, 0]
Rota do Picker 6: [0, 98, 37, 94, 74, 18, 20, 7, 60, 39, 55, 11, 93, 0]
Rota do Picker 7: [0, 60, 45, 46, 7, 83, 21, 1, 8, 36, 2, 26, 10, 48, 20, 40, 64, 9, 47, 87, 30, 50, 17, 68, 96, 27, 0]
Rota do Picker 8: [0, 21, 8, 89, 68, 47, 40, 37, 69, 17, 50, 67, 64, 83, 10, 30, 48, 36, 9, 87, 27, 7, 45, 46, 26, 1, 2, 0]

Caso de teste: SLAPRP_Guo_small_O100_alpha0.4_v5.txt

Distancia Total: 1194.0
Quantidade de Pickers: 8
