Rota do Picker 1: [0, 3, 1, 7, 27, 26, 66, 42, 13, 21, 87, 67, 84, 41, 8, 9, 10, 45, 55, 2, 46, 30, 11, 0]
Rota do Picker 2: [0, 42, 1, 7, 32, 36, 20, 67, 40, 45, 50, 55, 65, 22, 2, 27, 30, 28, 13, 31, 51, 10, 26, 41, 21, 97, 76, 9, 8, 66, 46, 19, 0]
Rota do Picker 3: [0, 45, 47, 87, 42, 50, 8, 10, 28, 41, 21, 30, 27, 2, 26, 9, 7, 66, 46, 1, 0]
Rota do Picker 4: [0, 9, 65, 45, 1, 97, 19, 42, 8, 27, 21, 50, 40, 20, 87, 96, 76, 7, 46, 41, 55, 26, 30, 10, 39, 66, 28, 60, 36, 2, 47, 67, 0]
Rota do Picker 5: [0, 8, 28, 9, 20, 1, 50, 55, 7, 46, 45, 67, 42, 2, 21, 66, 47, 32, 26, 3, 27, 76, 10, 30, 0]
Rota do Picker 6: [0, 21, 37, 18, 11, 60, 52, 76, 59, 40, 94, 97, 13, 19, 20, 32, 57, 96, 77, 39, 12, 1, 74, 55, 0]
Rota do Picker 7: [0, 11, 87, 66, 10, 28, 2, 97, 50, 9, 8, 45, 3, 46, 26, 47, 27, 7, 1, 0]
Rota do Picker 8: [0, 1, 27, 9, 30, 45, 26, 7, 50, 84, 8, 46, 67, 87, 10, 28, 66, 0]
Rota do Picker 9: [0, 26, 66, 45, 36, 76, 96, 21, 3, 55, 32, 50, 39, 7, 94, 74, 37, 77, 30, 13, 97, 19, 87, 47, 57, 22, 12, 41, 40, 20, 8, 46, 1, 65, 0]
Rota do Picker 10: [0, 11, 31, 26, 46, 20, 74, 55, 39, 10, 30, 8, 1, 0]
Rota do Picker 11: [0, 1, 30, 20, 76, 50, 84, 64, 8, 55, 96, 57, 65, 66, 26, 97, 36, 67, 28, 47, 87, 10, 39, 21, 7, 27, 45, 11, 19, 46, 9, 40, 2, 13, 0]
Rota do Picker 12: [0, 1, 7, 22, 27, 41, 32, 84, 87, 67, 46, 55, 9, 65, 45, 21, 2, 47, 19, 10, 39, 30, 11, 8, 28, 36, 20, 50, 26, 66, 0]

Caso de teste: SLAPRP_Guo_small_O200_alpha0.4_v5.txt

Distancia Total: 2892.0
Quantidade de Pickers: 12
