Rota do Picker 1: [0, 14, 63, 43, 21, 1, 35, 16, 26, 24, 4, 2, 22, 42, 23, 3, 62, 25, 17, 91, 71, 41, 36, 32, 52, 46, 5, 61, 82, 0]
Rota do Picker 2: [0, 5, 6, 17, 22, 42, 25, 65, 18, 93, 16, 75, 45, 83, 55, 81, 33, 24, 62, 4, 92, 52, 43, 23, 44, 15, 35, 63, 14, 3, 61, 41, 21, 1, 54, 0]
Rota do Picker 3: [0, 24, 84, 54, 46, 42, 14, 83, 91, 71, 26, 7, 52, 32, 23, 22, 21, 44, 63, 41, 62, 82, 5, 45, 92, 3, 64, 36, 37, 43, 65, 25, 4, 1, 17, 0]
Rota do Picker 4: [0, 1, 41, 61, 71, 91, 56, 22, 4, 44, 15, 17, 55, 32, 36, 16, 3, 23, 33, 93, 13, 46, 34, 14, 62, 42, 81, 18, 35, 21, 94, 54, 52, 72, 75, 0]
Rota do Picker 5: [0, 36, 25, 64, 13, 73, 56, 62, 71, 93, 53, 33, 94, 14, 12, 61, 15, 55, 22, 82, 16, 35, 54, 41, 75, 37, 18, 4, 23, 3, 21, 1, 42, 0]
Rota do Picker 6: [0, 16, 52, 62, 56, 13, 33, 64, 21, 5, 17, 61, 71, 91, 54, 14, 24, 1, 22, 42, 43, 83, 35, 75, 41, 3, 23, 4, 15, 36, 72, 34, 55, 37, 12, 6, 0]
Rota do Picker 7: [0, 22, 42, 62, 82, 13, 75, 74, 24, 26, 37, 73, 33, 54, 94, 35, 64, 44, 7, 16, 21, 23, 43, 83, 14, 34, 3, 71, 91, 36, 4, 61, 41, 1, 0]
Rota do Picker 8: [0, 1, 13, 33, 53, 93, 52, 92, 32, 73, 36, 37, 16, 71, 56, 14, 34, 54, 15, 17, 18, 75, 42, 22, 55, 35, 61, 41, 21, 0]
Rota do Picker 9: [0, 5, 41, 21, 62, 26, 22, 46, 6, 1, 3, 42, 65, 23, 44, 64, 63, 17, 43, 24, 7, 45, 25, 4, 14, 0]
Rota do Picker 10: [0, 21, 61, 23, 63, 82, 6, 14, 4, 41, 45, 42, 64, 7, 44, 5, 26, 24, 51, 46, 62, 25, 83, 43, 3, 22, 1, 0]
Rota do Picker 11: [0, 83, 24, 82, 63, 62, 61, 42, 43, 14, 46, 84, 6, 7, 37, 16, 41, 23, 52, 15, 71, 91, 93, 1, 94, 35, 22, 64, 44, 4, 3, 21, 0]
Rota do Picker 12: [0, 41, 3, 23, 24, 64, 16, 36, 14, 35, 15, 71, 4, 1, 21, 52, 72, 55, 65, 61, 81, 13, 33, 18, 56, 5, 54, 22, 42, 62, 73, 94, 32, 0]

Caso de teste: SLAPRP_Guo_small_O200_alpha0.4_v7.txt

Distancia Total: 2734.0
Quantidade de Pickers: 12
