Rota do Picker 1: [0, 41, 5, 24, 26, 44, 65, 64, 6, 81, 7, 46, 25, 82, 83, 27, 45, 21, 63, 8, 43, 23, 61, 1, 62, 0]
Rota do Picker 2: [0, 83, 63, 23, 81, 5, 62, 64, 82, 61, 41, 21, 1, 0]
Rota do Picker 3: [0, 64, 5, 43, 23, 81, 82, 62, 45, 25, 24, 61, 41, 21, 46, 83, 27, 26, 8, 6, 1, 63, 44, 7, 65, 0]
Rota do Picker 4: [0, 83, 42, 1, 21, 61, 81, 8, 41, 23, 5, 62, 6, 25, 43, 82, 24, 63, 0]
Rota do Picker 5: [0, 1, 21, 41, 61, 44, 62, 23, 5, 46, 81, 24, 6, 65, 43, 7, 45, 25, 83, 0]
Rota do Picker 6: [0, 1, 21, 41, 61, 23, 5, 27, 44, 25, 43, 8, 7, 81, 24, 82, 45, 26, 64, 65, 0]

Caso de teste: SLAPRP_Guo_small_O100_alpha0.4_v6.txt

Distancia Total: 788.0
Quantidade de Pickers: 6
