Rota do Picker 1: [0, 1, 17, 57, 52, 0]
Rota do Picker 2: [0, 1, 7, 8, 9, 45, 27, 5, 22, 42, 20, 40, 14, 12, 57, 18, 46, 26, 4, 0]
Rota do Picker 3: [0, 1, 26, 46, 45, 48, 68, 28, 8, 7, 27, 47, 9, 10, 5, 43, 4, 65, 13, 40, 18, 3, 0]
Rota do Picker 4: [0, 1, 22, 26, 46, 10, 30, 18, 57, 52, 4, 47, 27, 7, 9, 45, 23, 3, 41, 20, 13, 8, 28, 42, 2, 0]
Rota do Picker 5: [0, 1, 10, 8, 27, 68, 2, 26, 46, 45, 28, 30, 7, 3, 23, 18, 20, 40, 52, 9, 47, 5, 41, 0]
Rota do Picker 6: [0, 2, 22, 7, 30, 4, 1, 41, 45, 46, 26, 28, 10, 68, 42, 18, 97, 57, 27, 8, 9, 43, 61, 14, 36, 71, 0]
Rota do Picker 7: [0, 52, 7, 46, 45, 65, 10, 9, 8, 62, 42, 22, 2, 30, 14, 13, 27, 28, 21, 26, 5, 3, 1, 20, 11, 0]

Caso de teste: SLAPRP_Guo_small_O100_alpha0.2_v9.txt

Distancia Total: 920.0
Quantidade de Pickers: 7
