Rota do Picker 1: [0, 22, 3, 83, 26, 84, 17, 46, 10, 30, 87, 1, 21, 67, 37, 45, 8, 41, 65, 20, 48, 69, 40, 9, 27, 7, 64, 51, 0]
Rota do Picker 2: [0, 1, 46, 69, 87, 64, 84, 67, 89, 9, 83, 3, 30, 45, 26, 8, 47, 27, 7, 41, 0]
Rota do Picker 3: [0, 26, 46, 8, 9, 30, 45, 84, 89, 48, 67, 47, 64, 10, 65, 7, 27, 87, 69, 0]
Rota do Picker 4: [0, 21, 31, 17, 57, 55, 93, 51, 39, 40, 30, 13, 20, 96, 59, 19, 37, 32, 7, 75, 77, 98, 18, 94, 74, 11, 12, 41, 46, 0]
Rota do Picker 5: [0, 65, 47, 30, 7, 48, 10, 69, 96, 87, 26, 46, 64, 89, 21, 9, 84, 45, 27, 8, 37, 0]
Rota do Picker 6: [0, 64, 17, 19, 93, 12, 21, 51, 74, 18, 75, 7, 11, 46, 27, 20, 37, 30, 48, 40, 47, 67, 87, 22, 8, 96, 84, 9, 1, 3, 45, 26, 83, 0]

Caso de teste: SLAPRP_Guo_small_O100_alpha0.2_v1.txt

Distancia Total: 1396.0
Quantidade de Pickers: 6
