Rota do Picker 1: [0, 26, 66, 27, 47, 20, 42, 13, 14, 7, 41, 8, 40, 50, 64, 4, 3, 10, 46, 23, 83, 2, 1, 0]
Rota do Picker 2: [0, 23, 42, 9, 46, 10, 4, 1, 2, 7, 27, 87, 26, 30, 64, 45, 66, 84, 83, 8, 3, 0]
Rota do Picker 3: [0, 47, 7, 22, 23, 87, 27, 41, 46, 83, 3, 1, 2, 9, 30, 40, 4, 64, 50, 33, 84, 45, 66, 26, 42, 21, 0]
Rota do Picker 4: [0, 1, 83, 66, 40, 0]
Rota do Picker 5: [0, 1, 45, 20, 32, 52, 17, 77, 96, 12, 18, 37, 94, 60, 93, 57, 33, 41, 97, 0]
Rota do Picker 6: [0, 32, 52, 57, 50, 10, 77, 37, 1, 96, 4, 8, 40, 41, 23, 42, 13, 33, 31, 30, 11, 93, 17, 2, 22, 12, 14, 18, 97, 47, 20, 64, 94, 0]
Rota do Picker 7: [0, 1, 23, 83, 8, 47, 66, 14, 20, 46, 41, 33, 30, 22, 64, 13, 31, 87, 45, 4, 84, 10, 50, 96, 40, 42, 7, 27, 26, 0]
Rota do Picker 8: [0, 47, 27, 1, 84, 45, 66, 46, 26, 83, 10, 64, 8, 7, 4, 3, 9, 2, 87, 50, 30, 22, 23, 0]
Rota do Picker 9: [0, 31, 83, 46, 40, 50, 21, 64, 3, 96, 10, 87, 27, 2, 9, 41, 84, 45, 47, 42, 1, 22, 4, 7, 8, 26, 66, 0]
Rota do Picker 10: [0, 32, 17, 37, 57, 97, 94, 30, 52, 77, 18, 93, 60, 12, 2, 96, 40, 1, 31, 14, 41, 50, 0]
Rota do Picker 11: [0, 12, 57, 40, 93, 18, 60, 33, 20, 97, 94, 77, 37, 17, 32, 1, 83, 0]
Rota do Picker 12: [0, 96, 8, 27, 83, 66, 17, 47, 52, 12, 2, 7, 9, 13, 20, 30, 57, 10, 37, 32, 40, 42, 64, 4, 1, 93, 18, 50, 0]
Rota do Picker 13: [0, 8, 4, 9, 1, 26, 46, 47, 50, 30, 42, 87, 7, 23, 45, 64, 27, 10, 66, 83, 0]

Caso de teste: SLAPRP_Guo_small_O200_alpha0.4_v7.txt

Distancia Total: 2716.0
Quantidade de Pickers: 13
