Rota do Picker 1: [0, 1, 0]
Rota do Picker 2: [0, 21, 3, 23, 24, 71, 91, 20, 18, 55, 6, 63, 94, 54, 34, 14, 42, 61, 41, 1, 0]
Rota do Picker 3: [0, 54, 14, 42, 5, 23, 3, 1, 21, 41, 61, 2, 91, 71, 55, 38, 37, 18, 94, 11, 4, 24, 82, 81, 34, 0]
Rota do Picker 4: [0, 21, 17, 39, 56, 54, 34, 14, 81, 61, 41, 1, 3, 6, 4, 42, 0]
Rota do Picker 5: [0, 21, 1, 6, 25, 44, 37, 18, 76, 83, 14, 34, 56, 93, 82, 42, 61, 41, 81, 3, 5, 24, 71, 91, 54, 0]
Rota do Picker 6: [0, 1, 21, 32, 35, 38, 76, 13, 44, 3, 23, 43, 4, 14, 54, 71, 91, 34, 31, 81, 61, 5, 22, 63, 41, 42, 33, 73, 0]
Rota do Picker 7: [0, 1, 21, 41, 3, 43, 61, 71, 91, 42, 51, 14, 81, 4, 24, 44, 0]

Caso de teste: SLAPRP_Guo_small_O100_alpha0.2_v6.txt

Distancia Total: 774.0
Quantidade de Pickers: 7
