Rota do Picker 1: [0, 21, 41, 43, 3, 24, 7, 42, 1, 23, 63, 83, 4, 44, 84, 17, 18, 56, 81, 61, 82, 37, 0]
Rota do Picker 2: [0, 1, 41, 21, 61, 81, 8, 5, 55, 54, 35, 37, 17, 83, 43, 64, 4, 24, 63, 23, 3, 0]
Rota do Picker 3: [0, 5, 24, 4, 41, 21, 3, 6, 45, 63, 43, 23, 81, 61, 1, 17, 36, 53, 82, 73, 54, 94, 0]
Rota do Picker 4: [0, 1, 21, 13, 73, 56, 17, 35, 75, 63, 43, 23, 3, 41, 61, 81, 4, 24, 6, 5, 25, 82, 34, 0]
Rota do Picker 5: [0, 1, 21, 61, 81, 43, 63, 23, 5, 24, 64, 4, 45, 7, 46, 26, 6, 83, 3, 41, 0]

Caso de teste: SLAPRP_Guo_small_O100_alpha0.4_v10.txt

Distancia Total: 548.0
Quantidade de Pickers: 5
