Rota do Picker 1: [0, 21, 41, 61, 81, 1, 23, 43, 64, 84, 63, 3, 4, 7, 8, 46, 6, 24, 16, 12, 14, 15, 36, 56, 53, 54, 74, 0]
Rota do Picker 2: [0, 1, 21, 41, 45, 65, 5, 4, 63, 43, 23, 3, 7, 27, 44, 16, 36, 15, 37, 81, 61, 55, 35, 0]
Rota do Picker 3: [0, 1, 21, 61, 41, 16, 54, 46, 23, 3, 43, 63, 25, 45, 5, 6, 24, 44, 84, 64, 4, 27, 26, 0]
Rota do Picker 4: [0, 1, 61, 81, 41, 64, 2, 52, 93, 94, 16, 55, 15, 26, 46, 8, 63, 83, 43, 23, 6, 5, 25, 4, 82, 62, 42, 3, 21, 0]
Rota do Picker 5: [0, 1, 21, 16, 18, 52, 32, 92, 11, 71, 91, 22, 42, 82, 43, 23, 3, 65, 93, 73, 53, 12, 14, 0]
Rota do Picker 6: [0, 1, 21, 82, 62, 17, 36, 16, 46, 6, 25, 5, 3, 83, 23, 43, 44, 24, 4, 41, 0]

Caso de teste: SLAPRP_Guo_small_O100_alpha0.2_v8.txt

Distancia Total: 652.0
Quantidade de Pickers: 6
