Rota do Picker 1: [0, 21, 41, 43, 83, 27, 24, 30, 4, 36, 26, 3, 23, 46, 22, 62, 42, 45, 50, 20, 1, 81, 10, 0]
Rota do Picker 2: [0, 43, 42, 22, 20, 83, 23, 41, 21, 45, 1, 13, 62, 14, 24, 61, 26, 60, 11, 32, 52, 15, 50, 36, 33, 37, 97, 53, 81, 27, 5, 10, 17, 0]
Rota do Picker 3: [0, 24, 4, 41, 22, 42, 45, 20, 52, 60, 62, 13, 3, 10, 15, 11, 43, 83, 33, 46, 14, 23, 30, 26, 61, 21, 27, 9, 36, 0]
Rota do Picker 4: [0, 1, 21, 41, 13, 37, 97, 94, 22, 42, 17, 20, 53, 61, 33, 11, 15, 72, 32, 40, 23, 43, 18, 52, 71, 34, 0]
Rota do Picker 5: [0, 50, 1, 3, 9, 4, 30, 43, 23, 21, 10, 41, 26, 45, 22, 42, 46, 27, 83, 0]
Rota do Picker 6: [0, 41, 43, 26, 27, 50, 36, 3, 21, 83, 42, 30, 22, 62, 46, 45, 10, 23, 1, 5, 24, 9, 14, 33, 81, 0]
Rota do Picker 7: [0, 83, 43, 41, 20, 27, 46, 26, 24, 42, 22, 21, 45, 30, 4, 60, 10, 36, 1, 62, 61, 81, 3, 23, 9, 0]
Rota do Picker 8: [0, 3, 46, 41, 42, 45, 26, 50, 22, 62, 10, 9, 24, 43, 30, 27, 83, 23, 21, 0]
Rota do Picker 9: [0, 22, 62, 5, 27, 9, 20, 60, 24, 10, 50, 21, 3, 23, 83, 26, 46, 42, 45, 61, 41, 43, 1, 33, 30, 0]
Rota do Picker 10: [0, 21, 41, 22, 42, 4, 24, 26, 27, 10, 1, 43, 83, 36, 23, 60, 50, 9, 81, 5, 46, 45, 30, 61, 0]
Rota do Picker 11: [0, 21, 22, 42, 23, 27, 10, 60, 43, 5, 81, 9, 1, 24, 62, 41, 45, 50, 61, 26, 46, 30, 0]
Rota do Picker 12: [0, 26, 81, 21, 20, 14, 62, 24, 5, 41, 60, 10, 27, 22, 1, 33, 0]
Rota do Picker 13: [0, 27, 43, 4, 42, 22, 36, 10, 26, 5, 83, 23, 41, 21, 81, 9, 62, 50, 46, 45, 61, 24, 20, 0]

Caso de teste: SLAPRP_Guo_small_O200_alpha0.4_v10.txt

Distancia Total: 2658.0
Quantidade de Pickers: 13
