Rota do Picker 1: [0, 8, 30, 50, 9, 89, 55, 96, 94, 32, 87, 47, 27, 7, 1, 26, 46, 45, 28, 20, 40, 97, 19, 36, 76, 41, 21, 0]
Rota do Picker 2: [0, 12, 45, 46, 26, 9, 70, 50, 27, 7, 8, 30, 10, 28, 55, 20, 40, 80, 39, 13, 0]
Rota do Picker 3: [0, 7, 27, 87, 21, 2, 9, 26, 45, 55, 40, 60, 39, 19, 30, 10, 28, 8, 50, 70, 47, 46, 32, 1, 0]
Rota do Picker 4: [0, 1, 11, 31, 76, 96, 18, 57, 17, 37, 77, 60, 40, 74, 94, 20, 80, 19, 39, 41, 21, 32, 13, 55, 36, 97, 70, 50, 30, 8, 46, 0]
Rota do Picker 5: [0, 2, 9, 10, 45, 8, 28, 50, 26, 46, 7, 41, 70, 89, 30, 87, 27, 22, 21, 1, 0]
Rota do Picker 6: [0, 17, 18, 39, 0]
Rota do Picker 7: [0, 21, 17, 57, 19, 36, 32, 13, 9, 60, 80, 97, 96, 20, 22, 45, 46, 2, 7, 87, 47, 27, 26, 10, 28, 8, 0]

Caso de teste: SLAPRP_Guo_small_O100_alpha0.4_v4.txt

Distancia Total: 982.0
Quantidade de Pickers: 7
