Rota do Picker 1: [0, 17, 12, 40, 20, 10, 84, 22, 21, 27, 42, 51, 45, 31, 11, 39, 72, 94, 41, 2, 76, 61, 7, 0]
Rota do Picker 2: [0, 94, 76, 20, 42, 14, 23, 13, 61, 39, 21, 2, 51, 71, 18, 12, 17, 22, 19, 59, 40, 72, 36, 0]
Rota do Picker 3: [0, 19, 20, 10, 61, 43, 83, 18, 59, 30, 36, 17, 71, 72, 52, 2, 14, 11, 51, 45, 1, 41, 23, 84, 76, 94, 12, 22, 21, 0]
Rota do Picker 4: [0, 21, 12, 52, 17, 59, 30, 1, 72, 84, 22, 14, 61, 51, 36, 11, 31, 39, 2, 13, 76, 18, 94, 41, 42, 0]
Rota do Picker 5: [0, 21, 22, 42, 12, 52, 17, 39, 41, 13, 34, 94, 20, 10, 30, 76, 31, 11, 61, 59, 19, 84, 40, 1, 72, 57, 18, 0]
Rota do Picker 6: [0, 10, 42, 52, 11, 21, 22, 43, 34, 12, 84, 14, 8, 23, 76, 47, 1, 36, 40, 26, 41, 71, 45, 0]
Rota do Picker 7: [0, 43, 83, 27, 41, 36, 23, 8, 13, 10, 11, 12, 84, 51, 26, 30, 76, 47, 45, 22, 21, 1, 61, 0]
Rota do Picker 8: [0, 33, 51, 72, 2, 40, 94, 76, 20, 41, 39, 19, 18, 13, 22, 59, 57, 17, 12, 0]
Rota do Picker 9: [0, 61, 22, 12, 17, 59, 20, 94, 72, 14, 84, 76, 36, 18, 51, 40, 71, 57, 1, 13, 21, 0]
Rota do Picker 10: [0, 76, 27, 51, 11, 94, 72, 41, 21, 17, 30, 20, 12, 42, 22, 0]
Rota do Picker 11: [0, 12, 84, 11, 42, 4, 27, 23, 8, 67, 47, 30, 10, 76, 7, 45, 26, 22, 41, 21, 2, 0]
Rota do Picker 12: [0, 12, 17, 39, 59, 40, 10, 1, 51, 18, 76, 22, 57, 20, 31, 19, 94, 13, 42, 41, 2, 0]

Caso de teste: SLAPRP_Guo_small_O200_alpha0.3_v1.txt

Distancia Total: 2478.0
Quantidade de Pickers: 12
