Rota do Picker 1: [0, 1, 21, 41, 61, 42, 62, 6, 44, 24, 4, 43, 63, 45, 65, 8, 7, 64, 23, 0]
Rota do Picker 2: [0, 82, 62, 42, 61, 21, 7, 27, 8, 44, 3, 43, 83, 63, 23, 24, 4, 41, 1, 0]
Rota do Picker 3: [0, 1, 21, 41, 61, 4, 24, 23, 43, 25, 45, 44, 3, 26, 46, 6, 42, 0]
Rota do Picker 4: [0, 82, 65, 23, 61, 1, 27, 41, 21, 43, 7, 5, 46, 6, 4, 24, 44, 31, 15, 35, 16, 56, 37, 74, 0]
Rota do Picker 5: [0, 56, 1, 21, 41, 61, 4, 44, 8, 7, 27, 46, 26, 64, 24, 65, 45, 43, 23, 83, 63, 42, 82, 0]
Rota do Picker 6: [0, 1, 21, 4, 26, 65, 43, 64, 24, 25, 62, 42, 23, 83, 6, 8, 46, 81, 61, 41, 0]
Rota do Picker 7: [0, 21, 41, 81, 3, 23, 43, 63, 64, 44, 42, 82, 45, 24, 4, 61, 1, 0]
Rota do Picker 8: [0, 1, 26, 24, 44, 4, 61, 41, 21, 23, 63, 83, 62, 22, 6, 43, 56, 0]
Rota do Picker 9: [0, 6, 26, 61, 41, 44, 64, 43, 63, 23, 7, 25, 45, 82, 42, 46, 8, 65, 24, 4, 21, 1, 0]
Rota do Picker 10: [0, 1, 21, 41, 61, 81, 23, 83, 63, 43, 64, 24, 42, 62, 45, 65, 25, 6, 4, 27, 44, 0]
Rota do Picker 11: [0, 32, 41, 21, 1, 4, 24, 64, 44, 63, 43, 83, 82, 62, 42, 81, 61, 0]

Caso de teste: SLAPRP_Guo_small_O200_alpha0.4_v1.txt

Distancia Total: 956.0
Quantidade de Pickers: 11
