SKUs: 40
Pedidos: 104

Primeiro pedido:
Order(1, [1, 4, 6, 7])

Ultimo pedido:
Order(104, [2, 4, 6, 17, 19, 25])

Location(1, 1, -1, 20)
Location(2, 1, -2, 20)
Location(3, 1, -3, 20)
Location(4, 1, -4, 20)
Location(5, 1, -5, 20)
Location(6, 1, -6, 20)
Location(7, 1, -7, 20)
Location(8, 1, -8, 20)
Location(9, 1, -9, 20)
Location(10, 1, -10, 40)
Location(11, 1, 1, 20)
Location(12, 1, 2, 20)
Location(13, 1, 3, 20)
Location(14, 1, 4, 20)
Location(15, 1, 5, 20)
Location(16, 1, 6, 20)
Location(17, 1, 7, 20)
Location(18, 1, 8, 20)
Location(19, 1, 9, 20)
Location(20, 1, 10, 40)
Location(21, 2, -1, 20)
Location(22, 2, -2, 20)
Location(23, 2, -3, 20)
Location(24, 2, -4, 20)
Location(25, 2, -5, 20)
Location(26, 2, -6, 20)
Location(27, 2, -7, 20)
Location(28, 2, -8, 20)
Location(29, 2, -9, 20)
Location(30, 2, -10, 40)
Location(31, 2, 1, 20)
Location(32, 2, 2, 20)
Location(33, 2, 3, 20)
Location(34, 2, 4, 20)
Location(35, 2, 5, 20)
Location(36, 2, 6, 20)
Location(37, 2, 7, 20)
Location(38, 2, 8, 20)
Location(39, 2, 9, 20)
Location(40, 2, 10, 40)
Location(41, 3, -1, 20)
Location(42, 3, -2, 20)
Location(43, 3, -3, 20)
Location(44, 3, -4, 20)
Location(45, 3, -5, 20)
Location(46, 3, -6, 20)
Location(47, 3, -7, 20)
Location(48, 3, -8, 20)
Location(49, 3, -9, 20)
Location(50, 3, -10, 40)
Location(51, 3, 1, 20)
Location(52, 3, 2, 20)
Location(53, 3, 3, 20)
Location(54, 3, 4, 20)
Location(55, 3, 5, 20)
Location(56, 3, 6, 20)
Location(57, 3, 7, 20)
Location(58, 3, 8, 20)
Location(59, 3, 9, 20)
Location(60, 3, 10, 40)
Location(61, 4, -1, 20)
Location(62, 4, -2, 20)
Location(63, 4, -3, 20)
Location(64, 4, -4, 20)
Location(65, 4, -5, 20)
Location(66, 4, -6, 20)
Location(67, 4, -7, 20)
Location(68, 4, -8, 20)
Location(69, 4, -9, 20)
Location(70, 4, -10, 40)
Location(71, 4, 1, 20)
Location(72, 4, 2, 20)
Location(73, 4, 3, 20)
Location(74, 4, 4, 20)
Location(75, 4, 5, 20)
Location(76, 4, 6, 20)
Location(77, 4, 7, 20)
Location(78, 4, 8, 20)
Location(79, 4, 9, 20)
Location(80, 4, 10, 40)
Location(81, 5, -1, 20)
Location(82, 5, -2, 20)
Location(83, 5, -3, 20)
Location(84, 5, -4, 20)
Location(85, 5, -5, 20)
Location(86, 5, -6, 20)
Location(87, 5, -7, 20)
Location(88, 5, -8, 20)
Location(89, 5, -9, 20)
Location(90, 5, -10, 40)
Location(91, 5, 1, 20)
Location(92, 5, 2, 20)
Location(93, 5, 3, 20)
Location(94, 5, 4, 20)
Location(95, 5, 5, 20)
Location(96, 5, 6, 20)
Location(97, 5, 7, 20)
Location(98, 5, 8, 20)
Location(99, 5, 9, 20)
Location(100, 5, 10, 40)

Frequencias: [44, 54, 41, 72, 41, 41, 45, 51, 2, 3, 5, 0, 3, 3, 4, 2, 7, 2, 8, 7, 3, 7, 3, 6, 12, 3, 4, 8, 1, 4, 4, 2, 8, 6, 4, 7, 3, 5, 9, 0]

Matriz de coocorrencia: 
40×40 Matrix{Int64}:
  0  25  18  29  22  21  19  21  1  3  3  0  1  0  1  1  2  1  2  4  2  1  2  3  2  1  2  0  0  2  1  0  4  1  2  3  1  1  6  0
 25   0  25  43  25  23  24  26  0  2  4  0  2  2  3  1  4  0  6  4  2  3  1  2  7  1  3  4  1  0  2  1  4  4  2  4  1  4  4  0
 18  25   0  28  21  16  21  20  0  1  3  0  1  1  1  1  2  0  4  1  1  0  0  2  4  3  1  3  0  2  2  1  2  3  3  2  0  3  6  0
 29  43  28   0  28  31  33  30  0  3  3  0  3  2  4  1  6  2  8  5  3  6  3  4  8  3  4  7  1  1  3  1  5  5  2  2  1  3  5  0
 22  25  21  28   0  18  18  20  1  0  2  0  1  0  3  0  3  0  4  4  2  2  0  1  4  2  2  2  0  1  2  0  5  4  4  1  1  5  3  0
 21  23  16  31  18   0  23  19  0  1  1  0  0  1  1  1  2  1  3  4  2  4  1  4  3  1  0  4  0  2  2  1  5  4  3  4  1  3  4  0
 19  24  21  33  18  23   0  24  1  2  3  0  2  0  2  1  3  1  4  0  2  2  1  2  4  3  1  4  0  3  1  2  4  2  2  3  1  3  4  0
 21  26  20  30  20  19  24   0  1  2  2  0  1  3  2  1  3  1  5  4  0  4  3  1  2  1  3  6  0  3  3  2  7  4  3  3  0  3  2  0
  1   0   0   0   1   0   1   1  0  0  0  0  0  0  0  0  0  0  0  0  0  0  0  0  0  0  0  0  0  0  0  0  0  0  0  0  1  0  0  0
  3   2   1   3   0   1   2   2  0  0  0  0  1  0  0  0  0  0  0  1  0  0  0  0  0  0  0  0  0  0  0  0  0  0  0  0  0  0  0  0
  3   4   3   3   2   1   3   2  0  0  0  0  0  0  0  0  0  0  0  0  0  0  0  0  1  0  0  0  0  0  0  0  0  0  0  0  1  0  0  0
  0   0   0   0   0   0   0   0  0  0  0  0  0  0  0  0  0  0  0  0  0  0  0  0  0  0  0  0  0  0  0  0  0  0  0  0  0  0  0  0
  1   2   1   3   1   0   2   1  0  1  0  0  0  0  0  0  0  0  0  0  0  1  0  0  1  0  0  1  0  0  0  0  0  1  0  0  0  0  0  0
  0   2   1   2   0   1   0   3  0  0  0  0  0  0  0  0  0  0  0  0  0  1  1  0  0  0  0  1  0  0  0  0  0  0  0  0  0  0  1  0
  1   3   1   4   3   1   2   2  0  0  0  0  0  0  0  0  1  0  0  0  0  0  0  0  0  1  0  1  0  0  0  0  0  0  0  0  0  0  0  0
  1   1   1   1   0   1   1   1  0  0  0  0  0  0  0  0  0  0  0  0  0  0  0  0  0  0  1  0  0  0  0  0  0  0  0  1  0  0  0  0
  2   4   2   6   3   2   3   3  0  0  0  0  0  0  1  0  0  0  2  0  0  0  0  0  1  1  0  1  1  0  1  1  0  0  0  0  0  0  0  0
  1   0   0   2   0   1   1   1  0  0  0  0  0  0  0  0  0  0  0  0  0  0  1  1  0  0  0  0  0  0  0  0  0  0  0  0  1  0  0  0
  2   6   4   8   4   3   4   5  0  0  0  0  0  0  0  0  2  0  0  1  0  1  1  0  1  0  1  0  0  0  0  1  2  0  1  0  0  1  0  0
  4   4   1   5   4   4   0   4  0  1  0  0  0  0  0  0  0  0  1  0  0  0  0  0  0  0  0  0  0  1  0  0  1  0  1  0  0  1  0  0
  2   2   1   3   2   2   2   0  0  0  0  0  0  0  0  0  0  0  0  0  0  0  0  1  1  1  0  0  0  0  0  0  0  0  0  0  0  0  0  0
  1   3   0   6   2   4   2   4  0  0  0  0  1  1  0  0  0  0  1  0  0  0  0  0  3  0  0  2  0  0  0  0  0  1  0  1  0  1  1  0
  2   1   0   3   0   1   1   3  0  0  0  0  0  1  0  0  0  1  1  0  0  0  0  0  0  0  0  1  0  0  0  0  1  0  0  0  0  0  0  0
  3   2   2   4   1   4   2   1  0  0  0  0  0  0  0  0  0  1  0  0  1  0  0  0  1  0  0  0  0  0  0  0  0  0  0  1  1  0  0  0
  2   7   4   8   4   3   4   2  0  0  1  0  1  0  0  0  1  0  1  0  1  3  0  1  0  1  0  2  0  0  1  0  0  1  0  1  0  0  1  0
  1   1   3   3   2   1   3   1  0  0  0  0  0  0  1  0  1  0  0  0  1  0  0  0  1  0  0  0  0  0  0  0  0  0  0  0  0  0  0  0
  2   3   1   4   2   0   1   3  0  0  0  0  0  0  0  1  0  0  1  0  0  0  0  0  0  0  0  0  0  0  0  0  0  0  0  0  0  1  0  0
  0   4   3   7   2   4   4   6  0  0  0  0  1  1  1  0  1  0  0  0  0  2  1  0  2  0  0  0  0  0  0  0  0  3  0  0  0  0  0  0
  0   1   0   1   0   0   0   0  0  0  0  0  0  0  0  0  1  0  0  0  0  0  0  0  0  0  0  0  0  0  0  0  0  0  0  0  0  0  0  0
  2   0   2   1   1   2   3   3  0  0  0  0  0  0  0  0  0  0  0  1  0  0  0  0  0  0  0  0  0  0  0  1  0  0  1  1  0  0  0  0
  1   2   2   3   2   2   1   3  0  0  0  0  0  0  0  0  1  0  0  0  0  0  0  0  1  0  0  0  0  0  0  0  0  0  1  1  0  1  0  0
  0   1   1   1   0   1   2   2  0  0  0  0  0  0  0  0  1  0  1  0  0  0  0  0  0  0  0  0  0  1  0  0  0  0  0  1  0  0  0  0
  4   4   2   5   5   5   4   7  0  0  0  0  0  0  0  0  0  0  2  1  0  0  1  0  0  0  0  0  0  0  0  0  0  2  1  0  0  0  1  0
  1   4   3   5   4   4   2   4  0  0  0  0  1  0  0  0  0  0  0  0  0  1  0  0  1  0  0  3  0  0  0  0  2  0  0  0  0  0  0  0
  2   2   3   2   4   3   2   3  0  0  0  0  0  0  0  0  0  0  1  1  0  0  0  0  0  0  0  0  0  1  1  0  1  0  0  0  0  1  0  0
  3   4   2   2   1   4   3   3  0  0  0  0  0  0  0  1  0  0  0  0  0  1  0  1  1  0  0  0  0  1  1  1  0  0  0  0  0  0  0  0
  1   1   0   1   1   1   1   0  1  0  1  0  0  0  0  0  0  1  0  0  0  0  0  1  0  0  0  0  0  0  0  0  0  0  0  0  0  0  0  0
  1   4   3   3   5   3   3   3  0  0  0  0  0  0  0  0  0  0  1  1  0  1  0  0  0  0  1  0  0  0  1  0  0  0  1  0  0  0  0  0
  6   4   6   5   3   4   4   2  0  0  0  0  0  1  0  0  0  0  0  0  0  1  0  0  1  0  0  0  0  0  0  0  1  0  0  0  0  0  0  0
  0   0   0   0   0   0   0   0  0  0  0  0  0  0  0  0  0  0  0  0  0  0  0  0  0  0  0  0  0  0  0  0  0  0  0  0  0  0  0  0
SKU(44, 195.0, 0.07)
SKU(54, 196.0, 0.08)
SKU(41, 95.0, 0.21)
SKU(72, 195.0, 0.1)
SKU(41, 122.0, 0.13)
SKU(41, 156.0, 0.08)
SKU(45, 191.0, 0.07)
SKU(51, 148.0, 0.11)
SKU(2, 42.0, 0.09)
SKU(3, 18.0, 0.21)
SKU(5, 47.0, 0.11)
SKU(0, 15.0, 0.12)
SKU(3, 23.0, 0.19)
SKU(3, 47.0, 0.07)
SKU(4, 72.0, 0.05)
SKU(2, 37.0, 0.09)
SKU(7, 62.0, 0.08)
SKU(2, 22.0, 0.12)
SKU(8, 28.0, 0.26)
SKU(7, 41.0, 0.17)
SKU(3, 52.0, 0.07)
SKU(7, 39.0, 0.16)
SKU(3, 33.0, 0.1)
SKU(6, 92.0, 0.05)
SKU(12, 73.0, 0.11)
SKU(3, 42.0, 0.09)
SKU(4, 35.0, 0.13)
SKU(8, 43.0, 0.16)
SKU(1, 39.0, 0.06)
SKU(4, 83.0, 0.04)
SKU(4, 34.0, 0.15)
SKU(2, 38.0, 0.06)
SKU(8, 80.0, 0.07)
SKU(6, 96.0, 0.05)
SKU(4, 33.0, 0.12)
SKU(7, 31.0, 0.16)
SKU(3, 69.0, 0.04)
SKU(5, 32.0, 0.14)
SKU(9, 63.0, 0.08)
SKU(0, 13.0, 0.12)

extremidades das matrizes:
S_hat: (-0.14493740244572767, 0.7858437504787431)
S_hat * P: (-0.13207781383311737, 0.7161196683962805)
W * S_hat: (0.0, 1.2547227044080997)
W * S_hat * P: (0.0, 1.1433972802641998)
correlacao{S_hat, S_hat_hat} = 0.9863218375896206

Posicao 1 (Corredor 1, Prateleira -1)
   SKU 2 -> 195
   SKU 4 -> 2
   SKU 7 -> 60

Posicao 2 (Corredor 1, Prateleira -2)
   SKU 3 -> 2
   SKU 5 -> 66
   SKU 8 -> 100

Posicao 3 (Corredor 1, Prateleira -3)
   SKU 17 -> 62
   SKU 28 -> 43
   SKU 30 -> 83

Posicao 4 (Corredor 1, Prateleira -4)
   SKU 29 -> 39

Posicao 11 (Corredor 1, Prateleira 1)
   SKU 4 -> 193
   SKU 7 -> 10

Posicao 12 (Corredor 1, Prateleira 2)
   SKU 3 -> 60
   SKU 5 -> 56
   SKU 34 -> 2

Posicao 13 (Corredor 1, Prateleira 3)
   SKU 21 -> 52
   SKU 36 -> 31
   SKU 37 -> 69

Posicao 21 (Corredor 2, Prateleira -1)
   SKU 1 -> 163
   SKU 2 -> 1
   SKU 7 -> 121

Posicao 22 (Corredor 2, Prateleira -2)
   SKU 3 -> 33
   SKU 33 -> 80
   SKU 39 -> 63

Posicao 23 (Corredor 2, Prateleira -3)
   SKU 26 -> 42
   SKU 31 -> 34
   SKU 35 -> 33

Posicao 31 (Corredor 2, Prateleira 1)
   SKU 1 -> 32
   SKU 6 -> 156
   SKU 8 -> 48

Posicao 32 (Corredor 2, Prateleira 2)
   SKU 24 -> 92
   SKU 25 -> 73
   SKU 34 -> 94

Posicao 33 (Corredor 2, Prateleira 3)
   SKU 13 -> 23
   SKU 16 -> 37
   SKU 32 -> 38

Posicao 41 (Corredor 3, Prateleira -1)
   SKU 15 -> 72
   SKU 19 -> 28
   SKU 22 -> 39

Posicao 42 (Corredor 3, Prateleira -2)
   SKU 14 -> 47
   SKU 23 -> 33
   SKU 27 -> 35

Posicao 51 (Corredor 3, Prateleira 1)
   SKU 11 -> 47
   SKU 20 -> 41
   SKU 38 -> 32

Posicao 52 (Corredor 3, Prateleira 2)
   SKU 9 -> 42
   SKU 10 -> 18
   SKU 18 -> 22

Posicao 100 (Corredor 5, Prateleira 10)
   SKU 12 -> 15
   SKU 40 -> 13

