Rota do Picker 1: [0, 26, 46, 8, 10, 89, 65, 87, 50, 67, 69, 28, 45, 30, 9, 27, 7, 2, 0]
Rota do Picker 2: [0, 13, 37, 18, 45, 26, 60, 19, 12, 8, 27, 7, 75, 46, 50, 22, 98, 65, 10, 40, 31, 59, 28, 51, 74, 94, 36, 21, 32, 11, 1, 96, 20, 0]
Rota do Picker 3: [0, 26, 46, 27, 87, 9, 45, 37, 96, 18, 67, 7, 31, 36, 69, 60, 89, 22, 85, 65, 30, 3, 20, 28, 50, 32, 41, 8, 21, 0]
Rota do Picker 4: [0, 27, 37, 0]
Rota do Picker 5: [0, 21, 41, 8, 10, 18, 20, 7, 26, 46, 9, 27, 45, 89, 69, 84, 36, 65, 22, 85, 67, 2, 30, 1, 28, 37, 87, 60, 0]
Rota do Picker 6: [0, 26, 46, 28, 65, 20, 96, 13, 37, 50, 69, 84, 75, 12, 31, 94, 19, 87, 41, 18, 32, 1, 21, 45, 27, 9, 8, 67, 60, 10, 0]
Rota do Picker 7: [0, 30, 67, 3, 19, 28, 60, 69, 96, 22, 10, 50, 13, 20, 9, 85, 27, 7, 21, 41, 36, 18, 65, 45, 8, 46, 26, 40, 0]
Rota do Picker 8: [0, 13, 40, 1, 20, 19, 18, 45, 46, 27, 8, 21, 28, 96, 60, 36, 89, 69, 12, 26, 7, 0]
Rota do Picker 9: [0, 1, 60, 28, 98, 19, 17, 36, 21, 3, 59, 13, 12, 27, 96, 37, 75, 30, 40, 20, 18, 94, 74, 31, 51, 0]
Rota do Picker 10: [0, 85, 87, 21, 30, 28, 8, 46, 70, 69, 89, 3, 67, 50, 2, 45, 26, 10, 9, 27, 7, 1, 37, 0]
Rota do Picker 11: [0, 1, 2, 9, 69, 20, 18, 3, 21, 41, 27, 19, 87, 12, 93, 28, 97, 37, 36, 7, 46, 26, 40, 60, 32, 45, 8, 0]
Rota do Picker 12: [0, 1, 2, 7, 8, 9, 27, 36, 32, 28, 41, 18, 30, 26, 46, 50, 67, 20, 60, 45, 89, 69, 10, 21, 13, 37, 0]
Rota do Picker 13: [0, 46, 27, 9, 10, 45, 18, 20, 30, 32, 1, 65, 89, 7, 3, 50, 37, 8, 67, 87, 26, 22, 36, 21, 28, 69, 0]
Rota do Picker 14: [0, 18, 85, 45, 30, 8, 60, 89, 50, 10, 9, 65, 46, 26, 21, 7, 27, 67, 87, 13, 2, 84, 41, 28, 69, 37, 1, 31, 0]

Caso de teste: SLAPRP_Guo_small_O200_alpha0.4_v10.txt

Distancia Total: 3440.0
Quantidade de Pickers: 14
