Rota do Picker 1: [0, 26, 46, 8, 9, 96, 22, 7, 10, 30, 18, 32, 3, 69, 89, 60, 1, 45, 87, 27, 23, 21, 28, 37, 13, 50, 0]
Rota do Picker 2: [0, 46, 9, 37, 56, 96, 10, 7, 45, 60, 76, 30, 33, 87, 89, 22, 50, 69, 28, 3, 36, 26, 1, 20, 18, 27, 8, 0]
Rota do Picker 3: [0, 87, 50, 23, 26, 10, 28, 3, 7, 8, 46, 2, 69, 89, 45, 27, 30, 9, 41, 22, 61, 0]
Rota do Picker 4: [0, 10, 60, 0]
Rota do Picker 5: [0, 51, 71, 37, 57, 60, 59, 93, 33, 76, 96, 28, 98, 18, 13, 12, 21, 1, 31, 7, 50, 0]

Caso de teste: SLAPRP_Guo_small_O50_alpha0.3_v4.txt

Distancia Total: 940.0
Quantidade de Pickers: 5
