Rota do Picker 1: [0, 96, 16, 62, 23, 3, 1, 21, 13, 33, 53, 73, 82, 41, 81, 14, 34, 71, 75, 43, 19, 37, 42, 18, 11, 51, 91, 5, 36, 0]
Rota do Picker 2: [0, 1, 21, 41, 14, 75, 62, 16, 91, 71, 24, 3, 34, 42, 82, 54, 53, 38, 63, 43, 23, 73, 33, 13, 4, 0]
Rota do Picker 3: [0, 36, 33, 13, 61, 22, 73, 43, 3, 71, 34, 14, 44, 5, 41, 21, 1, 39, 15, 42, 24, 4, 81, 23, 63, 37, 16, 82, 91, 52, 53, 0]
Rota do Picker 4: [0, 21, 41, 13, 33, 73, 57, 77, 76, 53, 75, 22, 14, 34, 54, 38, 58, 19, 15, 71, 39, 16, 18, 37, 94, 20, 1, 5, 0]
Rota do Picker 5: [0, 16, 53, 62, 13, 33, 73, 39, 75, 55, 35, 82, 23, 24, 63, 15, 20, 3, 76, 61, 37, 54, 22, 34, 41, 21, 14, 1, 4, 18, 0]
Rota do Picker 6: [0, 21, 41, 23, 13, 53, 63, 3, 71, 44, 82, 62, 22, 1, 81, 5, 91, 61, 34, 14, 24, 73, 42, 43, 4, 0]
Rota do Picker 7: [0, 21, 41, 71, 20, 42, 54, 39, 34, 14, 1, 13, 33, 17, 57, 76, 16, 37, 35, 15, 22, 3, 18, 53, 38, 73, 43, 23, 58, 81, 4, 77, 0]
Rota do Picker 8: [0, 1, 13, 53, 75, 43, 3, 58, 21, 33, 73, 41, 15, 55, 22, 16, 36, 81, 77, 57, 34, 14, 82, 23, 4, 17, 76, 18, 54, 91, 20, 71, 0]
Rota do Picker 9: [0, 53, 1, 73, 13, 81, 61, 41, 21, 3, 23, 33, 5, 14, 34, 42, 24, 54, 44, 22, 71, 17, 4, 63, 43, 15, 0]
Rota do Picker 10: [0, 1, 41, 63, 58, 18, 19, 38, 54, 34, 14, 42, 71, 17, 77, 36, 43, 21, 13, 33, 73, 16, 24, 4, 3, 53, 75, 61, 81, 37, 0]
Rota do Picker 11: [0, 61, 1, 21, 41, 15, 55, 95, 16, 54, 34, 14, 22, 81, 42, 17, 37, 73, 53, 33, 13, 4, 39, 5, 2, 3, 23, 75, 62, 0]
Rota do Picker 12: [0, 13, 53, 73, 17, 57, 54, 43, 33, 75, 37, 20, 38, 15, 24, 81, 21, 77, 34, 14, 41, 1, 71, 16, 56, 76, 19, 0]

Caso de teste: SLAPRP_Guo_small_O200_alpha0.3_v8.txt

Distancia Total: 2528.0
Quantidade de Pickers: 12
