Rota do Picker 1: [0, 52, 45, 25, 3, 23, 7, 27, 47, 72, 62, 22, 6, 26, 66, 13, 93, 16, 44, 24, 1, 21, 61, 42, 4, 5, 15, 32, 0]
Rota do Picker 2: [0, 1, 21, 61, 4, 24, 46, 44, 64, 65, 85, 28, 9, 25, 45, 5, 42, 62, 8, 72, 14, 17, 34, 52, 35, 6, 0]
Rota do Picker 3: [0, 73, 13, 1, 42, 54, 14, 25, 61, 3, 23, 63, 46, 44, 84, 53, 55, 35, 72, 32, 91, 71, 64, 24, 4, 26, 6, 5, 21, 0]
Rota do Picker 4: [0, 4, 24, 45, 27, 5, 25, 93, 54, 53, 15, 64, 44, 61, 21, 1, 0]
Rota do Picker 5: [0, 1, 21, 22, 13, 33, 72, 52, 92, 61, 24, 44, 5, 45, 85, 8, 82, 62, 27, 9, 14, 34, 7, 41, 54, 17, 73, 35, 53, 28, 26, 32, 0]
Rota do Picker 6: [0, 1, 21, 23, 43, 3, 9, 27, 61, 81, 13, 73, 53, 7, 44, 24, 4, 5, 25, 65, 6, 26, 52, 15, 51, 91, 0]

Caso de teste: SLAPRP_Guo_small_O100_alpha0.2_v2.txt

Distancia Total: 914.0
Quantidade de Pickers: 6
