Rota do Picker 1: [0, 21, 41, 5, 25, 26, 66, 8, 33, 14, 34, 16, 52, 32, 92, 27, 48, 28, 45, 65, 51, 61, 1, 0]
Rota do Picker 2: [0, 1, 61, 5, 65, 8, 27, 44, 45, 73, 53, 33, 16, 67, 7, 15, 35, 66, 26, 85, 25, 81, 41, 21, 0]
Rota do Picker 3: [0, 1, 21, 41, 61, 81, 5, 25, 65, 9, 66, 86, 28, 45, 32, 52, 35, 73, 33, 67, 47, 44, 0]
Rota do Picker 4: [0, 21, 41, 81, 72, 52, 34, 9, 8, 14, 33, 61, 44, 7, 25, 5, 45, 26, 51, 1, 0]
Rota do Picker 5: [0, 33, 53, 15, 51, 81, 21, 47, 27, 29, 28, 8, 26, 34, 14, 32, 72, 85, 65, 61, 41, 1, 0]
Rota do Picker 6: [0, 44, 65, 25, 5, 11, 33, 14, 35, 72, 26, 66, 67, 45, 32, 52, 51, 61, 41, 21, 1, 81, 0]
Rota do Picker 7: [0, 1, 41, 5, 25, 27, 9, 44, 61, 81, 15, 35, 16, 47, 7, 65, 85, 21, 33, 73, 72, 51, 0]
Rota do Picker 8: [0, 1, 41, 32, 14, 52, 72, 45, 65, 44, 26, 86, 51, 71, 15, 35, 53, 33, 8, 28, 85, 25, 27, 47, 5, 81, 61, 21, 0]
Rota do Picker 9: [0, 1, 81, 61, 5, 25, 65, 85, 8, 44, 45, 51, 32, 41, 21, 26, 66, 29, 9, 7, 15, 35, 0]
Rota do Picker 10: [0, 81, 1, 21, 41, 61, 5, 25, 7, 8, 28, 47, 27, 32, 92, 73, 15, 16, 26, 9, 29, 44, 45, 12, 14, 91, 51, 0]
Rota do Picker 11: [0, 21, 81, 61, 5, 25, 35, 16, 15, 9, 66, 26, 92, 72, 52, 32, 84, 44, 65, 7, 27, 63, 3, 41, 1, 0]
Rota do Picker 12: [0, 2, 5, 8, 48, 29, 14, 73, 34, 72, 32, 52, 1, 21, 41, 61, 81, 51, 91, 35, 12, 0]
Rota do Picker 13: [0, 14, 51, 81, 41, 1, 22, 21, 61, 71, 33, 12, 46, 45, 26, 0]

Caso de teste: SLAPRP_Guo_small_O200_alpha0.3_v6.txt

Distancia Total: 1628.0
Quantidade de Pickers: 13
