Rota do Picker 1: [0, 32, 30, 69, 9, 1, 45, 67, 29, 7, 3, 50, 27, 87, 46, 26, 22, 21, 51, 31, 64, 2, 18, 10, 28, 8, 0]
Rota do Picker 2: [0, 1, 2, 22, 8, 29, 18, 68, 28, 27, 3, 20, 87, 26, 50, 21, 4, 97, 69, 10, 46, 67, 30, 60, 64, 31, 40, 45, 9, 7, 0]
Rota do Picker 3: [0, 7, 8, 9, 27, 46, 18, 97, 64, 22, 4, 10, 28, 45, 32, 60, 50, 30, 65, 21, 2, 29, 69, 51, 40, 41, 3, 20, 26, 1, 0]
Rota do Picker 4: [0, 8, 20, 18, 60, 7, 27, 45, 40, 50, 17, 98, 74, 94, 31, 97, 3, 39, 93, 11, 23, 51, 46, 32, 59, 13, 28, 75, 12, 1, 0]
Rota do Picker 5: [0, 67, 30, 21, 87, 3, 22, 18, 7, 9, 2, 20, 12, 74, 31, 10, 75, 26, 46, 8, 28, 45, 40, 60, 11, 27, 97, 29, 0]
Rota do Picker 6: [0, 18, 50, 69, 9, 89, 29, 7, 21, 1, 20, 67, 46, 3, 2, 45, 30, 27, 10, 8, 87, 60, 26, 11, 23, 22, 64, 4, 41, 65, 0]
Rota do Picker 7: [0, 60, 97, 27, 7, 18, 20, 9, 46, 59, 41, 12, 17, 98, 28, 68, 1, 26, 40, 11, 0]
Rota do Picker 8: [0, 3, 1, 22, 42, 30, 23, 67, 2, 65, 87, 10, 51, 11, 39, 27, 46, 29, 9, 7, 26, 18, 41, 64, 45, 28, 8, 0]
Rota do Picker 9: [0, 29, 69, 23, 28, 30, 46, 50, 89, 7, 67, 87, 9, 8, 10, 27, 45, 18, 0]
Rota do Picker 10: [0, 26, 46, 27, 45, 65, 67, 30, 4, 28, 41, 21, 8, 1, 9, 10, 87, 69, 11, 7, 29, 89, 50, 2, 0]
Rota do Picker 11: [0, 7, 8, 10, 9, 27, 45, 4, 32, 2, 30, 46, 26, 1, 89, 50, 22, 29, 3, 69, 64, 87, 67, 28, 21, 0]
Rota do Picker 12: [0, 74, 94, 18, 32, 28, 30, 26, 46, 27, 20, 60, 3, 97, 40, 45, 8, 1, 11, 13, 57, 10, 0]
Rota do Picker 13: [0, 45, 8, 67, 32, 20, 51, 64, 28, 87, 41, 21, 18, 50, 29, 26, 9, 89, 40, 10, 3, 30, 2, 22, 31, 42, 11, 65, 46, 27, 7, 75, 0]
Rota do Picker 14: [0, 45, 27, 40, 41, 26, 46, 9, 89, 39, 60, 50, 30, 97, 18, 10, 28, 8, 1, 21, 67, 87, 23, 29, 7, 11, 69, 20, 0]

Caso de teste: SLAPRP_Guo_small_O200_alpha0.3_v6.txt

Distancia Total: 3520.0
Quantidade de Pickers: 14
