Rota do Picker 1: [0, 1, 21, 41, 61, 25, 26, 6, 5, 91, 71, 92, 54, 74, 37, 17, 15, 83, 3, 23, 62, 22, 18, 55, 75, 64, 4, 0]
Rota do Picker 2: [0, 1, 12, 72, 92, 15, 45, 64, 4, 24, 23, 36, 76, 17, 63, 3, 14, 55, 16, 18, 75, 94, 74, 34, 61, 41, 21, 0]
Rota do Picker 3: [0, 53, 35, 75, 15, 82, 62, 61, 41, 1, 5, 24, 22, 57, 18, 14, 55, 37, 91, 71, 4, 23, 3, 83, 21, 0]
Rota do Picker 4: [0, 36, 16, 15, 3, 61, 41, 21, 81, 1, 22, 42, 62, 37, 57, 54, 34, 18, 17, 75, 35, 14, 6, 25, 5, 4, 84, 43, 23, 0]
Rota do Picker 5: [0, 1, 22, 42, 82, 15, 34, 74, 94, 54, 71, 64, 24, 21, 41, 61, 72, 92, 17, 57, 55, 35, 12, 13, 33, 73, 53, 0]
Rota do Picker 6: [0, 1, 41, 61, 6, 62, 4, 24, 84, 52, 72, 15, 37, 74, 54, 34, 14, 45, 25, 5, 51, 91, 71, 3, 23, 22, 21, 0]
Rota do Picker 7: [0, 1, 21, 41, 23, 4, 84, 44, 71, 91, 12, 15, 17, 76, 37, 94, 74, 54, 61, 81, 22, 42, 82, 62, 43, 3, 7, 55, 35, 31, 0]
Rota do Picker 8: [0, 13, 53, 73, 94, 74, 5, 42, 22, 4, 44, 64, 7, 3, 23, 15, 76, 16, 17, 35, 55, 26, 6, 25, 61, 41, 21, 1, 0]
Rota do Picker 9: [0, 12, 22, 62, 83, 25, 45, 13, 93, 53, 23, 43, 63, 6, 15, 35, 5, 61, 41, 21, 72, 92, 34, 14, 64, 4, 44, 26, 1, 0]
Rota do Picker 10: [0, 1, 21, 23, 43, 63, 82, 62, 3, 41, 61, 4, 7, 36, 76, 92, 0]
Rota do Picker 11: [0, 1, 41, 5, 43, 83, 16, 36, 17, 57, 94, 74, 54, 15, 82, 62, 22, 3, 23, 61, 81, 21, 0]
Rota do Picker 12: [0, 1, 21, 81, 63, 61, 41, 4, 24, 23, 22, 42, 6, 25, 5, 44, 14, 94, 93, 53, 54, 34, 32, 0]

Caso de teste: SLAPRP_Guo_small_O200_alpha0.2_v7.txt

Distancia Total: 1544.0
Quantidade de Pickers: 12
