Rota do Picker 1: [0, 1, 26, 46, 27, 20, 40, 34, 12, 9, 3, 2, 24, 22, 62, 10, 30, 8, 47, 45, 36, 18, 37, 17, 51, 11, 0]
Rota do Picker 2: [0, 1, 3, 11, 27, 67, 45, 8, 10, 17, 37, 18, 19, 20, 36, 13, 33, 12, 43, 2, 76, 0]
Rota do Picker 3: [0, 45, 8, 46, 26, 4, 3, 23, 18, 19, 97, 41, 11, 94, 52, 71, 66, 27, 83, 43, 22, 21, 1, 0]
Rota do Picker 4: [0, 71, 45, 27, 10, 9, 3, 1, 21, 2, 22, 62, 36, 40, 19, 20, 60, 11, 33, 13, 41, 61, 26, 46, 66, 12, 34, 94, 0]
Rota do Picker 5: [0, 3, 27, 8, 34, 94, 12, 62, 22, 71, 51, 14, 40, 20, 18, 37, 17, 11, 67, 47, 84, 43, 23, 24, 4, 1, 0]
Rota do Picker 6: [0, 43, 8, 47, 22, 62, 42, 12, 72, 14, 17, 97, 24, 27, 9, 30, 10, 45, 46, 26, 4, 3, 21, 1, 2, 11, 0]
Rota do Picker 7: [0, 11, 14, 34, 17, 33, 1, 3, 22, 42, 23, 8, 66, 46, 26, 41, 61, 12, 52, 13, 27, 67, 4, 21, 0]
Rota do Picker 8: [0, 12, 72, 97, 17, 40, 20, 45, 8, 43, 3, 1, 41, 23, 27, 47, 14, 36, 19, 18, 33, 11, 66, 46, 30, 26, 2, 21, 0]
Rota do Picker 9: [0, 1, 22, 62, 14, 94, 33, 19, 36, 42, 27, 8, 43, 83, 40, 20, 72, 52, 13, 10, 11, 71, 45, 66, 46, 26, 24, 84, 4, 3, 2, 21, 0]
Rota do Picker 10: [0, 43, 1, 61, 21, 26, 66, 30, 9, 89, 3, 23, 11, 12, 17, 20, 34, 0]
Rota do Picker 11: [0, 34, 12, 22, 42, 11, 17, 37, 97, 36, 2, 3, 23, 4, 30, 66, 46, 26, 45, 10, 8, 27, 61, 21, 1, 0]
Rota do Picker 12: [0, 41, 21, 20, 60, 18, 37, 17, 11, 51, 30, 10, 9, 27, 1, 3, 26, 46, 66, 45, 40, 97, 19, 34, 12, 0]

Caso de teste: SLAPRP_Guo_small_O200_alpha0.4_v3.txt

Distancia Total: 1752.0
Quantidade de Pickers: 12
