Rota do Picker 1: [0, 1, 0]
Rota do Picker 2: [0, 1, 0]
Rota do Picker 3: [0, 1, 0]
Rota do Picker 4: [0, 1, 21, 61, 81, 23, 43, 63, 26, 64, 44, 24, 65, 5, 8, 9, 28, 7, 54, 55, 35, 13, 17, 16, 34, 46, 0]
Rota do Picker 5: [0, 1, 21, 61, 81, 23, 43, 63, 46, 26, 45, 82, 16, 15, 17, 9, 7, 6, 66, 8, 64, 74, 14, 72, 36, 13, 33, 34, 0]
Rota do Picker 6: [0, 1, 21, 61, 81, 23, 43, 63, 83, 26, 66, 8, 54, 15, 6, 46, 7, 65, 45, 5, 64, 44, 4, 0]
Rota do Picker 7: [0, 1, 21, 45, 5, 24, 82, 25, 44, 64, 83, 63, 43, 23, 81, 61, 6, 47, 7, 16, 13, 33, 72, 92, 52, 14, 0]
Rota do Picker 8: [0, 1, 21, 61, 23, 43, 63, 83, 7, 27, 35, 55, 15, 84, 44, 24, 5, 25, 65, 66, 2, 42, 62, 81, 85, 52, 11, 13, 33, 53, 34, 0]
Rota do Picker 9: [0, 1, 61, 21, 81, 12, 32, 72, 91, 15, 35, 13, 14, 26, 6, 54, 34, 64, 44, 43, 83, 8, 47, 7, 5, 3, 63, 23, 0]
Rota do Picker 10: [0, 82, 25, 5, 61, 1, 23, 13, 55, 0]

Caso de teste: SLAPRP_Guo_small_O100_alpha0.2_v10.txt

Distancia Total: 878.0
Quantidade de Pickers: 10
