Rota do Picker 1: [0, 46, 1, 7, 8, 27, 65, 47, 87, 45, 26, 9, 28, 67, 30, 50, 10, 89, 69, 0]
Rota do Picker 2: [0, 7, 8, 27, 87, 45, 37, 40, 46, 9, 3, 36, 76, 89, 31, 51, 11, 28, 1, 18, 26, 41, 21, 19, 10, 50, 30, 84, 64, 47, 20, 32, 0]
Rota do Picker 3: [0, 65, 8, 3, 2, 21, 37, 87, 47, 7, 46, 26, 19, 45, 18, 9, 27, 20, 69, 89, 32, 30, 10, 28, 50, 22, 41, 94, 12, 0]
Rota do Picker 4: [0, 84, 22, 41, 64, 2, 10, 11, 30, 3, 47, 28, 83, 7, 18, 89, 69, 9, 8, 45, 87, 27, 46, 26, 21, 1, 0]
Rota do Picker 5: [0, 7, 9, 69, 18, 67, 27, 8, 26, 45, 50, 3, 87, 65, 84, 30, 28, 46, 47, 10, 0]
Rota do Picker 6: [0, 1, 21, 74, 55, 39, 60, 41, 57, 11, 28, 51, 31, 32, 46, 75, 12, 13, 37, 77, 20, 94, 18, 59, 19, 98, 40, 0]
Rota do Picker 7: [0, 8, 9, 26, 45, 18, 19, 40, 11, 0]
Rota do Picker 8: [0, 7, 27, 1, 89, 9, 22, 11, 83, 65, 46, 45, 8, 2, 21, 19, 18, 69, 50, 67, 3, 26, 41, 87, 32, 30, 47, 84, 0]
Rota do Picker 9: [0, 1, 83, 84, 9, 87, 22, 47, 69, 89, 67, 21, 65, 50, 30, 41, 3, 11, 45, 27, 46, 26, 8, 7, 32, 0]
Rota do Picker 10: [0, 8, 9, 26, 45, 41, 18, 19, 37, 55, 36, 69, 89, 20, 60, 7, 3, 10, 28, 27, 65, 40, 64, 84, 13, 32, 22, 47, 94, 74, 31, 11, 21, 46, 87, 0]
Rota do Picker 11: [0, 3, 47, 65, 1, 30, 45, 10, 89, 69, 7, 21, 28, 50, 84, 9, 87, 67, 27, 8, 46, 26, 2, 0]
Rota do Picker 12: [0, 27, 26, 45, 18, 21, 11, 31, 46, 10, 28, 41, 32, 37, 8, 20, 7, 65, 87, 67, 12, 64, 84, 30, 9, 47, 3, 22, 2, 0]
Rota do Picker 13: [0, 11, 55, 75, 7, 45, 84, 10, 2, 46, 40, 47, 18, 94, 74, 30, 28, 39, 36, 12, 8, 1, 31, 98, 0]

Caso de teste: SLAPRP_Guo_small_O200_alpha0.3_v8.txt

Distancia Total: 2822.0
Quantidade de Pickers: 13
