Rota do Picker 1: [0, 1, 21, 41, 61, 81, 5, 25, 13, 16, 8, 45, 43, 83, 63, 23, 84, 3, 15, 46, 24, 66, 52, 72, 7, 32, 28, 35, 26, 6, 44, 4, 0]
Rota do Picker 2: [0, 35, 85, 9, 26, 64, 29, 43, 65, 47, 24, 44, 84, 41, 61, 5, 6, 46, 63, 28, 48, 16, 4, 83, 7, 67, 8, 45, 25, 23, 3, 21, 1, 66, 53, 0]
Rota do Picker 3: [0, 1, 21, 61, 51, 71, 24, 44, 64, 92, 35, 81, 16, 65, 67, 27, 72, 32, 12, 41, 5, 14, 0]
Rota do Picker 4: [0, 73, 27, 92, 32, 12, 1, 8, 72, 52, 33, 13, 61, 41, 21, 71, 91, 0]
Rota do Picker 5: [0, 53, 15, 44, 24, 1, 91, 51, 13, 61, 41, 21, 14, 81, 35, 32, 71, 52, 63, 83, 16, 12, 2, 0]
Rota do Picker 6: [0, 21, 41, 7, 47, 65, 45, 28, 8, 3, 1, 27, 48, 29, 42, 46, 85, 9, 84, 25, 5, 2, 26, 6, 44, 24, 4, 0]
Rota do Picker 7: [0, 65, 32, 12, 1, 45, 71, 51, 41, 4, 44, 33, 73, 61, 13, 24, 35, 26, 21, 52, 72, 9, 14, 29, 3, 23, 63, 83, 16, 81, 8, 66, 0]
Rota do Picker 8: [0, 9, 65, 25, 81, 61, 41, 85, 64, 44, 24, 4, 21, 23, 43, 2, 5, 45, 86, 52, 46, 84, 16, 26, 7, 3, 63, 83, 66, 1, 12, 32, 8, 27, 47, 0]
Rota do Picker 9: [0, 85, 67, 13, 22, 84, 35, 7, 6, 81, 26, 1, 3, 8, 16, 15, 27, 24, 4, 41, 83, 63, 23, 73, 44, 25, 5, 61, 21, 0]
Rota do Picker 10: [0, 1, 21, 3, 23, 5, 25, 65, 24, 43, 84, 8, 64, 6, 7, 2, 85, 66, 26, 47, 63, 14, 44, 45, 4, 41, 28, 33, 0]
Rota do Picker 11: [0, 1, 21, 41, 14, 48, 43, 84, 61, 81, 47, 8, 66, 64, 63, 23, 3, 13, 65, 45, 2, 28, 5, 25, 9, 29, 51, 71, 15, 4, 24, 44, 7, 67, 16, 0]
Rota do Picker 12: [0, 84, 9, 2, 24, 28, 47, 26, 66, 15, 7, 43, 23, 3, 21, 65, 86, 85, 46, 6, 5, 1, 27, 8, 45, 25, 44, 4, 41, 0]
Rota do Picker 13: [0, 53, 24, 4, 41, 61, 32, 52, 7, 65, 47, 72, 45, 71, 51, 33, 81, 5, 13, 66, 6, 28, 44, 15, 31, 11, 21, 35, 27, 1, 9, 84, 16, 26, 46, 0]
Rota do Picker 14: [0, 86, 26, 32, 12, 41, 5, 21, 29, 2, 44, 64, 45, 16, 7, 33, 61, 65, 84, 52, 72, 13, 25, 24, 53, 47, 81, 9, 31, 51, 71, 28, 66, 73, 1, 3, 23, 63, 83, 15, 6, 34, 0]
Rota do Picker 15: [0, 21, 41, 61, 13, 53, 44, 1, 33, 15, 51, 71, 35, 52, 12, 66, 73, 32, 14, 72, 0]

Caso de teste: SLAPRP_Guo_small_O200_alpha0.3_v6.txt

Distancia Total: 3224.0
Quantidade de Pickers: 15
