Rota do Picker 1: [0, 1, 0]
Rota do Picker 2: [0, 1, 0]
Rota do Picker 3: [0, 61, 1, 12, 32, 26, 3, 51, 31, 2, 21, 41, 11, 52, 0]
Rota do Picker 4: [0, 51, 31, 11, 32, 12, 33, 26, 1, 21, 41, 2, 42, 0]
Rota do Picker 5: [0, 12, 32, 11, 31, 51, 13, 33, 23, 10, 2, 21, 1, 0]
Rota do Picker 6: [0, 11, 31, 12, 33, 13, 32, 23, 3, 22, 42, 2, 41, 21, 1, 0]
Rota do Picker 7: [0, 11, 32, 21, 2, 31, 51, 12, 3, 23, 22, 42, 61, 10, 33, 13, 1, 0]
Rota do Picker 8: [0, 3, 11, 31, 52, 12, 32, 51, 42, 22, 41, 21, 1, 2, 23, 26, 13, 0]
Rota do Picker 9: [0, 3, 2, 11, 31, 51, 22, 42, 26, 52, 12, 41, 21, 1, 0]
Rota do Picker 10: [0, 1, 12, 32, 52, 13, 33, 21, 41, 42, 22, 26, 51, 31, 11, 2, 0]
Rota do Picker 11: [0, 1, 2, 12, 41, 21, 3, 23, 51, 32, 52, 33, 13, 11, 31, 0]
Rota do Picker 12: [0, 11, 31, 51, 32, 12, 41, 21, 1, 2, 22, 3, 0]
Rota do Picker 13: [0, 52, 51, 11, 31, 32, 12, 13, 33, 41, 21, 42, 2, 23, 1, 61, 26, 22, 3, 0]

Caso de teste: SLAPRP_Guo_small_O200_alpha0.3_v2.txt

Distancia Total: 672.0
Quantidade de Pickers: 13
