Rota do Picker 1: [0, 82, 46, 83, 63, 81, 6, 61, 23, 7, 43, 8, 84, 44, 27, 26, 25, 5, 41, 21, 1, 0]
Rota do Picker 2: [0, 24, 7, 8, 81, 46, 27, 44, 25, 82, 83, 23, 61, 63, 43, 45, 5, 21, 26, 41, 1, 64, 0]
Rota do Picker 3: [0, 63, 41, 61, 5, 6, 7, 43, 82, 1, 21, 81, 45, 8, 44, 64, 23, 46, 65, 26, 25, 27, 0]
Rota do Picker 4: [0, 1, 41, 5, 37, 82, 81, 44, 63, 43, 23, 61, 21, 64, 83, 24, 6, 54, 0]
Rota do Picker 5: [0, 81, 43, 1, 63, 5, 64, 37, 82, 23, 61, 41, 21, 84, 54, 93, 0]
Rota do Picker 6: [0, 45, 82, 64, 83, 25, 81, 5, 43, 61, 41, 18, 65, 27, 44, 63, 23, 21, 1, 0]
Rota do Picker 7: [0, 43, 25, 5, 81, 1, 7, 63, 23, 61, 41, 21, 46, 65, 82, 45, 64, 27, 8, 44, 26, 0]
Rota do Picker 8: [0, 43, 23, 81, 41, 1, 21, 61, 7, 27, 37, 83, 25, 63, 5, 65, 45, 54, 26, 46, 0]
Rota do Picker 9: [0, 1, 21, 41, 61, 5, 7, 46, 43, 82, 63, 81, 22, 42, 25, 23, 8, 65, 26, 64, 83, 44, 6, 45, 27, 0]
Rota do Picker 10: [0, 93, 34, 32, 61, 17, 52, 37, 41, 21, 1, 13, 53, 0]
Rota do Picker 11: [0, 7, 27, 43, 24, 6, 26, 44, 82, 65, 5, 63, 61, 23, 83, 46, 8, 41, 64, 25, 81, 21, 1, 54, 0]
Rota do Picker 12: [0, 64, 44, 81, 27, 83, 43, 65, 5, 23, 61, 41, 21, 1, 25, 0]
Rota do Picker 13: [0, 93, 63, 43, 23, 45, 5, 81, 37, 65, 61, 41, 21, 1, 54, 0]
Rota do Picker 14: [0, 82, 63, 45, 83, 25, 6, 81, 26, 43, 65, 44, 64, 27, 7, 24, 61, 21, 1, 41, 23, 5, 0]

Caso de teste: SLAPRP_Guo_small_O200_alpha0.2_v9.txt

Distancia Total: 1902.0
Quantidade de Pickers: 14
