Rota do Picker 1: [0, 69, 64, 10, 26, 30, 48, 21, 45, 89, 50, 70, 47, 87, 46, 9, 8, 27, 7, 1, 0]
Rota do Picker 2: [0, 80, 8, 1, 19, 18, 26, 60, 40, 96, 45, 87, 7, 0]
Rota do Picker 3: [0, 27, 30, 19, 46, 26, 1, 83, 40, 20, 7, 45, 87, 41, 8, 10, 37, 21, 64, 96, 89, 76, 80, 60, 70, 48, 9, 0]
Rota do Picker 4: [0, 80, 20, 37, 48, 10, 45, 46, 26, 76, 8, 64, 70, 19, 40, 9, 30, 27, 96, 87, 7, 2, 21, 41, 22, 0]
Rota do Picker 5: [0, 20, 37, 70, 50, 30, 46, 26, 76, 48, 7, 10, 40, 22, 27, 87, 60, 21, 94, 45, 1, 19, 89, 9, 8, 64, 0]
Rota do Picker 6: [0, 7, 27, 9, 10, 45, 20, 19, 69, 2, 22, 87, 41, 1, 26, 46, 8, 50, 76, 48, 89, 97, 30, 21, 0]
Rota do Picker 7: [0, 1, 21, 47, 2, 48, 50, 30, 9, 87, 7, 69, 64, 26, 46, 8, 22, 27, 10, 70, 45, 0]

Caso de teste: SLAPRP_Guo_small_O100_alpha0.4_v4.txt

Distancia Total: 1570.0
Quantidade de Pickers: 7
