Rota do Picker 1: [0, 1, 0]
Rota do Picker 2: [0, 1, 0]
Rota do Picker 3: [0, 51, 10, 2, 41, 21, 1, 14, 13, 42, 22, 31, 11, 32, 12, 0]
Rota do Picker 4: [0, 1, 21, 11, 51, 32, 2, 10, 22, 42, 3, 31, 12, 13, 0]
Rota do Picker 5: [0, 1, 2, 10, 32, 12, 13, 42, 22, 23, 21, 61, 41, 3, 51, 31, 11, 0]
Rota do Picker 6: [0, 1, 21, 10, 2, 33, 32, 12, 11, 31, 0]
Rota do Picker 7: [0, 1, 41, 10, 21, 2, 3, 23, 22, 51, 31, 11, 12, 32, 13, 0]
Rota do Picker 8: [0, 1, 21, 41, 11, 12, 32, 13, 52, 51, 31, 23, 3, 22, 2, 0]
Rota do Picker 9: [0, 11, 31, 51, 13, 33, 2, 42, 41, 14, 12, 32, 3, 23, 22, 21, 1, 0]
Rota do Picker 10: [0, 1, 2, 22, 42, 51, 11, 41, 61, 21, 23, 3, 10, 12, 52, 32, 0]
Rota do Picker 11: [0, 21, 1, 2, 42, 22, 33, 13, 52, 14, 31, 51, 11, 12, 0]
Rota do Picker 12: [0, 1, 23, 2, 42, 21, 41, 61, 3, 32, 12, 51, 31, 11, 0]
Rota do Picker 13: [0, 1, 41, 51, 11, 31, 2, 22, 42, 3, 10, 13, 33, 32, 12, 21, 0]

Caso de teste: SLAPRP_Guo_small_O200_alpha0.4_v2.txt

Distancia Total: 666.0
Quantidade de Pickers: 13
