Rota do Picker 1: [0, 1, 0]
Rota do Picker 2: [0, 1, 3, 23, 43, 83, 26, 25, 15, 54, 82, 62, 42, 22, 14, 17, 16, 7, 46, 6, 8, 44, 84, 24, 4, 41, 21, 0]
Rota do Picker 3: [0, 1, 3, 23, 43, 21, 41, 62, 82, 42, 36, 54, 94, 74, 73, 55, 15, 14, 44, 24, 4, 5, 6, 26, 84, 64, 12, 0]
Rota do Picker 4: [0, 12, 6, 26, 27, 8, 3, 4, 24, 1, 21, 41, 15, 16, 14, 62, 82, 23, 43, 45, 65, 25, 5, 44, 0]
Rota do Picker 5: [0, 1, 6, 42, 62, 82, 7, 5, 84, 65, 3, 23, 83, 43, 27, 18, 36, 14, 54, 92, 55, 15, 4, 24, 61, 41, 21, 0]
Rota do Picker 6: [0, 14, 37, 12, 92, 72, 93, 53, 16, 36, 11, 1, 21, 3, 23, 83, 22, 62, 82, 42, 2, 44, 64, 32, 52, 34, 54, 73, 4, 46, 6, 43, 15, 18, 41, 61, 5, 25, 24, 0]
Rota do Picker 7: [0, 22, 42, 3, 23, 43, 5, 35, 14, 36, 16, 15, 84, 24, 4, 44, 82, 62, 41, 21, 1, 0]

Caso de teste: SLAPRP_Guo_small_O100_alpha0.3_v7.txt

Distancia Total: 788.0
Quantidade de Pickers: 7
