Rota do Picker 1: [0, 1, 0]
Rota do Picker 2: [0, 1, 21, 41, 61, 23, 83, 43, 42, 62, 82, 24, 44, 8, 46, 7, 27, 45, 5, 4, 3, 0]
Rota do Picker 3: [0, 52, 82, 62, 23, 3, 65, 46, 26, 5, 61, 41, 1, 21, 22, 42, 43, 83, 63, 25, 44, 24, 4, 0]
Rota do Picker 4: [0, 52, 43, 64, 24, 1, 44, 8, 6, 26, 7, 41, 61, 34, 74, 37, 55, 2, 45, 5, 23, 3, 21, 0]
Rota do Picker 5: [0, 4, 25, 46, 82, 62, 42, 26, 6, 45, 44, 24, 65, 8, 5, 23, 3, 21, 1, 81, 64, 83, 43, 61, 41, 0]
Rota do Picker 6: [0, 45, 41, 21, 1, 24, 64, 52, 72, 34, 73, 93, 74, 56, 23, 25, 5, 3, 43, 22, 92, 18, 0]
Rota do Picker 7: [0, 54, 14, 75, 35, 56, 73, 1, 21, 41, 37, 93, 34, 81, 61, 42, 62, 16, 36, 51, 71, 91, 72, 92, 17, 5, 45, 24, 44, 4, 23, 3, 0]
Rota do Picker 8: [0, 1, 43, 83, 62, 82, 42, 11, 52, 72, 32, 36, 18, 17, 34, 14, 61, 41, 21, 3, 23, 5, 25, 65, 26, 7, 16, 0]
Rota do Picker 9: [0, 43, 23, 3, 1, 41, 61, 52, 72, 17, 34, 14, 21, 5, 7, 53, 55, 36, 82, 25, 45, 4, 24, 44, 75, 91, 71, 0]
Rota do Picker 10: [0, 21, 41, 81, 4, 24, 44, 23, 83, 64, 3, 43, 7, 27, 26, 46, 5, 25, 63, 62, 42, 82, 1, 0]
Rota do Picker 11: [0, 1, 3, 4, 25, 8, 23, 6, 5, 61, 81, 41, 21, 13, 54, 92, 52, 32, 12, 15, 34, 0]
Rota do Picker 12: [0, 1, 21, 61, 42, 62, 18, 37, 14, 34, 52, 92, 35, 16, 63, 43, 23, 41, 27, 46, 53, 73, 26, 22, 6, 24, 44, 4, 3, 25, 5, 0]
Rota do Picker 13: [0, 1, 21, 81, 62, 82, 4, 26, 65, 45, 5, 23, 3, 7, 27, 25, 83, 43, 41, 42, 64, 24, 0]

Caso de teste: SLAPRP_Guo_small_O200_alpha0.4_v4.txt

Distancia Total: 1488.0
Quantidade de Pickers: 13
