Rota do Picker 1: [0, 18, 40, 36, 22, 28, 48, 64, 1, 3, 65, 26, 46, 27, 7, 8, 9, 69, 89, 45, 31, 11, 0]
Rota do Picker 2: [0, 32, 41, 9, 87, 47, 46, 26, 48, 30, 22, 18, 36, 21, 1, 96, 20, 10, 7, 8, 27, 45, 31, 0]
Rota do Picker 3: [0, 46, 26, 7, 8, 9, 69, 89, 48, 45, 65, 21, 1, 87, 27, 28, 67, 50, 2, 20, 40, 51, 0]
Rota do Picker 4: [0, 8, 30, 69, 89, 10, 7, 2, 84, 64, 27, 87, 67, 19, 20, 97, 37, 41, 21, 1, 9, 28, 48, 26, 46, 45, 31, 0]
Rota do Picker 5: [0, 12, 69, 89, 30, 48, 67, 87, 27, 7, 26, 46, 8, 28, 9, 10, 45, 65, 2, 21, 1, 0]
Rota do Picker 6: [0, 20, 59, 0]
Rota do Picker 7: [0, 7, 27, 47, 67, 64, 21, 1, 45, 48, 10, 9, 8, 46, 26, 12, 0]
Rota do Picker 8: [0, 1, 8, 27, 87, 26, 64, 11, 51, 9, 47, 37, 20, 32, 12, 45, 65, 28, 48, 41, 21, 7, 46, 22, 0]
Rota do Picker 9: [0, 11, 7, 27, 47, 87, 45, 10, 9, 8, 46, 26, 22, 1, 21, 0]
Rota do Picker 10: [0, 1, 40, 97, 37, 31, 67, 10, 46, 26, 2, 45, 48, 69, 9, 27, 7, 8, 28, 30, 57, 39, 20, 18, 55, 74, 36, 32, 0]
Rota do Picker 11: [0, 46, 64, 84, 3, 10, 26, 27, 7, 28, 8, 21, 9, 47, 57, 11, 30, 69, 2, 45, 65, 48, 12, 31, 0]
Rota do Picker 12: [0, 22, 7, 8, 48, 26, 11, 31, 12, 36, 37, 94, 74, 2, 28, 27, 67, 87, 46, 18, 96, 76, 55, 19, 39, 41, 1, 65, 9, 45, 0]

Caso de teste: SLAPRP_Guo_small_O200_alpha0.3_v1.txt

Distancia Total: 1596.0
Quantidade de Pickers: 12
