Rota do Picker 1: [0, 1, 21, 13, 32, 17, 77, 39, 37, 20, 18, 40, 94, 14, 96, 36, 33, 93, 61, 0]
Rota do Picker 2: [0, 21, 26, 46, 9, 10, 45, 34, 36, 96, 14, 23, 3, 83, 7, 30, 50, 48, 27, 42, 22, 2, 41, 0]
Rota do Picker 3: [0, 1, 21, 23, 83, 48, 8, 2, 42, 13, 33, 17, 77, 20, 14, 36, 61, 4, 7, 27, 87, 26, 46, 45, 85, 10, 9, 0]
Rota do Picker 4: [0, 21, 61, 32, 17, 77, 97, 13, 93, 94, 50, 10, 30, 1, 18, 78, 39, 20, 60, 9, 8, 7, 42, 22, 2, 0]
Rota do Picker 5: [0, 41, 32, 72, 18, 77, 36, 97, 17, 61, 21, 37, 60, 20, 39, 78, 93, 0]
Rota do Picker 6: [0, 1, 61, 36, 40, 20, 18, 17, 14, 42, 21, 33, 78, 39, 97, 77, 37, 72, 32, 13, 93, 0]
Rota do Picker 7: [0, 21, 48, 85, 45, 4, 61, 41, 3, 30, 96, 36, 34, 27, 7, 2, 42, 50, 10, 9, 46, 26, 1, 0]
Rota do Picker 8: [0, 45, 85, 39, 78, 18, 17, 41, 61, 32, 14, 20, 37, 77, 97, 10, 50, 30, 1, 34, 96, 94, 33, 21, 0]
Rota do Picker 9: [0, 32, 33, 9, 8, 7, 4, 21, 1, 45, 30, 26, 3, 48, 27, 87, 13, 60, 40, 83, 23, 2, 10, 34, 42, 0]
Rota do Picker 10: [0, 21, 85, 45, 46, 41, 61, 20, 23, 83, 7, 8, 48, 9, 27, 3, 36, 96, 60, 40, 10, 26, 42, 0]
Rota do Picker 11: [0, 2, 45, 26, 46, 42, 41, 21, 23, 7, 50, 9, 27, 1, 61, 72, 32, 13, 33, 93, 36, 94, 77, 97, 17, 14, 0]

Caso de teste: SLAPRP_Guo_small_O200_alpha0.4_v2.txt

Distancia Total: 1624.0
Quantidade de Pickers: 11
