Rota do Picker 1: [0, 8, 13, 65, 25, 83, 63, 42, 61, 7, 21, 6, 1, 4, 23, 43, 5, 45, 64, 62, 26, 22, 41, 3, 24, 44, 46, 27, 0]
Rota do Picker 2: [0, 44, 61, 24, 62, 22, 41, 21, 3, 1, 63, 42, 45, 43, 23, 6, 4, 5, 83, 46, 64, 27, 35, 0]
Rota do Picker 3: [0, 1, 22, 51, 91, 21, 61, 81, 41, 45, 43, 23, 16, 26, 6, 62, 42, 4, 13, 24, 3, 44, 37, 0]
Rota do Picker 4: [0, 4, 24, 41, 25, 22, 65, 8, 26, 6, 61, 46, 63, 83, 45, 82, 62, 44, 42, 5, 43, 23, 3, 21, 1, 0]
Rota do Picker 5: [0, 1, 82, 3, 43, 63, 6, 27, 44, 13, 5, 7, 45, 25, 42, 23, 8, 22, 26, 83, 62, 46, 24, 4, 21, 0]
Rota do Picker 6: [0, 71, 21, 51, 31, 1, 93, 32, 73, 53, 36, 61, 35, 18, 17, 16, 14, 12, 92, 52, 72, 91, 74, 75, 37, 44, 4, 0]

Caso de teste: SLAPRP_Guo_small_O100_alpha0.4_v9.txt

Distancia Total: 976.0
Quantidade de Pickers: 6
