Rota do Picker 1: [0, 63, 34, 65, 22, 62, 64, 24, 42, 82, 5, 46, 41, 61, 81, 1, 4, 3, 14, 27, 6, 21, 23, 43, 83, 52, 0]
Rota do Picker 2: [0, 22, 64, 21, 74, 5, 24, 4, 41, 1, 23, 44, 43, 52, 81, 82, 62, 42, 45, 3, 27, 73, 93, 16, 7, 26, 6, 61, 0]
Rota do Picker 3: [0, 21, 61, 81, 34, 0]
Rota do Picker 4: [0, 61, 43, 63, 6, 81, 23, 4, 42, 82, 46, 41, 7, 44, 83, 27, 34, 3, 25, 65, 5, 21, 1, 22, 64, 26, 62, 24, 0]
Rota do Picker 5: [0, 3, 64, 81, 63, 61, 65, 44, 22, 42, 7, 8, 6, 46, 25, 34, 1, 21, 41, 4, 24, 5, 27, 23, 43, 26, 83, 36, 0]
Rota do Picker 6: [0, 24, 22, 8, 45, 21, 63, 64, 44, 4, 3, 27, 25, 83, 26, 6, 61, 46, 7, 5, 43, 23, 41, 1, 65, 0]
Rota do Picker 7: [0, 1, 21, 22, 23, 63, 33, 36, 71, 51, 43, 74, 73, 6, 4, 42, 81, 61, 83, 25, 55, 44, 7, 35, 75, 41, 0]
Rota do Picker 8: [0, 73, 24, 4, 21, 61, 81, 82, 74, 7, 22, 42, 41, 5, 46, 34, 63, 37, 92, 72, 25, 43, 23, 1, 36, 44, 62, 52, 17, 0]
Rota do Picker 9: [0, 63, 27, 65, 45, 41, 62, 64, 7, 6, 24, 4, 61, 21, 22, 5, 23, 43, 25, 46, 26, 1, 44, 82, 42, 81, 8, 0]
Rota do Picker 10: [0, 74, 7, 45, 65, 63, 62, 3, 25, 64, 81, 23, 61, 83, 43, 52, 34, 82, 42, 44, 24, 4, 1, 73, 53, 46, 6, 5, 41, 21, 8, 54, 0]
Rota do Picker 11: [0, 21, 41, 3, 23, 43, 4, 62, 24, 1, 25, 6, 5, 61, 82, 26, 22, 65, 83, 45, 63, 27, 73, 0]
Rota do Picker 12: [0, 5, 34, 74, 72, 44, 4, 1, 41, 54, 93, 21, 61, 81, 14, 36, 55, 17, 18, 71, 91, 35, 16, 53, 31, 51, 92, 56, 75, 37, 13, 33, 73, 0]
Rota do Picker 13: [0, 74, 65, 8, 24, 22, 1, 41, 4, 23, 43, 5, 21, 61, 25, 6, 83, 45, 7, 62, 42, 0]
Rota do Picker 14: [0, 21, 41, 23, 43, 34, 18, 1, 22, 72, 92, 51, 32, 91, 14, 52, 36, 75, 73, 81, 61, 4, 71, 17, 0]

Caso de teste: SLAPRP_Guo_small_O200_alpha0.3_v10.txt

Distancia Total: 2464.0
Quantidade de Pickers: 14
