Rota do Picker 1: [0, 27, 45, 24, 4, 61, 46, 6, 5, 3, 26, 64, 85, 14, 9, 22, 25, 65, 7, 82, 44, 28, 8, 62, 42, 21, 1, 66, 23, 47, 32, 72, 0]
Rota do Picker 2: [0, 21, 61, 4, 24, 71, 91, 42, 5, 45, 15, 52, 1, 3, 23, 63, 46, 44, 26, 6, 47, 84, 9, 25, 27, 64, 85, 65, 8, 62, 0]
Rota do Picker 3: [0, 72, 32, 42, 15, 13, 62, 22, 61, 21, 1, 65, 91, 51, 17, 92, 35, 55, 54, 73, 53, 52, 33, 14, 0]
Rota do Picker 4: [0, 1, 21, 61, 62, 7, 16, 73, 0]
Rota do Picker 5: [0, 1, 61, 5, 25, 14, 54, 73, 62, 26, 13, 64, 15, 93, 35, 34, 7, 22, 41, 53, 4, 16, 45, 32, 52, 21, 24, 44, 72, 6, 42, 81, 0]
Rota do Picker 6: [0, 21, 1, 24, 44, 5, 15, 61, 54, 46, 4, 45, 53, 27, 35, 28, 26, 84, 25, 3, 23, 65, 42, 34, 0]
Rota do Picker 7: [0, 1, 13, 93, 66, 21, 61, 24, 44, 16, 72, 45, 62, 63, 3, 52, 91, 71, 43, 23, 42, 25, 8, 17, 64, 4, 5, 15, 7, 53, 73, 0]

Caso de teste: SLAPRP_Guo_small_O100_alpha0.2_v2.txt

Distancia Total: 1356.0
Quantidade de Pickers: 7
