Rota do Picker 1: [0, 1, 21, 41, 61, 13, 53, 81, 24, 33, 73, 17, 75, 37, 22, 42, 18, 52, 92, 36, 15, 93, 56, 3, 32, 72, 16, 4, 0]
Rota do Picker 2: [0, 1, 41, 4, 24, 6, 33, 46, 25, 64, 44, 61, 63, 45, 7, 3, 42, 62, 82, 5, 26, 21, 22, 23, 0]
Rota do Picker 3: [0, 6, 84, 44, 25, 7, 43, 15, 64, 24, 12, 52, 22, 62, 63, 65, 4, 41, 3, 23, 5, 45, 82, 21, 1, 42, 0]
Rota do Picker 4: [0, 35, 56, 23, 75, 53, 33, 4, 3, 41, 21, 1, 43, 17, 65, 0]
Rota do Picker 5: [0, 61, 3, 23, 43, 24, 16, 56, 18, 25, 52, 17, 63, 35, 15, 4, 41, 21, 22, 42, 62, 1, 33, 53, 44, 37, 5, 32, 0]
Rota do Picker 6: [0, 36, 1, 41, 63, 21, 51, 6, 43, 23, 3, 61, 82, 5, 65, 16, 4, 24, 33, 52, 32, 45, 84, 64, 22, 42, 62, 25, 18, 17, 0]

Caso de teste: SLAPRP_Guo_small_O100_alpha0.3_v3.txt

Distancia Total: 1034.0
Quantidade de Pickers: 6
