Rota do Picker 1: [0, 1, 14, 52, 0]
Rota do Picker 2: [0, 1, 0]
Rota do Picker 3: [0, 1, 62, 82, 5, 83, 23, 7, 27, 25, 6, 26, 46, 42, 22, 41, 81, 45, 44, 63, 43, 21, 0]
Rota do Picker 4: [0, 1, 21, 41, 5, 26, 4, 7, 8, 27, 45, 65, 81, 61, 62, 42, 22, 46, 6, 3, 63, 83, 43, 23, 0]
Rota do Picker 5: [0, 21, 41, 26, 45, 1, 4, 64, 46, 7, 27, 44, 24, 62, 82, 22, 2, 42, 5, 25, 6, 8, 43, 63, 23, 3, 54, 73, 0]
Rota do Picker 6: [0, 1, 21, 41, 61, 5, 45, 26, 82, 42, 4, 24, 3, 35, 55, 75, 73, 93, 16, 36, 14, 74, 34, 32, 12, 0]
Rota do Picker 7: [0, 3, 23, 43, 63, 22, 42, 62, 26, 65, 71, 91, 75, 35, 37, 18, 16, 13, 81, 21, 41, 61, 4, 5, 25, 45, 6, 46, 1, 0]
Rota do Picker 8: [0, 25, 8, 7, 5, 23, 43, 63, 83, 24, 44, 6, 26, 62, 42, 22, 41, 21, 1, 0]
Rota do Picker 9: [0, 81, 25, 5, 17, 36, 35, 34, 54, 18, 6, 27, 23, 3, 63, 83, 43, 82, 42, 22, 41, 21, 1, 92, 72, 0]
Rota do Picker 10: [0, 1, 3, 23, 43, 63, 13, 56, 37, 17, 18, 4, 25, 6, 5, 62, 42, 22, 41, 21, 0]
Rota do Picker 11: [0, 21, 61, 1, 41, 7, 5, 25, 43, 3, 23, 42, 22, 33, 53, 73, 13, 6, 24, 44, 4, 82, 62, 12, 32, 92, 75, 35, 16, 72, 0]
Rota do Picker 12: [0, 21, 1, 3, 23, 43, 63, 15, 55, 35, 45, 26, 44, 22, 62, 8, 5, 65, 25, 6, 46, 41, 42, 24, 64, 52, 72, 0]
Rota do Picker 13: [0, 1, 21, 41, 37, 74, 34, 14, 51, 91, 71, 27, 7, 61, 81, 3, 43, 64, 22, 42, 23, 45, 5, 24, 4, 83, 82, 0]

Caso de teste: SLAPRP_Guo_small_O200_alpha0.3_v2.txt

Distancia Total: 1258.0
Quantidade de Pickers: 13
