Rota do Picker 1: [0, 1, 0]
Rota do Picker 2: [0, 1, 0]
Rota do Picker 3: [0, 1, 0]
Rota do Picker 4: [0, 1, 0]
Rota do Picker 5: [0, 1, 0]
Rota do Picker 6: [0, 1, 41, 73, 92, 0]
Rota do Picker 7: [0, 1, 21, 41, 61, 5, 8, 27, 7, 43, 83, 3, 44, 24, 45, 65, 22, 82, 62, 42, 23, 0]
Rota do Picker 8: [0, 73, 53, 33, 13, 61, 41, 21, 81, 1, 22, 62, 82, 16, 36, 55, 56, 46, 6, 26, 24, 4, 3, 23, 43, 63, 5, 45, 7, 8, 44, 42, 0]
Rota do Picker 9: [0, 1, 21, 41, 61, 14, 18, 17, 54, 34, 36, 37, 33, 93, 56, 16, 75, 55, 62, 42, 81, 4, 24, 64, 44, 6, 5, 22, 23, 63, 83, 8, 72, 0]
Rota do Picker 10: [0, 1, 21, 41, 61, 23, 63, 27, 72, 53, 73, 93, 75, 43, 3, 25, 62, 42, 64, 45, 65, 5, 26, 6, 83, 24, 4, 22, 0]
Rota do Picker 11: [0, 1, 21, 41, 61, 5, 27, 72, 92, 52, 3, 23, 43, 83, 45, 65, 44, 24, 4, 42, 82, 22, 13, 14, 55, 15, 17, 32, 0]
Rota do Picker 12: [0, 1, 21, 41, 61, 65, 5, 43, 63, 83, 23, 64, 44, 24, 45, 6, 46, 26, 4, 7, 8, 0]
Rota do Picker 13: [0, 1, 21, 41, 4, 24, 5, 23, 43, 63, 64, 8, 26, 6, 62, 42, 22, 36, 16, 34, 0]
Rota do Picker 14: [0, 16, 1, 22, 42, 26, 45, 5, 43, 23, 83, 4, 64, 44, 46, 6, 27, 34, 14, 74, 71, 13, 81, 61, 41, 21, 0]
Rota do Picker 15: [0, 1, 61, 81, 41, 21, 13, 15, 55, 34, 91, 36, 35, 14, 92, 72, 74, 56, 16, 18, 93, 62, 22, 8, 27, 25, 43, 23, 4, 5, 6, 0]
Rota do Picker 16: [0, 1, 21, 61, 41, 22, 42, 62, 83, 64, 5, 46, 26, 6, 45, 73, 54, 34, 14, 4, 24, 7, 8, 31, 0]
Rota do Picker 17: [0, 1, 21, 41, 5, 25, 75, 56, 7, 42, 82, 22, 43, 63, 46, 44, 24, 23, 3, 0]
Rota do Picker 18: [0, 62, 1, 21, 41, 61, 4, 24, 6, 13, 53, 71, 5, 44, 23, 43, 54, 74, 72, 34, 46, 26, 22, 51, 0]

Caso de teste: SLAPRP_Guo_small_O200_alpha0.2_v2.txt

Distancia Total: 1486.0
Quantidade de Pickers: 18
