Rota do Picker 1: [0, 21, 0]
Rota do Picker 2: [0, 1, 0]
Rota do Picker 3: [0, 91, 6, 23, 61, 41, 21, 1, 62, 22, 3, 4, 57, 74, 76, 37, 16, 45, 25, 0]
Rota do Picker 4: [0, 91, 4, 61, 41, 21, 1, 62, 3, 81, 5, 25, 64, 6, 26, 16, 37, 95, 55, 35, 75, 83, 63, 23, 0]
Rota do Picker 5: [0, 62, 61, 41, 21, 1, 81, 7, 64, 84, 3, 72, 74, 54, 15, 82, 6, 5, 25, 23, 24, 4, 55, 57, 0]
Rota do Picker 6: [0, 21, 61, 63, 23, 5, 62, 82, 16, 35, 95, 55, 41, 1, 4, 64, 6, 26, 91, 18, 0]
Rota do Picker 7: [0, 1, 61, 35, 75, 76, 18, 17, 63, 7, 64, 44, 4, 21, 3, 23, 83, 5, 22, 62, 0]
Rota do Picker 8: [0, 1, 61, 4, 64, 6, 21, 41, 81, 3, 22, 62, 23, 83, 84, 44, 18, 76, 75, 16, 17, 0]
Rota do Picker 9: [0, 21, 23, 26, 3, 35, 17, 74, 4, 84, 43, 25, 62, 61, 81, 41, 1, 5, 45, 71, 0]
Rota do Picker 10: [0, 1, 41, 21, 61, 81, 24, 44, 91, 36, 53, 5, 6, 35, 75, 76, 16, 63, 22, 82, 62, 4, 23, 3, 0]
Rota do Picker 11: [0, 5, 44, 24, 4, 3, 81, 61, 21, 41, 23, 7, 62, 82, 22, 16, 57, 17, 37, 94, 74, 1, 0]
Rota do Picker 12: [0, 1, 5, 62, 57, 37, 35, 75, 17, 61, 41, 21, 81, 4, 23, 63, 55, 74, 76, 0]
Rota do Picker 13: [0, 1, 41, 61, 4, 24, 5, 83, 23, 62, 82, 22, 51, 37, 18, 13, 16, 36, 17, 7, 84, 44, 63, 3, 21, 0]
Rota do Picker 14: [0, 91, 23, 1, 21, 3, 22, 82, 4, 41, 61, 81, 63, 25, 5, 6, 26, 45, 83, 62, 44, 52, 55, 0]

Caso de teste: SLAPRP_Guo_small_O200_alpha0.2_v7.txt

Distancia Total: 1506.0
Quantidade de Pickers: 14
