Rota do Picker 1: [0, 1, 17, 37, 14, 92, 0]
Rota do Picker 2: [0, 34, 82, 62, 61, 41, 21, 7, 27, 64, 44, 43, 3, 16, 15, 13, 84, 24, 4, 23, 14, 55, 35, 73, 53, 33, 1, 0]
Rota do Picker 3: [0, 21, 81, 61, 41, 1, 64, 5, 85, 4, 24, 44, 43, 83, 73, 53, 33, 3, 63, 6, 8, 34, 54, 55, 72, 0]
Rota do Picker 4: [0, 12, 72, 92, 5, 8, 27, 65, 45, 6, 14, 32, 3, 23, 51, 52, 43, 83, 74, 34, 16, 13, 41, 1, 42, 26, 7, 44, 24, 4, 81, 61, 21, 0]
Rota do Picker 5: [0, 21, 61, 41, 53, 73, 92, 74, 54, 27, 7, 23, 42, 62, 45, 25, 5, 1, 33, 22, 26, 6, 11, 55, 17, 63, 43, 0]
Rota do Picker 6: [0, 1, 81, 21, 41, 61, 74, 94, 14, 55, 15, 45, 5, 65, 85, 71, 91, 37, 17, 3, 0]
Rota do Picker 7: [0, 34, 53, 33, 93, 73, 13, 14, 94, 74, 16, 26, 46, 71, 91, 41, 81, 61, 5, 25, 6, 83, 3, 21, 1, 24, 62, 82, 2, 0]

Caso de teste: SLAPRP_Guo_small_O100_alpha0.3_v6.txt

Distancia Total: 864.0
Quantidade de Pickers: 7
