Rota do Picker 1: [0, 3, 83, 64, 8, 9, 89, 40, 1, 26, 46, 27, 67, 96, 21, 87, 37, 22, 10, 41, 2, 65, 36, 45, 48, 7, 20, 30, 84, 0]
Rota do Picker 2: [0, 74, 7, 57, 55, 11, 31, 12, 65, 37, 75, 93, 10, 0]
Rota do Picker 3: [0, 46, 26, 45, 10, 87, 47, 27, 7, 65, 69, 50, 30, 84, 89, 9, 48, 8, 64, 0]
Rota do Picker 4: [0, 45, 46, 10, 9, 87, 67, 65, 50, 27, 7, 26, 30, 64, 48, 69, 89, 2, 8, 47, 0]
Rota do Picker 5: [0, 51, 74, 57, 93, 7, 41, 55, 59, 19, 11, 98, 94, 37, 96, 76, 39, 22, 75, 31, 21, 2, 12, 32, 18, 1, 77, 47, 0]
Rota do Picker 6: [0, 26, 27, 57, 47, 1, 89, 30, 64, 36, 48, 22, 8, 10, 87, 65, 45, 2, 46, 9, 67, 7, 3, 21, 84, 0]
Rota do Picker 7: [0, 9, 45, 47, 30, 48, 46, 64, 65, 89, 67, 27, 10, 8, 26, 7, 69, 87, 0]
Rota do Picker 8: [0, 40, 8, 64, 7, 74, 31, 9, 84, 83, 57, 96, 2, 87, 46, 36, 37, 10, 41, 21, 1, 97, 22, 26, 27, 45, 48, 20, 0]
Rota do Picker 9: [0, 8, 27, 57, 64, 67, 3, 45, 10, 48, 69, 84, 21, 89, 65, 1, 87, 26, 46, 41, 7, 9, 0]
Rota do Picker 10: [0, 57, 2, 30, 1, 7, 47, 87, 9, 8, 48, 46, 45, 67, 65, 89, 26, 69, 27, 21, 96, 0]
Rota do Picker 11: [0, 20, 1, 45, 27, 87, 46, 40, 69, 10, 31, 65, 3, 37, 30, 9, 48, 8, 7, 2, 22, 11, 21, 26, 41, 64, 47, 67, 57, 83, 89, 0]
Rota do Picker 12: [0, 31, 55, 75, 57, 39, 59, 7, 1, 32, 36, 18, 77, 93, 12, 51, 19, 30, 41, 76, 40, 98, 94, 74, 11, 21, 0]

Caso de teste: SLAPRP_Guo_small_O200_alpha0.3_v1.txt

Distancia Total: 2630.0
Quantidade de Pickers: 12
