Rota do Picker 1: [0, 61, 81, 5, 43, 55, 41, 1, 17, 24, 4, 3, 21, 23, 45, 36, 44, 84, 6, 94, 82, 75, 63, 35, 73, 0]
Rota do Picker 2: [0, 17, 4, 23, 56, 7, 81, 41, 35, 43, 3, 61, 21, 1, 24, 73, 0]
Rota do Picker 3: [0, 1, 21, 3, 75, 61, 4, 43, 54, 94, 0]
Rota do Picker 4: [0, 5, 63, 21, 43, 23, 3, 1, 64, 83, 82, 41, 4, 24, 6, 7, 84, 26, 45, 25, 8, 81, 61, 0]
Rota do Picker 5: [0, 1, 21, 41, 3, 17, 13, 61, 43, 53, 36, 54, 24, 4, 18, 37, 23, 35, 56, 73, 0]
Rota do Picker 6: [0, 1, 21, 41, 3, 43, 82, 23, 63, 83, 4, 5, 7, 44, 42, 64, 61, 6, 46, 0]
Rota do Picker 7: [0, 35, 5, 21, 41, 3, 23, 43, 4, 73, 81, 63, 83, 82, 24, 61, 1, 34, 6, 54, 18, 7, 0]

Caso de teste: SLAPRP_Guo_small_O100_alpha0.4_v10.txt

Distancia Total: 1006.0
Quantidade de Pickers: 7
