Rota do Picker 1: [0, 21, 41, 23, 43, 83, 26, 44, 24, 65, 4, 64, 8, 46, 6, 27, 7, 5, 61, 1, 0]
Rota do Picker 2: [0, 1, 21, 41, 23, 43, 46, 82, 6, 45, 25, 24, 4, 7, 62, 8, 44, 81, 61, 0]
Rota do Picker 3: [0, 1, 21, 41, 61, 23, 43, 63, 82, 26, 7, 64, 44, 46, 45, 75, 0]
Rota do Picker 4: [0, 1, 21, 41, 61, 25, 45, 8, 6, 46, 43, 23, 5, 0]
Rota do Picker 5: [0, 41, 61, 81, 43, 63, 65, 25, 5, 8, 26, 27, 21, 1, 4, 24, 6, 7, 23, 62, 0]
Rota do Picker 6: [0, 41, 81, 21, 23, 43, 64, 4, 62, 82, 24, 45, 25, 5, 46, 26, 6, 63, 1, 0]
Rota do Picker 7: [0, 1, 21, 41, 61, 4, 44, 8, 5, 6, 26, 24, 27, 83, 63, 43, 23, 0]
Rota do Picker 8: [0, 41, 21, 5, 65, 64, 23, 43, 83, 82, 27, 25, 45, 26, 24, 81, 61, 1, 0]
Rota do Picker 9: [0, 2, 43, 83, 4, 24, 64, 27, 7, 6, 26, 5, 25, 23, 61, 41, 21, 1, 0]
Rota do Picker 10: [0, 1, 21, 41, 61, 23, 43, 46, 26, 24, 64, 4, 5, 6, 44, 63, 11, 53, 54, 92, 0]
Rota do Picker 11: [0, 1, 21, 41, 0]

Caso de teste: SLAPRP_Guo_small_O200_alpha0.2_v5.txt

Distancia Total: 816.0
Quantidade de Pickers: 11
