Rota do Picker 1: [0, 1, 26, 9, 65, 22, 41, 2, 50, 30, 64, 84, 97, 10, 8, 3, 83, 27, 87, 47, 76, 45, 46, 48, 69, 7, 0]
Rota do Picker 2: [0, 7, 27, 87, 46, 76, 45, 10, 30, 20, 2, 3, 94, 22, 84, 69, 21, 41, 26, 89, 47, 37, 65, 50, 97, 9, 48, 8, 1, 0]
Rota do Picker 3: [0, 21, 26, 1, 7, 27, 87, 45, 8, 48, 47, 46, 84, 9, 69, 41, 10, 2, 30, 65, 64, 0]
Rota do Picker 4: [0, 97, 89, 48, 8, 46, 26, 64, 9, 27, 45, 21, 87, 47, 7, 1, 69, 41, 65, 22, 10, 84, 83, 3, 0]
Rota do Picker 5: [0, 1, 7, 47, 64, 30, 21, 51, 32, 3, 8, 9, 97, 20, 65, 22, 27, 87, 46, 2, 37, 48, 41, 76, 60, 45, 26, 0]
Rota do Picker 6: [0, 7, 27, 87, 9, 45, 65, 1, 26, 46, 48, 50, 47, 69, 8, 84, 30, 64, 10, 89, 0]
Rota do Picker 7: [0, 84, 8, 26, 46, 10, 9, 7, 41, 50, 45, 48, 1, 27, 87, 64, 21, 30, 69, 47, 65, 0]
Rota do Picker 8: [0, 46, 10, 27, 45, 50, 69, 9, 87, 47, 7, 26, 89, 48, 64, 8, 30, 0]
Rota do Picker 9: [0, 7, 47, 46, 45, 97, 1, 26, 27, 87, 65, 37, 48, 8, 2, 21, 3, 83, 41, 64, 84, 10, 30, 57, 20, 9, 76, 0]
Rota do Picker 10: [0, 75, 94, 74, 7, 57, 37, 32, 41, 21, 51, 55, 18, 59, 93, 40, 98, 60, 36, 76, 96, 39, 77, 20, 13, 11, 0]
Rota do Picker 11: [0, 11, 55, 75, 18, 93, 7, 30, 51, 39, 57, 74, 94, 20, 2, 45, 60, 97, 83, 32, 37, 10, 0]

Caso de teste: SLAPRP_Guo_small_O200_alpha0.4_v8.txt

Distancia Total: 2338.0
Quantidade de Pickers: 11
