Rota do Picker 1: [0, 21, 22, 42, 26, 46, 8, 28, 9, 10, 45, 4, 47, 3, 2, 52, 0]
Rota do Picker 2: [0, 1, 34, 53, 20, 45, 28, 30, 9, 8, 46, 26, 22, 21, 41, 61, 0]
Rota do Picker 3: [0, 21, 22, 26, 8, 9, 45, 65, 4, 1, 41, 23, 43, 10, 30, 28, 46, 24, 42, 0]
Rota do Picker 4: [0, 11, 36, 76, 39, 77, 57, 55, 13, 22, 61, 21, 41, 45, 65, 17, 52, 72, 2, 32, 1, 42, 14, 53, 47, 28, 46, 23, 0]
Rota do Picker 5: [0, 21, 61, 22, 26, 46, 45, 62, 42, 43, 3, 8, 9, 10, 4, 65, 23, 1, 41, 2, 52, 0]
Rota do Picker 6: [0, 21, 22, 42, 45, 46, 26, 8, 9, 10, 28, 97, 34, 41, 23, 1, 51, 20, 37, 17, 14, 0]
Rota do Picker 7: [0, 1, 21, 43, 8, 28, 9, 26, 3, 62, 47, 24, 4, 45, 22, 2, 30, 10, 46, 0]
Rota do Picker 8: [0, 55, 13, 22, 62, 61, 8, 28, 9, 24, 23, 41, 11, 51, 52, 72, 94, 20, 17, 37, 57, 77, 18, 32, 65, 45, 46, 26, 21, 1, 39, 76, 36, 33, 0]
Rota do Picker 9: [0, 21, 22, 42, 23, 43, 45, 10, 9, 28, 8, 46, 26, 61, 51, 17, 57, 39, 20, 53, 0]
Rota do Picker 10: [0, 21, 41, 61, 43, 45, 47, 2, 22, 42, 3, 53, 14, 1, 9, 8, 46, 26, 4, 24, 52, 72, 13, 36, 11, 0]
Rota do Picker 11: [0, 21, 1, 41, 45, 8, 28, 9, 47, 46, 26, 62, 22, 24, 43, 2, 0]

Caso de teste: SLAPRP_Guo_small_O200_alpha0.4_v1.txt

Distancia Total: 1310.0
Quantidade de Pickers: 11
