Rota do Picker 1: [0, 21, 7, 27, 87, 60, 26, 85, 20, 83, 8, 10, 30, 17, 9, 69, 37, 40, 45, 46, 49, 50, 78, 3, 47, 64, 84, 89, 1, 0]
Rota do Picker 2: [0, 47, 2, 89, 46, 10, 64, 48, 7, 27, 87, 9, 50, 37, 1, 21, 8, 69, 45, 85, 26, 0]
Rota do Picker 3: [0, 30, 64, 50, 48, 47, 83, 10, 8, 46, 26, 89, 45, 69, 9, 87, 27, 7, 0]
Rota do Picker 4: [0, 26, 27, 47, 17, 37, 97, 40, 9, 45, 7, 77, 93, 13, 21, 83, 36, 31, 1, 94, 60, 74, 11, 57, 39, 59, 18, 75, 55, 51, 78, 10, 0]
Rota do Picker 5: [0, 20, 27, 47, 87, 37, 40, 30, 78, 96, 1, 45, 69, 9, 2, 26, 17, 50, 46, 8, 7, 3, 21, 83, 84, 85, 64, 48, 60, 0]
Rota do Picker 6: [0, 87, 9, 47, 85, 21, 69, 46, 50, 8, 7, 45, 30, 10, 27, 26, 1, 0]
Rota do Picker 7: [0, 7, 8, 48, 9, 10, 69, 46, 45, 89, 49, 26, 30, 87, 27, 50, 1, 64, 0]
Rota do Picker 8: [0, 21, 45, 27, 47, 9, 46, 87, 7, 26, 10, 8, 69, 48, 30, 85, 0]
Rota do Picker 9: [0, 20, 30, 37, 17, 85, 26, 2, 21, 27, 0]
Rota do Picker 10: [0, 21, 27, 45, 37, 78, 64, 69, 9, 87, 30, 17, 50, 10, 60, 1, 40, 20, 46, 26, 8, 7, 0]
Rota do Picker 11: [0, 1, 36, 21, 39, 19, 11, 55, 97, 17, 59, 13, 78, 84, 20, 31, 57, 37, 94, 7, 93, 77, 60, 98, 18, 74, 51, 75, 0]
Rota do Picker 12: [0, 45, 46, 7, 1, 8, 84, 64, 3, 17, 26, 27, 47, 30, 60, 48, 21, 78, 89, 96, 10, 9, 69, 40, 20, 50, 87, 83, 85, 37, 0]

Caso de teste: SLAPRP_Guo_small_O200_alpha0.4_v2.txt

Distancia Total: 2622.0
Quantidade de Pickers: 12
