SKUs: 40
Pedidos: 105

Primeiro pedido:
Order(1, [1, 3, 8, 11, 15, 27])

Ultimo pedido:
Order(105, [1, 2, 6, 8, 14])

Location(1, 1, -1, 20)
Location(2, 1, -2, 20)
Location(3, 1, -3, 20)
Location(4, 1, -4, 20)
Location(5, 1, -5, 20)
Location(6, 1, -6, 20)
Location(7, 1, -7, 20)
Location(8, 1, -8, 20)
Location(9, 1, -9, 20)
Location(10, 1, -10, 40)
Location(11, 1, 1, 20)
Location(12, 1, 2, 20)
Location(13, 1, 3, 20)
Location(14, 1, 4, 20)
Location(15, 1, 5, 20)
Location(16, 1, 6, 20)
Location(17, 1, 7, 20)
Location(18, 1, 8, 20)
Location(19, 1, 9, 20)
Location(20, 1, 10, 40)
Location(21, 2, -1, 20)
Location(22, 2, -2, 20)
Location(23, 2, -3, 20)
Location(24, 2, -4, 20)
Location(25, 2, -5, 20)
Location(26, 2, -6, 20)
Location(27, 2, -7, 20)
Location(28, 2, -8, 20)
Location(29, 2, -9, 20)
Location(30, 2, -10, 40)
Location(31, 2, 1, 20)
Location(32, 2, 2, 20)
Location(33, 2, 3, 20)
Location(34, 2, 4, 20)
Location(35, 2, 5, 20)
Location(36, 2, 6, 20)
Location(37, 2, 7, 20)
Location(38, 2, 8, 20)
Location(39, 2, 9, 20)
Location(40, 2, 10, 40)
Location(41, 3, -1, 20)
Location(42, 3, -2, 20)
Location(43, 3, -3, 20)
Location(44, 3, -4, 20)
Location(45, 3, -5, 20)
Location(46, 3, -6, 20)
Location(47, 3, -7, 20)
Location(48, 3, -8, 20)
Location(49, 3, -9, 20)
Location(50, 3, -10, 40)
Location(51, 3, 1, 20)
Location(52, 3, 2, 20)
Location(53, 3, 3, 20)
Location(54, 3, 4, 20)
Location(55, 3, 5, 20)
Location(56, 3, 6, 20)
Location(57, 3, 7, 20)
Location(58, 3, 8, 20)
Location(59, 3, 9, 20)
Location(60, 3, 10, 40)
Location(61, 4, -1, 20)
Location(62, 4, -2, 20)
Location(63, 4, -3, 20)
Location(64, 4, -4, 20)
Location(65, 4, -5, 20)
Location(66, 4, -6, 20)
Location(67, 4, -7, 20)
Location(68, 4, -8, 20)
Location(69, 4, -9, 20)
Location(70, 4, -10, 40)
Location(71, 4, 1, 20)
Location(72, 4, 2, 20)
Location(73, 4, 3, 20)
Location(74, 4, 4, 20)
Location(75, 4, 5, 20)
Location(76, 4, 6, 20)
Location(77, 4, 7, 20)
Location(78, 4, 8, 20)
Location(79, 4, 9, 20)
Location(80, 4, 10, 40)
Location(81, 5, -1, 20)
Location(82, 5, -2, 20)
Location(83, 5, -3, 20)
Location(84, 5, -4, 20)
Location(85, 5, -5, 20)
Location(86, 5, -6, 20)
Location(87, 5, -7, 20)
Location(88, 5, -8, 20)
Location(89, 5, -9, 20)
Location(90, 5, -10, 40)
Location(91, 5, 1, 20)
Location(92, 5, 2, 20)
Location(93, 5, 3, 20)
Location(94, 5, 4, 20)
Location(95, 5, 5, 20)
Location(96, 5, 6, 20)
Location(97, 5, 7, 20)
Location(98, 5, 8, 20)
Location(99, 5, 9, 20)
Location(100, 5, 10, 40)

Frequencias: [49, 41, 43, 43, 58, 41, 44, 67, 6, 6, 5, 8, 7, 5, 7, 5, 6, 4, 4, 9, 2, 5, 8, 4, 4, 6, 7, 5, 5, 5, 3, 3, 6, 3, 2, 4, 0, 3, 0, 0]

Matriz de coocorrencia: 
40×40 Matrix{Int64}:
  0  27  27  22  31  22  23  34  3  3  3  2  3  4  6  0  1  2  1  2  1  1  4  3  2  3  2  1  1  2  0  2  6  3  1  2  0  0  0  0
 27   0  19  20  21  16  20  26  2  3  0  2  3  3  2  1  2  1  2  5  0  4  4  1  2  3  2  1  3  3  1  0  3  1  1  2  0  0  0  0
 27  19   0  23  27  21  21  30  2  1  4  2  1  1  4  3  2  1  0  4  0  2  4  2  1  3  2  4  1  1  2  1  2  1  0  1  0  1  0  0
 22  20  23   0  28  19  19  32  2  1  2  2  2  2  2  2  2  2  1  6  0  2  4  3  1  3  3  2  3  2  0  1  0  0  1  1  0  1  0  0
 31  21  27  28   0  25  27  31  2  4  2  3  5  3  5  4  2  1  2  6  1  0  4  1  3  4  1  2  4  5  0  1  4  2  1  2  0  2  0  0
 22  16  21  19  25   0  20  26  3  1  2  3  2  2  2  0  3  1  1  3  0  1  3  2  1  1  3  0  2  2  2  2  0  1  2  2  0  1  0  0
 23  20  21  19  27  20   0  27  1  3  2  2  2  3  1  1  2  3  1  3  0  0  2  3  3  2  3  2  2  3  1  2  3  0  1  2  0  1  0  0
 34  26  30  32  31  26  27   0  3  2  4  5  5  3  6  3  3  2  2  9  2  2  7  4  4  4  7  3  3  4  2  2  4  2  2  1  0  0  0  0
  3   2   2   2   2   3   1   3  0  0  0  1  0  0  0  0  1  0  0  0  0  0  0  0  0  1  1  0  0  0  0  0  0  1  0  0  0  0  0  0
  3   3   1   1   4   1   3   2  0  0  0  0  1  1  2  1  0  0  0  0  0  1  1  0  0  0  1  0  0  0  0  0  1  1  0  0  0  0  0  0
  3   0   4   2   2   2   2   4  0  0  0  0  0  0  1  0  0  0  0  0  0  0  0  0  0  0  1  0  1  0  1  0  0  0  0  0  0  0  0  0
  2   2   2   2   3   3   2   5  1  0  0  0  1  1  0  1  2  1  1  0  0  1  0  0  0  1  0  0  0  2  0  0  0  0  0  0  0  0  0  0
  3   3   1   2   5   2   2   5  0  1  0  1  0  0  2  0  1  0  1  1  0  1  2  0  1  0  1  0  1  1  0  0  2  0  0  0  0  0  0  0
  4   3   1   2   3   2   3   3  0  1  0  1  0  0  0  0  0  0  0  0  0  0  1  0  0  0  0  0  0  1  0  0  0  0  0  0  0  0  0  0
  6   2   4   2   5   2   1   6  0  2  1  0  2  0  0  1  0  0  0  0  0  0  1  0  0  1  1  0  0  0  0  0  2  0  0  0  0  0  0  0
  0   1   3   2   4   0   1   3  0  1  0  1  0  0  1  0  1  0  1  1  0  0  0  0  0  1  0  1  0  0  0  0  0  0  0  0  0  0  0  0
  1   2   2   2   2   3   2   3  1  0  0  2  1  0  0  1  0  0  1  1  0  0  0  0  1  1  0  0  0  0  0  0  0  0  0  0  0  0  0  0
  2   1   1   2   1   1   3   2  0  0  0  1  0  0  0  0  0  0  0  1  0  0  0  0  0  0  1  0  0  0  0  0  0  0  0  0  0  0  0  0
  1   2   0   1   2   1   1   2  0  0  0  1  1  0  0  1  1  0  0  1  0  1  1  0  0  1  0  0  2  0  0  0  1  1  0  0  0  0  0  0
  2   5   4   6   6   3   3   9  0  0  0  0  1  0  0  1  1  1  1  0  0  1  0  0  0  1  1  1  1  1  0  0  0  0  0  0  0  0  0  0
  1   0   0   0   1   0   0   2  0  0  0  0  0  0  0  0  0  0  0  0  0  0  0  0  0  0  0  0  0  0  0  0  0  0  0  0  0  0  0  0
  1   4   2   2   0   1   0   2  0  1  0  1  1  0  0  0  0  0  1  1  0  0  1  0  0  0  1  1  1  0  1  0  1  0  0  1  0  0  0  0
  4   4   4   4   4   3   2   7  0  1  0  0  2  1  1  0  0  0  1  0  0  1  0  0  0  1  2  0  1  0  0  0  1  1  0  0  0  0  0  0
  3   1   2   3   1   2   3   4  0  0  0  0  0  0  0  0  0  0  0  0  0  0  0  0  0  0  1  1  0  0  1  0  0  0  1  0  0  0  0  0
  2   2   1   1   3   1   3   4  0  0  0  0  1  0  0  0  1  0  0  0  0  0  0  0  0  0  1  0  0  0  0  0  0  0  0  1  0  0  0  0
  3   3   3   3   4   1   2   4  1  0  0  1  0  0  1  1  1  0  1  1  0  0  1  0  0  0  0  0  1  0  0  0  1  0  0  0  0  0  0  0
  2   2   2   3   1   3   3   7  1  1  1  0  1  0  1  0  0  1  0  1  0  1  2  1  1  0  0  0  0  0  1  0  0  0  1  1  0  0  0  0
  1   1   4   2   2   0   2   3  0  0  0  0  0  0  0  1  0  0  0  1  0  1  0  1  0  0  0  0  0  0  1  0  0  0  0  0  0  0  0  0
  1   3   1   3   4   2   2   3  0  0  1  0  1  0  0  0  0  0  2  1  0  1  1  0  0  1  0  0  0  0  0  0  0  0  0  0  0  1  0  0
  2   3   1   2   5   2   3   4  0  0  0  2  1  1  0  0  0  0  0  1  0  0  0  0  0  0  0  0  0  0  0  0  0  0  0  0  0  0  0  0
  0   1   2   0   0   2   1   2  0  0  1  0  0  0  0  0  0  0  0  0  0  1  0  1  0  0  1  1  0  0  0  0  0  0  1  0  0  0  0  0
  2   0   1   1   1   2   2   2  0  0  0  0  0  0  0  0  0  0  0  0  0  0  0  0  0  0  0  0  0  0  0  0  0  0  0  0  0  1  0  0
  6   3   2   0   4   0   3   4  0  1  0  0  2  0  2  0  0  0  1  0  0  1  1  0  0  1  0  0  0  0  0  0  0  1  0  1  0  0  0  0
  3   1   1   0   2   1   0   2  1  1  0  0  0  0  0  0  0  0  1  0  0  0  1  0  0  0  0  0  0  0  0  0  1  0  0  0  0  0  0  0
  1   1   0   1   1   2   1   2  0  0  0  0  0  0  0  0  0  0  0  0  0  0  0  1  0  0  1  0  0  0  1  0  0  0  0  0  0  0  0  0
  2   2   1   1   2   2   2   1  0  0  0  0  0  0  0  0  0  0  0  0  0  1  0  0  1  0  1  0  0  0  0  0  1  0  0  0  0  0  0  0
  0   0   0   0   0   0   0   0  0  0  0  0  0  0  0  0  0  0  0  0  0  0  0  0  0  0  0  0  0  0  0  0  0  0  0  0  0  0  0  0
  0   0   1   1   2   1   1   0  0  0  0  0  0  0  0  0  0  0  0  0  0  0  0  0  0  0  0  0  1  0  0  1  0  0  0  0  0  0  0  0
  0   0   0   0   0   0   0   0  0  0  0  0  0  0  0  0  0  0  0  0  0  0  0  0  0  0  0  0  0  0  0  0  0  0  0  0  0  0  0  0
  0   0   0   0   0   0   0   0  0  0  0  0  0  0  0  0  0  0  0  0  0  0  0  0  0  0  0  0  0  0  0  0  0  0  0  0  0  0  0  0
SKU(49, 202.0, 0.07)
SKU(41, 167.0, 0.08)
SKU(43, 96.0, 0.21)
SKU(43, 144.0, 0.1)
SKU(58, 144.0, 0.13)
SKU(41, 158.0, 0.08)
SKU(44, 182.0, 0.07)
SKU(67, 176.0, 0.11)
SKU(6, 59.0, 0.09)
SKU(6, 29.0, 0.21)
SKU(5, 48.0, 0.11)
SKU(8, 50.0, 0.12)
SKU(7, 30.0, 0.19)
SKU(5, 62.0, 0.07)
SKU(7, 97.0, 0.05)
SKU(5, 42.0, 0.09)
SKU(6, 62.0, 0.08)
SKU(4, 39.0, 0.12)
SKU(4, 22.0, 0.26)
SKU(9, 39.0, 0.17)
SKU(2, 43.0, 0.07)
SKU(5, 35.0, 0.16)
SKU(8, 62.0, 0.1)
SKU(4, 73.0, 0.05)
SKU(4, 43.0, 0.11)
SKU(6, 55.0, 0.09)
SKU(7, 45.0, 0.13)
SKU(5, 30.0, 0.16)
SKU(5, 65.0, 0.06)
SKU(5, 91.0, 0.04)
SKU(3, 29.0, 0.15)
SKU(3, 58.0, 0.06)
SKU(6, 66.0, 0.07)
SKU(3, 50.0, 0.05)
SKU(2, 24.0, 0.12)
SKU(4, 27.0, 0.16)
SKU(0, 32.0, 0.04)
SKU(3, 25.0, 0.14)
SKU(0, 16.0, 0.08)
SKU(0, 13.0, 0.12)

extremidades das matrizes:
S_hat: (-0.166703831384791, 0.7781991150406398)
S_hat * P: (-0.15177731530989363, 0.6675270578696334)
W * S_hat: (-0.06167149932617699, 1.240095282321265)
W * S_hat * P: (0.0, 1.06455132661979)
correlacao{S_hat, S_hat_hat} = 0.9609716116322852

Posicao 1 (Corredor 1, Prateleira -1)
   SKU 1 -> 202
   SKU 7 -> 82
   SKU 8 -> 1

Posicao 2 (Corredor 1, Prateleira -2)
   SKU 5 -> 125
   SKU 29 -> 1
   SKU 30 -> 91

Posicao 3 (Corredor 1, Prateleira -3)
   SKU 12 -> 50
   SKU 26 -> 55
   SKU 27 -> 45

Posicao 11 (Corredor 1, Prateleira 1)
   SKU 7 -> 100
   SKU 8 -> 118

Posicao 12 (Corredor 1, Prateleira 2)
   SKU 3 -> 28
   SKU 4 -> 92
   SKU 15 -> 97

Posicao 13 (Corredor 1, Prateleira 3)
   SKU 11 -> 48
   SKU 16 -> 42
   SKU 32 -> 58

Posicao 21 (Corredor 2, Prateleira -1)
   SKU 2 -> 167
   SKU 6 -> 4
   SKU 8 -> 57

Posicao 22 (Corredor 2, Prateleira -2)
   SKU 3 -> 68
   SKU 29 -> 64
   SKU 34 -> 37

Posicao 23 (Corredor 2, Prateleira -3)
   SKU 10 -> 29
   SKU 18 -> 39
   SKU 22 -> 35

Posicao 31 (Corredor 2, Prateleira 1)
   SKU 4 -> 52
   SKU 5 -> 19
   SKU 6 -> 154

Posicao 32 (Corredor 2, Prateleira 2)
   SKU 20 -> 39
   SKU 23 -> 62
   SKU 33 -> 66

Posicao 33 (Corredor 2, Prateleira 3)
   SKU 31 -> 29
   SKU 34 -> 13
   SKU 38 -> 25

Posicao 41 (Corredor 3, Prateleira -1)
   SKU 14 -> 62
   SKU 17 -> 62
   SKU 24 -> 73

Posicao 42 (Corredor 3, Prateleira -2)
   SKU 19 -> 22
   SKU 28 -> 30
   SKU 36 -> 27

Posicao 51 (Corredor 3, Prateleira 1)
   SKU 9 -> 59
   SKU 13 -> 30
   SKU 25 -> 43

Posicao 52 (Corredor 3, Prateleira 2)
   SKU 21 -> 43
   SKU 35 -> 24

Posicao 100 (Corredor 5, Prateleira 10)
   SKU 37 -> 32
   SKU 39 -> 16
   SKU 40 -> 13

