SKUs: 40
Pedidos: 200

Primeiro pedido:
Order(1, [5, 7, 8, 14, 17, 19, 24, 29])

Ultimo pedido:
Order(200, [1, 3, 7, 8, 17, 30, 38])

Location(1, 1, -1, 20)
Location(2, 1, -2, 20)
Location(3, 1, -3, 20)
Location(4, 1, -4, 20)
Location(5, 1, -5, 20)
Location(6, 1, -6, 20)
Location(7, 1, -7, 20)
Location(8, 1, -8, 20)
Location(9, 1, -9, 20)
Location(10, 1, -10, 40)
Location(11, 1, 1, 20)
Location(12, 1, 2, 20)
Location(13, 1, 3, 20)
Location(14, 1, 4, 20)
Location(15, 1, 5, 20)
Location(16, 1, 6, 20)
Location(17, 1, 7, 20)
Location(18, 1, 8, 20)
Location(19, 1, 9, 20)
Location(20, 1, 10, 40)
Location(21, 2, -1, 20)
Location(22, 2, -2, 20)
Location(23, 2, -3, 20)
Location(24, 2, -4, 20)
Location(25, 2, -5, 20)
Location(26, 2, -6, 20)
Location(27, 2, -7, 20)
Location(28, 2, -8, 20)
Location(29, 2, -9, 20)
Location(30, 2, -10, 40)
Location(31, 2, 1, 20)
Location(32, 2, 2, 20)
Location(33, 2, 3, 20)
Location(34, 2, 4, 20)
Location(35, 2, 5, 20)
Location(36, 2, 6, 20)
Location(37, 2, 7, 20)
Location(38, 2, 8, 20)
Location(39, 2, 9, 20)
Location(40, 2, 10, 40)
Location(41, 3, -1, 20)
Location(42, 3, -2, 20)
Location(43, 3, -3, 20)
Location(44, 3, -4, 20)
Location(45, 3, -5, 20)
Location(46, 3, -6, 20)
Location(47, 3, -7, 20)
Location(48, 3, -8, 20)
Location(49, 3, -9, 20)
Location(50, 3, -10, 40)
Location(51, 3, 1, 20)
Location(52, 3, 2, 20)
Location(53, 3, 3, 20)
Location(54, 3, 4, 20)
Location(55, 3, 5, 20)
Location(56, 3, 6, 20)
Location(57, 3, 7, 20)
Location(58, 3, 8, 20)
Location(59, 3, 9, 20)
Location(60, 3, 10, 40)
Location(61, 4, -1, 20)
Location(62, 4, -2, 20)
Location(63, 4, -3, 20)
Location(64, 4, -4, 20)
Location(65, 4, -5, 20)
Location(66, 4, -6, 20)
Location(67, 4, -7, 20)
Location(68, 4, -8, 20)
Location(69, 4, -9, 20)
Location(70, 4, -10, 40)
Location(71, 4, 1, 20)
Location(72, 4, 2, 20)
Location(73, 4, 3, 20)
Location(74, 4, 4, 20)
Location(75, 4, 5, 20)
Location(76, 4, 6, 20)
Location(77, 4, 7, 20)
Location(78, 4, 8, 20)
Location(79, 4, 9, 20)
Location(80, 4, 10, 40)
Location(81, 5, -1, 20)
Location(82, 5, -2, 20)
Location(83, 5, -3, 20)
Location(84, 5, -4, 20)
Location(85, 5, -5, 20)
Location(86, 5, -6, 20)
Location(87, 5, -7, 20)
Location(88, 5, -8, 20)
Location(89, 5, -9, 20)
Location(90, 5, -10, 40)
Location(91, 5, 1, 20)
Location(92, 5, 2, 20)
Location(93, 5, 3, 20)
Location(94, 5, 4, 20)
Location(95, 5, 5, 20)
Location(96, 5, 6, 20)
Location(97, 5, 7, 20)
Location(98, 5, 8, 20)
Location(99, 5, 9, 20)
Location(100, 5, 10, 40)

Frequencias: [79, 79, 87, 85, 94, 96, 87, 83, 9, 28, 10, 23, 8, 11, 11, 6, 32, 8, 10, 36, 39, 7, 7, 11, 11, 4, 7, 7, 9, 10, 29, 7, 13, 37, 15, 7, 9, 10, 13, 0]

Matriz de coocorrencia: 
40×40 Matrix{Int64}:
  0  32  39  39  37  42  39  29  4  11  5  10  2  4  1  3  10  1  3  15  17  1  4  2  5  2  3  2  2  7  13  3  6  14   7  4  3  7  4  0
 32   0  41  40  44  40  41  38  3  12  2  13  5  4  3  3   9  4  1  10  17  3  1  3  6  2  1  2  5  2  14  4  5  10   6  3  3  3  6  0
 39  41   0  45  42  45  44  38  1  13  7  10  4  4  5  2  18  4  0  11  16  4  5  8  3  2  3  3  4  6  14  2  5  12  11  1  3  4  4  0
 39  40  45   0  41  44  41  37  5  11  4  10  1  5  4  4  13  4  5  11  15  1  3  5  4  1  6  2  5  6  13  4  8  22   8  4  0  4  3  0
 37  44  42  41   0  50  50  44  6  14  4  15  4  6  6  2  16  7  5  13  19  2  1  5  6  3  4  1  6  2  10  1  8  14   8  6  3  3  7  0
 42  40  45  44  50   0  47  40  3  13  3  10  4  3  5  0  12  4  7  21  22  5  1  3  5  1  3  2  3  6  15  3  6  19   8  3  7  7  6  0
 39  41  44  41  50  47   0  38  2  11  3  10  2  4  7  2  17  5  4  13  19  5  2  4  2  3  2  2  3  8  15  3  4  12   5  3  4  7  4  0
 29  38  38  37  44  40  38   0  5  13  4  10  2  5  6  3  15  4  6  15  15  3  2  9  6  3  3  1  5  5  12  4  7  14   8  3  5  1  7  0
  4   3   1   5   6   3   2   5  0   1  0   2  0  0  1  1   1  0  0   3   1  0  0  1  0  0  0  0  1  0   2  1  0   0   0  1  0  0  1  0
 11  12  13  11  14  13  11  13  1   0  1   1  0  3  0  0   1  2  0   1   2  1  0  1  1  0  0  1  1  0   1  0  5   1   2  3  1  3  0  0
  5   2   7   4   4   3   3   4  0   1  0   3  1  1  2  1   1  0  0   1   3  0  2  2  0  0  1  1  1  2   0  0  0   1   0  0  0  1  0  0
 10  13  10  10  15  10  10  10  2   1  3   0  2  0  2  2   0  0  0   0   1  0  1  0  0  1  1  1  1  1   1  2  2   1   0  2  0  1  1  0
  2   5   4   1   4   4   2   2  0   0  1   2  0  1  0  1   2  1  0   2   1  0  1  0  0  0  0  0  0  0   1  0  0   0   0  0  1  0  0  0
  4   4   4   5   6   3   4   5  0   3  1   0  1  0  0  0   3  1  1   1   4  0  0  1  2  0  2  0  1  0   0  0  2   2   0  0  0  0  2  0
  1   3   5   4   6   5   7   6  1   0  2   2  0  0  0  0   3  1  0   1   3  2  1  1  1  2  0  1  1  0   1  1  1   1   1  0  1  0  1  0
  3   3   2   4   2   0   2   3  1   0  1   2  1  0  0  0   1  0  0   1   0  0  1  0  0  0  1  0  0  1   1  2  1   2   0  0  0  0  1  0
 10   9  18  13  16  12  17  15  1   1  1   0  2  3  3  1   0  2  4   1   3  3  2  4  2  2  0  0  6  2   0  0  2   2   3  0  1  2  2  0
  1   4   4   4   7   4   5   4  0   2  0   0  1  1  1  0   2  0  1   0   3  1  0  0  0  0  0  0  0  0   0  0  1   2   0  0  0  0  0  0
  3   1   0   5   5   7   4   6  0   0  0   0  0  1  0  0   4  1  0   3   3  0  1  1  1  0  0  0  1  1   1  0  1   3   0  0  0  1  0  0
 15  10  11  11  13  21  13  15  3   1  1   0  2  1  1  1   1  0  3   0   5  2  2  4  4  0  1  2  0  2   1  1  2   1   3  1  3  2  4  0
 17  17  16  15  19  22  19  15  1   2  3   1  1  4  3  0   3  3  3   5   0  1  2  3  2  1  1  1  1  5   1  0  1   1   2  0  2  2  4  0
  1   3   4   1   2   5   5   3  0   1  0   0  0  0  2  0   3  1  0   2   1  0  0  0  1  0  0  0  0  0   0  0  0   1   1  0  0  0  0  0
  4   1   5   3   1   1   2   2  0   0  2   1  1  0  1  1   2  0  1   2   2  0  0  1  0  0  0  1  0  0   1  0  0   1   1  0  0  0  1  0
  2   3   8   5   5   3   4   9  1   1  2   0  0  1  1  0   4  0  1   4   3  0  1  0  0  0  0  0  2  0   1  1  0   1   2  1  0  0  1  0
  5   6   3   4   6   5   2   6  0   1  0   0  0  2  1  0   2  0  1   4   2  1  0  0  0  0  0  0  0  1   2  0  2   2   2  0  0  0  0  0
  2   2   2   1   3   1   3   3  0   0  0   1  0  0  2  0   2  0  0   0   1  0  0  0  0  0  0  0  0  0   0  0  0   0   1  0  1  0  0  0
  3   1   3   6   4   3   2   3  0   0  1   1  0  2  0  1   0  0  0   1   1  0  0  0  0  0  0  0  0  0   0  0  0   4   1  0  0  0  2  0
  2   2   3   2   1   2   2   1  0   1  1   1  0  0  1  0   0  0  0   2   1  0  1  0  0  0  0  0  0  0   2  0  0   0   0  0  0  0  0  0
  2   5   4   5   6   3   3   5  1   1  1   1  0  1  1  0   6  0  1   0   1  0  0  2  0  0  0  0  0  0   1  0  0   1   1  0  0  0  2  0
  7   2   6   6   2   6   8   5  0   0  2   1  0  0  0  1   2  0  1   2   5  0  0  0  1  0  0  0  0  0   1  0  1   1   0  0  0  2  0  0
 13  14  14  13  10  15  15  12  2   1  0   1  1  0  1  1   0  0  1   1   1  0  1  1  2  0  0  2  1  1   0  1  2   1   4  0  2  0  2  0
  3   4   2   4   1   3   3   4  1   0  0   2  0  0  1  2   0  0  0   1   0  0  0  1  0  0  0  0  0  0   1  0  0   3   1  1  1  0  1  0
  6   5   5   8   8   6   4   7  0   5  0   2  0  2  1  1   2  1  1   2   1  0  0  0  2  0  0  0  0  1   2  0  0   3   1  0  0  1  2  0
 14  10  12  22  14  19  12  14  0   1  1   1  0  2  1  2   2  2  3   1   1  1  1  1  2  0  4  0  1  1   1  3  3   0   1  1  1  1  3  0
  7   6  11   8   8   8   5   8  0   2  0   0  0  0  1  0   3  0  0   3   2  1  1  2  2  1  1  0  1  0   4  1  1   1   0  0  0  1  0  0
  4   3   1   4   6   3   3   3  1   3  0   2  0  0  0  0   0  0  0   1   0  0  0  1  0  0  0  0  0  0   0  1  0   1   0  0  0  1  0  0
  3   3   3   0   3   7   4   5  0   1  0   0  1  0  1  0   1  0  0   3   2  0  0  0  0  1  0  0  0  0   2  1  0   1   0  0  0  1  1  0
  7   3   4   4   3   7   7   1  0   3  1   1  0  0  0  0   2  0  1   2   2  0  0  0  0  0  0  0  0  2   0  0  1   1   1  1  1  0  0  0
  4   6   4   3   7   6   4   7  1   0  0   1  0  2  1  1   2  0  0   4   4  0  1  1  0  0  2  0  2  0   2  1  2   3   0  0  1  0  0  0
  0   0   0   0   0   0   0   0  0   0  0   0  0  0  0  0   0  0  0   0   0  0  0  0  0  0  0  0  0  0   0  0  0   0   0  0  0  0  0  0
SKU(79, 169.0, 0.07)
SKU(79, 143.0, 0.08)
SKU(87, 112.0, 0.21)
SKU(85, 146.0, 0.1)
SKU(94, 144.0, 0.13)
SKU(96, 176.0, 0.08)
SKU(87, 164.0, 0.07)
SKU(83, 144.0, 0.11)
SKU(9, 36.0, 0.09)
SKU(28, 52.0, 0.21)
SKU(10, 29.0, 0.11)
SKU(23, 50.0, 0.12)
SKU(8, 23.0, 0.19)
SKU(11, 57.0, 0.07)
SKU(11, 76.0, 0.05)
SKU(6, 26.0, 0.09)
SKU(32, 91.0, 0.08)
SKU(8, 33.0, 0.12)
SKU(10, 22.0, 0.26)
SKU(36, 57.0, 0.17)
SKU(39, 109.0, 0.07)
SKU(7, 24.0, 0.16)
SKU(7, 31.0, 0.1)
SKU(11, 73.0, 0.05)
SKU(11, 40.0, 0.11)
SKU(4, 24.0, 0.09)
SKU(7, 28.0, 0.13)
SKU(7, 20.0, 0.16)
SKU(9, 54.0, 0.06)
SKU(10, 78.0, 0.04)
SKU(29, 56.0, 0.15)
SKU(7, 39.0, 0.06)
SKU(13, 61.0, 0.07)
SKU(37, 135.0, 0.05)
SKU(15, 41.0, 0.12)
SKU(7, 19.0, 0.16)
SKU(9, 61.0, 0.04)
SKU(10, 32.0, 0.14)
SKU(13, 41.0, 0.08)
SKU(0, 9.0, 0.12)

Posicao 1 (Corredor 1, Prateleira -1)
   SKU 1 -> 121
   SKU 7 -> 164
   SKU 34 -> 1

Posicao 2 (Corredor 1, Prateleira -2)
   SKU 8 -> 82
   SKU 17 -> 91
   SKU 21 -> 52

Posicao 3 (Corredor 1, Prateleira -3)
   SKU 9 -> 36
   SKU 15 -> 76
   SKU 30 -> 74

Posicao 4 (Corredor 1, Prateleira -4)
   SKU 19 -> 22
   SKU 26 -> 24

Posicao 10 (Corredor 1, Prateleira -10)
   SKU 3 -> 112

Posicao 11 (Corredor 1, Prateleira 1)
   SKU 1 -> 48
   SKU 2 -> 32
   SKU 6 -> 176

Posicao 12 (Corredor 1, Prateleira 2)
   SKU 4 -> 64
   SKU 8 -> 62
   SKU 34 -> 134

Posicao 13 (Corredor 1, Prateleira 3)
   SKU 12 -> 50
   SKU 14 -> 57
   SKU 32 -> 39

Posicao 14 (Corredor 1, Prateleira 4)
   SKU 22 -> 24

Posicao 21 (Corredor 2, Prateleira -1)
   SKU 5 -> 144
   SKU 21 -> 16
   SKU 30 -> 4

Posicao 22 (Corredor 2, Prateleira -2)
   SKU 10 -> 52
   SKU 11 -> 29
   SKU 38 -> 32

Posicao 23 (Corredor 2, Prateleira -3)
   SKU 16 -> 26
   SKU 23 -> 31

Posicao 31 (Corredor 2, Prateleira 1)
   SKU 2 -> 111
   SKU 4 -> 82
   SKU 21 -> 41

Posicao 32 (Corredor 2, Prateleira 2)
   SKU 25 -> 40
   SKU 31 -> 56
   SKU 39 -> 41

Posicao 33 (Corredor 2, Prateleira 3)
   SKU 28 -> 20

Posicao 41 (Corredor 3, Prateleira -1)
   SKU 20 -> 57
   SKU 33 -> 61
   SKU 35 -> 41

Posicao 42 (Corredor 3, Prateleira -2)
   SKU 13 -> 23

Posicao 51 (Corredor 3, Prateleira 1)
   SKU 24 -> 73
   SKU 29 -> 54
   SKU 37 -> 61

Posicao 52 (Corredor 3, Prateleira 2)
   SKU 18 -> 33
   SKU 36 -> 19

Posicao 61 (Corredor 4, Prateleira -1)
   SKU 27 -> 28

Posicao 100 (Corredor 5, Prateleira 10)
   SKU 40 -> 9

