Rota do Picker 1: [0, 10, 2, 42, 13, 33, 51, 31, 11, 12, 3, 23, 21, 1, 0]
Rota do Picker 2: [0, 31, 51, 32, 12, 13, 10, 1, 41, 21, 23, 22, 2, 11, 33, 0]
Rota do Picker 3: [0, 3, 22, 31, 51, 11, 12, 32, 33, 42, 2, 1, 41, 61, 21, 0]
Rota do Picker 4: [0, 2, 22, 13, 32, 12, 33, 11, 31, 51, 61, 41, 21, 1, 0]
Rota do Picker 5: [0, 41, 31, 32, 12, 13, 21, 1, 2, 22, 23, 33, 11, 42, 3, 0]
Rota do Picker 6: [0, 12, 32, 13, 11, 2, 22, 42, 51, 31, 1, 10, 0]
Rota do Picker 7: [0, 31, 13, 12, 21, 1, 41, 61, 11, 51, 32, 3, 2, 0]
Rota do Picker 8: [0, 12, 32, 3, 2, 51, 31, 11, 21, 1, 41, 10, 0]
Rota do Picker 9: [0, 11, 13, 33, 22, 42, 31, 1, 21, 41, 2, 12, 32, 51, 3, 10, 0]
Rota do Picker 10: [0, 1, 21, 2, 23, 41, 3, 22, 42, 31, 51, 11, 12, 0]
Rota do Picker 11: [0, 1, 41, 21, 3, 2, 22, 11, 31, 51, 12, 32, 13, 10, 0]

Caso de teste: SLAPRP_Guo_small_O200_alpha0.4_v9.txt

Distancia Total: 636.0
Quantidade de Pickers: 11
