Rota do Picker 1: [0, 45, 27, 87, 9, 97, 67, 48, 41, 64, 2, 69, 30, 76, 46, 26, 8, 65, 21, 7, 10, 0]
Rota do Picker 2: [0, 37, 87, 41, 27, 1, 22, 8, 57, 48, 30, 7, 21, 19, 65, 45, 67, 9, 46, 26, 89, 50, 97, 10, 76, 0]
Rota do Picker 3: [0, 59, 39, 20, 37, 50, 98, 12, 21, 57, 41, 1, 97, 18, 75, 13, 30, 7, 93, 74, 55, 36, 32, 94, 10, 0]
Rota do Picker 4: [0, 87, 26, 50, 65, 67, 1, 7, 8, 9, 30, 69, 48, 46, 45, 27, 10, 3, 83, 0]
Rota do Picker 5: [0, 12, 30, 27, 64, 83, 3, 21, 26, 46, 8, 48, 50, 45, 76, 7, 65, 97, 41, 19, 69, 9, 87, 22, 67, 57, 89, 1, 10, 0]
Rota do Picker 6: [0, 76, 13, 7, 93, 98, 19, 18, 74, 32, 2, 55, 75, 39, 59, 12, 20, 94, 40, 60, 36, 57, 77, 0]
Rota do Picker 7: [0, 41, 7, 8, 48, 9, 30, 45, 27, 87, 69, 50, 67, 26, 46, 65, 64, 10, 3, 0]
Rota do Picker 8: [0, 76, 64, 37, 87, 1, 48, 3, 41, 97, 65, 10, 22, 45, 8, 67, 46, 19, 40, 2, 7, 26, 57, 9, 27, 83, 21, 0]
Rota do Picker 9: [0, 26, 46, 9, 50, 67, 19, 8, 45, 57, 10, 32, 2, 64, 48, 76, 69, 97, 21, 3, 83, 7, 87, 30, 1, 27, 65, 0]
Rota do Picker 10: [0, 30, 45, 48, 69, 10, 26, 89, 46, 67, 50, 9, 8, 87, 27, 7, 0]
Rota do Picker 11: [0, 21, 3, 64, 57, 22, 30, 76, 69, 10, 48, 87, 27, 7, 1, 45, 46, 26, 41, 8, 50, 67, 9, 0]
Rota do Picker 12: [0, 10, 87, 27, 64, 83, 3, 30, 69, 22, 21, 26, 48, 89, 65, 41, 50, 67, 45, 46, 9, 8, 7, 1, 0]
Rota do Picker 13: [0, 57, 21, 26, 45, 1, 22, 48, 97, 19, 37, 67, 9, 64, 41, 3, 8, 20, 0]

Caso de teste: SLAPRP_Guo_small_O200_alpha0.2_v9.txt

Distancia Total: 2884.0
Quantidade de Pickers: 13
