Rota do Picker 1: [0, 43, 81, 61, 41, 23, 21, 1, 3, 64, 82, 5, 24, 62, 0]
Rota do Picker 2: [0, 25, 65, 26, 64, 61, 45, 82, 24, 46, 62, 21, 6, 63, 83, 7, 41, 27, 23, 81, 1, 3, 43, 5, 8, 0]
Rota do Picker 3: [0, 83, 8, 25, 81, 61, 44, 27, 5, 43, 23, 3, 41, 1, 7, 64, 46, 65, 24, 6, 21, 63, 26, 45, 82, 62, 0]
Rota do Picker 4: [0, 1, 21, 41, 61, 3, 23, 43, 81, 5, 26, 63, 62, 44, 45, 64, 24, 83, 7, 25, 65, 82, 0]
Rota do Picker 5: [0, 21, 41, 61, 23, 6, 46, 63, 3, 43, 64, 65, 5, 25, 83, 82, 81, 8, 44, 24, 1, 62, 27, 45, 0]
Rota do Picker 6: [0, 6, 41, 27, 65, 25, 23, 3, 61, 7, 64, 4, 46, 1, 83, 45, 44, 8, 26, 24, 5, 81, 21, 82, 0]
Rota do Picker 7: [0, 41, 31, 71, 34, 35, 73, 0]
Rota do Picker 8: [0, 45, 3, 81, 21, 63, 43, 23, 61, 41, 1, 5, 83, 44, 27, 64, 26, 8, 0]
Rota do Picker 9: [0, 1, 3, 21, 24, 44, 62, 83, 64, 82, 63, 61, 43, 41, 81, 5, 23, 0]
Rota do Picker 10: [0, 1, 3, 43, 5, 21, 41, 23, 46, 63, 81, 6, 83, 8, 45, 44, 82, 26, 25, 62, 65, 7, 24, 61, 0]
Rota do Picker 11: [0, 43, 5, 63, 45, 44, 62, 27, 23, 3, 61, 41, 21, 1, 64, 81, 24, 83, 0]
Rota do Picker 12: [0, 1, 41, 7, 63, 62, 6, 82, 83, 65, 24, 45, 46, 64, 44, 23, 25, 81, 21, 61, 3, 43, 5, 27, 0]

Caso de teste: SLAPRP_Guo_small_O200_alpha0.4_v9.txt

Distancia Total: 1596.0
Quantidade de Pickers: 12
