Rota do Picker 1: [0, 1, 21, 41, 61, 44, 64, 5, 6, 7, 27, 63, 43, 23, 26, 75, 0]
Rota do Picker 2: [0, 22, 42, 82, 1, 21, 41, 61, 81, 23, 43, 5, 25, 45, 65, 44, 0]
Rota do Picker 3: [0, 61, 81, 1, 21, 41, 22, 42, 43, 83, 23, 26, 6, 5, 25, 44, 0]
Rota do Picker 4: [0, 1, 25, 64, 44, 7, 27, 83, 63, 43, 46, 81, 61, 21, 6, 26, 45, 5, 23, 41, 0]
Rota do Picker 5: [0, 1, 21, 22, 5, 25, 43, 83, 64, 44, 42, 82, 27, 8, 23, 61, 41, 0]
Rota do Picker 6: [0, 1, 5, 65, 63, 43, 83, 26, 6, 8, 7, 45, 21, 41, 61, 22, 42, 62, 25, 18, 0]
Rota do Picker 7: [0, 32, 41, 1, 61, 81, 22, 62, 23, 45, 65, 75, 56, 83, 63, 64, 27, 7, 25, 5, 82, 42, 21, 0]
Rota do Picker 8: [0, 2, 21, 1, 81, 41, 61, 23, 43, 5, 25, 45, 46, 26, 7, 44, 64, 56, 18, 0]
Rota do Picker 9: [0, 44, 43, 63, 5, 64, 7, 42, 22, 6, 46, 27, 65, 45, 23, 81, 61, 41, 21, 1, 0]
Rota do Picker 10: [0, 62, 42, 22, 1, 41, 23, 83, 45, 5, 81, 6, 7, 25, 63, 43, 61, 11, 17, 36, 93, 13, 14, 12, 21, 0]
Rota do Picker 11: [0, 1, 21, 81, 23, 43, 5, 45, 7, 27, 46, 8, 83, 82, 62, 22, 61, 41, 0]
Rota do Picker 12: [0, 1, 21, 61, 81, 27, 46, 6, 62, 42, 22, 44, 64, 83, 23, 43, 7, 5, 41, 0]

Caso de teste: SLAPRP_Guo_small_O200_alpha0.2_v8.txt

Distancia Total: 1066.0
Quantidade de Pickers: 12
