SKUs: 40
Pedidos: 208

Primeiro pedido:
Order(1, [1, 2, 4, 25])

Ultimo pedido:
Order(208, [1, 26])

Location(1, 1, -1, 20)
Location(2, 1, -2, 20)
Location(3, 1, -3, 20)
Location(4, 1, -4, 20)
Location(5, 1, -5, 20)
Location(6, 1, -6, 20)
Location(7, 1, -7, 20)
Location(8, 1, -8, 20)
Location(9, 1, -9, 20)
Location(10, 1, -10, 40)
Location(11, 1, 1, 20)
Location(12, 1, 2, 20)
Location(13, 1, 3, 20)
Location(14, 1, 4, 20)
Location(15, 1, 5, 20)
Location(16, 1, 6, 20)
Location(17, 1, 7, 20)
Location(18, 1, 8, 20)
Location(19, 1, 9, 20)
Location(20, 1, 10, 40)
Location(21, 2, -1, 20)
Location(22, 2, -2, 20)
Location(23, 2, -3, 20)
Location(24, 2, -4, 20)
Location(25, 2, -5, 20)
Location(26, 2, -6, 20)
Location(27, 2, -7, 20)
Location(28, 2, -8, 20)
Location(29, 2, -9, 20)
Location(30, 2, -10, 40)
Location(31, 2, 1, 20)
Location(32, 2, 2, 20)
Location(33, 2, 3, 20)
Location(34, 2, 4, 20)
Location(35, 2, 5, 20)
Location(36, 2, 6, 20)
Location(37, 2, 7, 20)
Location(38, 2, 8, 20)
Location(39, 2, 9, 20)
Location(40, 2, 10, 40)
Location(41, 3, -1, 20)
Location(42, 3, -2, 20)
Location(43, 3, -3, 20)
Location(44, 3, -4, 20)
Location(45, 3, -5, 20)
Location(46, 3, -6, 20)
Location(47, 3, -7, 20)
Location(48, 3, -8, 20)
Location(49, 3, -9, 20)
Location(50, 3, -10, 40)
Location(51, 3, 1, 20)
Location(52, 3, 2, 20)
Location(53, 3, 3, 20)
Location(54, 3, 4, 20)
Location(55, 3, 5, 20)
Location(56, 3, 6, 20)
Location(57, 3, 7, 20)
Location(58, 3, 8, 20)
Location(59, 3, 9, 20)
Location(60, 3, 10, 40)
Location(61, 4, -1, 20)
Location(62, 4, -2, 20)
Location(63, 4, -3, 20)
Location(64, 4, -4, 20)
Location(65, 4, -5, 20)
Location(66, 4, -6, 20)
Location(67, 4, -7, 20)
Location(68, 4, -8, 20)
Location(69, 4, -9, 20)
Location(70, 4, -10, 40)
Location(71, 4, 1, 20)
Location(72, 4, 2, 20)
Location(73, 4, 3, 20)
Location(74, 4, 4, 20)
Location(75, 4, 5, 20)
Location(76, 4, 6, 20)
Location(77, 4, 7, 20)
Location(78, 4, 8, 20)
Location(79, 4, 9, 20)
Location(80, 4, 10, 40)
Location(81, 5, -1, 20)
Location(82, 5, -2, 20)
Location(83, 5, -3, 20)
Location(84, 5, -4, 20)
Location(85, 5, -5, 20)
Location(86, 5, -6, 20)
Location(87, 5, -7, 20)
Location(88, 5, -8, 20)
Location(89, 5, -9, 20)
Location(90, 5, -10, 40)
Location(91, 5, 1, 20)
Location(92, 5, 2, 20)
Location(93, 5, 3, 20)
Location(94, 5, 4, 20)
Location(95, 5, 5, 20)
Location(96, 5, 6, 20)
Location(97, 5, 7, 20)
Location(98, 5, 8, 20)
Location(99, 5, 9, 20)
Location(100, 5, 10, 40)

Frequencias: [101, 89, 81, 101, 85, 96, 90, 104, 8, 7, 7, 10, 17, 11, 18, 10, 11, 8, 10, 17, 10, 5, 9, 8, 14, 13, 14, 10, 15, 12, 11, 6, 11, 7, 7, 10, 5, 9, 0, 0]

Matriz de coocorrencia: 
40×40 Matrix{Int64}:
  0  55  49  52  46  51  49  54  2  4  5  5  8  6  12  4  4  4  5   4  4  3  5  7   7  6  5  4  8  3  4  4  7  4  5  4  2  2  0  0
 55   0  39  52  45  40  45  53  3  4  4  3  5  5   7  5  4  4  4   9  3  3  4  3   7  5  5  3  5  8  6  3  5  3  4  4  3  3  0  0
 49  39   0  47  37  39  43  49  2  1  5  2  5  2   8  5  4  4  0   8  7  1  5  2   5  7  3  5  6  4  4  3  3  1  1  1  3  3  0  0
 52  52  47   0  44  43  45  50  4  3  4  3  6  6  11  6  5  5  5   9  5  2  4  5   6  6  5  4  8  7  6  5  3  1  4  4  3  4  0  0
 46  45  37  44   0  43  42  49  3  3  3  4  8  5  10  4  3  1  3   8  4  1  5  3   5  7  4  2  4  8  1  2  6  5  5  6  3  5  0  0
 51  40  39  43  43   0  46  47  4  3  3  3  7  5   8  4  5  3  4   5  3  1  4  5   5  1  8  2  7  3  6  3  1  3  3  5  3  4  0  0
 49  45  43  45  42  46   0  50  4  3  4  3  7  6   4  3  3  6  4  10  3  0  1  6  11  6  9  1  5  5  5  3  4  3  3  6  3  3  0  0
 54  53  49  50  49  47  50   0  5  4  5  6  6  6   9  5  5  3  3  12  3  1  5  4   9  8  7  3  5  9  5  5  5  3  5  1  3  4  0  0
  2   3   2   4   3   4   4   5  0  0  0  2  0  0   0  1  1  1  0   0  0  0  0  0   0  1  1  0  0  1  0  1  0  0  0  1  0  0  0  0
  4   4   1   3   3   3   3   4  0  0  0  0  2  1   3  1  0  0  0   0  1  0  0  0   1  0  1  0  2  0  1  1  2  0  1  0  0  0  0  0
  5   4   5   4   3   3   4   5  0  0  0  0  1  1   0  0  0  0  0   0  0  0  0  0   1  0  0  0  1  0  1  0  0  0  0  0  0  0  0  0
  5   3   2   3   4   3   3   6  2  0  0  0  1  1   0  0  2  1  0   1  0  0  0  1   0  0  1  1  1  2  1  0  0  0  0  0  1  1  0  0
  8   5   5   6   8   7   7   6  0  2  1  1  0  1   2  0  0  0  1   1  3  1  2  0   0  0  1  0  2  1  0  0  3  1  1  1  0  0  0  0
  6   5   2   6   5   5   6   6  0  1  1  1  1  0   0  1  2  0  0   0  0  0  1  1   0  1  0  1  0  1  0  0  0  0  0  1  0  0  0  0
 12   7   8  11  10   8   4   9  0  3  0  0  2  0   0  2  1  0  0   1  2  0  2  0   0  3  0  1  4  1  1  1  2  0  0  0  0  1  0  0
  4   5   5   6   4   4   3   5  1  1  0  0  0  1   2  0  1  0  0   1  0  0  1  0   0  0  0  1  0  1  1  2  1  0  0  0  0  0  0  0
  4   4   4   5   3   5   3   5  1  0  0  2  0  2   1  1  0  0  0   1  0  0  0  2   0  1  1  1  1  1  1  0  0  0  0  0  1  0  0  0
  4   4   4   5   1   3   6   3  1  0  0  1  0  0   0  0  0  0  0   2  0  0  0  0   0  0  1  0  0  0  0  0  0  0  0  0  1  0  0  0
  5   4   0   5   3   4   4   3  0  0  0  0  1  0   0  0  0  0  0   2  1  3  1  0   0  0  1  0  2  1  2  0  1  1  0  2  0  0  0  0
  4   9   8   9   8   5  10  12  0  0  0  1  1  0   1  1  1  2  2   0  0  1  0  0   1  2  1  2  1  1  1  0  0  1  0  0  0  1  0  0
  4   3   7   5   4   3   3   3  0  1  0  0  3  0   2  0  0  0  1   0  0  0  1  0   0  1  0  1  2  1  0  0  1  1  0  1  0  1  0  0
  3   3   1   2   1   1   0   1  0  0  0  0  1  0   0  0  0  0  3   1  0  0  0  0   0  0  0  1  1  0  1  0  1  0  0  1  0  0  0  0
  5   4   5   4   5   4   1   5  0  0  0  0  2  1   2  1  0  0  1   0  1  0  0  0   0  2  1  1  1  1  0  0  1  1  0  0  0  0  0  0
  7   3   2   5   3   5   6   4  0  0  0  1  0  1   0  0  2  0  0   0  0  0  0  0   0  0  2  0  0  0  2  0  0  0  1  0  0  0  0  0
  7   7   5   6   5   5  11   9  0  1  1  0  0  0   0  0  0  0  0   1  0  0  0  0   0  2  2  0  0  0  1  0  1  1  1  1  0  0  0  0
  6   5   7   6   7   1   6   8  1  0  0  0  0  1   3  0  1  0  0   2  1  0  2  0   2  0  0  2  1  0  0  0  2  0  0  0  0  0  0  0
  5   5   3   5   4   8   9   7  1  1  0  1  1  0   0  0  1  1  1   1  0  0  1  2   2  0  0  0  0  0  2  0  0  1  1  2  0  0  0  0
  4   3   5   4   2   2   1   3  0  0  0  1  0  1   1  1  1  0  0   2  1  1  1  0   0  2  0  0  0  0  1  0  0  0  0  0  0  1  0  0
  8   5   6   8   4   7   5   5  0  2  1  1  2  0   4  0  1  0  2   1  2  1  1  0   0  1  0  0  0  0  1  0  1  0  0  0  1  0  0  0
  3   8   4   7   8   3   5   9  1  0  0  2  1  1   1  1  1  0  1   1  1  0  1  0   0  0  0  0  0  0  1  1  0  0  0  0  1  1  0  0
  4   6   4   6   1   6   5   5  0  1  1  1  0  0   1  1  1  0  2   1  0  1  0  2   1  0  2  1  1  1  0  0  1  0  1  1  0  0  0  0
  4   3   3   5   2   3   3   5  1  1  0  0  0  0   1  2  0  0  0   0  0  0  0  0   0  0  0  0  0  1  0  0  0  0  1  0  0  0  0  0
  7   5   3   3   6   1   4   5  0  2  0  0  3  0   2  1  0  0  1   0  1  1  1  0   1  2  0  0  1  0  1  0  0  2  0  2  0  0  0  0
  4   3   1   1   5   3   3   3  0  0  0  0  1  0   0  0  0  0  1   1  1  0  1  0   1  0  1  0  0  0  0  0  2  0  0  1  0  0  0  0
  5   4   1   4   5   3   3   5  0  1  0  0  1  0   0  0  0  0  0   0  0  0  0  1   1  0  1  0  0  0  1  1  0  0  0  0  1  1  0  0
  4   4   1   4   6   5   6   1  1  0  0  0  1  1   0  0  0  0  2   0  1  1  0  0   1  0  2  0  0  0  1  0  2  1  0  0  0  0  0  0
  2   3   3   3   3   3   3   3  0  0  0  1  0  0   0  0  1  1  0   0  0  0  0  0   0  0  0  0  1  1  0  0  0  0  1  0  0  2  0  0
  2   3   3   4   5   4   3   4  0  0  0  1  0  0   1  0  0  0  0   1  1  0  0  0   0  0  0  1  0  1  0  0  0  0  1  0  2  0  0  0
  0   0   0   0   0   0   0   0  0  0  0  0  0  0   0  0  0  0  0   0  0  0  0  0   0  0  0  0  0  0  0  0  0  0  0  0  0  0  0  0
  0   0   0   0   0   0   0   0  0  0  0  0  0  0   0  0  0  0  0   0  0  0  0  0   0  0  0  0  0  0  0  0  0  0  0  0  0  0  0  0
SKU(101, 206.0, 0.07)
SKU(89, 171.0, 0.08)
SKU(81, 117.0, 0.21)
SKU(101, 168.0, 0.1)
SKU(85, 137.0, 0.13)
SKU(96, 184.0, 0.08)
SKU(90, 185.0, 0.07)
SKU(104, 174.0, 0.11)
SKU(8, 32.0, 0.09)
SKU(7, 21.0, 0.21)
SKU(7, 37.0, 0.11)
SKU(10, 37.0, 0.12)
SKU(17, 46.0, 0.19)
SKU(11, 58.0, 0.07)
SKU(18, 95.0, 0.05)
SKU(10, 50.0, 0.09)
SKU(11, 43.0, 0.08)
SKU(8, 30.0, 0.12)
SKU(10, 23.0, 0.26)
SKU(17, 44.0, 0.17)
SKU(10, 53.0, 0.07)
SKU(5, 21.0, 0.16)
SKU(9, 48.0, 0.1)
SKU(8, 62.0, 0.05)
SKU(14, 48.0, 0.11)
SKU(13, 49.0, 0.09)
SKU(14, 45.0, 0.13)
SKU(10, 31.0, 0.16)
SKU(15, 70.0, 0.06)
SKU(12, 82.0, 0.04)
SKU(11, 33.0, 0.15)
SKU(6, 49.0, 0.06)
SKU(11, 61.0, 0.07)
SKU(7, 53.0, 0.05)
SKU(7, 27.0, 0.12)
SKU(10, 27.0, 0.16)
SKU(5, 55.0, 0.04)
SKU(9, 23.0, 0.14)
SKU(0, 9.0, 0.08)
SKU(0, 9.0, 0.12)

extremidades das matrizes:
S_hat: (-0.11734333578476948, 0.7849934837920614)
S_hat * P: (-0.1145335959231465, 0.7067160946054033)
W * S_hat: (-0.06858528702909297, 1.2508430829902921)
W * S_hat * P: (0.0, 1.1270119606037696)
correlacao{S_hat, S_hat_hat} = 0.9636664450073683

Posicao 1 (Corredor 1, Prateleira -1)
   SKU 1 -> 206
   SKU 7 -> 79
   SKU 15 -> 1

Posicao 2 (Corredor 1, Prateleira -2)
   SKU 8 -> 120
   SKU 15 -> 94
   SKU 37 -> 52

Posicao 3 (Corredor 1, Prateleira -3)
   SKU 20 -> 44
   SKU 25 -> 48
   SKU 26 -> 49

Posicao 11 (Corredor 1, Prateleira 1)
   SKU 2 -> 156
   SKU 4 -> 1
   SKU 7 -> 106

Posicao 12 (Corredor 1, Prateleira 2)
   SKU 5 -> 126
   SKU 29 -> 5
   SKU 30 -> 82

Posicao 13 (Corredor 1, Prateleira 3)
   SKU 12 -> 37
   SKU 31 -> 33
   SKU 34 -> 53

Posicao 21 (Corredor 2, Prateleira -1)
   SKU 2 -> 15
   SKU 6 -> 184
   SKU 8 -> 37

Posicao 22 (Corredor 2, Prateleira -2)
   SKU 3 -> 57
   SKU 14 -> 58
   SKU 29 -> 65

Posicao 23 (Corredor 2, Prateleira -3)
   SKU 11 -> 37
   SKU 32 -> 49
   SKU 36 -> 27

Posicao 31 (Corredor 2, Prateleira 1)
   SKU 4 -> 167
   SKU 5 -> 11
   SKU 8 -> 17

Posicao 32 (Corredor 2, Prateleira 2)
   SKU 3 -> 60
   SKU 24 -> 62
   SKU 33 -> 61

Posicao 33 (Corredor 2, Prateleira 3)
   SKU 18 -> 30
   SKU 28 -> 31
   SKU 38 -> 23

Posicao 41 (Corredor 3, Prateleira -1)
   SKU 13 -> 46
   SKU 16 -> 50
   SKU 27 -> 45

Posicao 42 (Corredor 3, Prateleira -2)
   SKU 9 -> 32
   SKU 19 -> 23
   SKU 37 -> 3

Posicao 51 (Corredor 3, Prateleira 1)
   SKU 17 -> 43
   SKU 21 -> 53
   SKU 23 -> 48

Posicao 52 (Corredor 3, Prateleira 2)
   SKU 10 -> 21
   SKU 22 -> 21
   SKU 35 -> 27

Posicao 61 (Corredor 4, Prateleira -1)
   SKU 39 -> 9

Posicao 100 (Corredor 5, Prateleira 10)
   SKU 40 -> 9

