Rota do Picker 1: [0, 21, 0]
Rota do Picker 2: [0, 21, 0]
Rota do Picker 3: [0, 23, 25, 5, 3, 43, 4, 26, 22, 62, 42, 45, 8, 27, 83, 63, 44, 24, 41, 21, 1, 0]
Rota do Picker 4: [0, 14, 1, 41, 61, 81, 7, 8, 26, 6, 62, 42, 82, 27, 5, 83, 43, 23, 21, 0]
Rota do Picker 5: [0, 1, 42, 7, 27, 5, 63, 23, 3, 62, 22, 4, 24, 43, 6, 46, 8, 44, 61, 41, 21, 26, 0]
Rota do Picker 6: [0, 1, 4, 64, 24, 22, 65, 26, 46, 7, 82, 42, 3, 23, 43, 21, 41, 61, 81, 44, 5, 25, 45, 6, 33, 34, 54, 18, 56, 52, 0]
Rota do Picker 7: [0, 1, 21, 41, 61, 23, 62, 82, 15, 14, 34, 17, 18, 83, 35, 36, 16, 37, 73, 42, 7, 81, 24, 64, 65, 45, 5, 3, 0]
Rota do Picker 8: [0, 21, 41, 34, 72, 93, 33, 91, 71, 51, 23, 43, 5, 61, 1, 25, 6, 62, 22, 82, 0]

Caso de teste: SLAPRP_Guo_small_O100_alpha0.3_v9.txt

Distancia Total: 700.0
Quantidade de Pickers: 8
