Rota do Picker 1: [0, 1, 21, 61, 5, 25, 45, 26, 46, 62, 82, 64, 63, 43, 23, 81, 41, 0]
Rota do Picker 2: [0, 7, 65, 45, 27, 6, 46, 25, 64, 26, 5, 43, 23, 61, 41, 21, 1, 0]
Rota do Picker 3: [0, 43, 5, 1, 61, 83, 64, 2, 6, 7, 13, 16, 17, 74, 42, 22, 82, 45, 26, 23, 81, 21, 41, 27, 93, 0]
Rota do Picker 4: [0, 21, 81, 5, 46, 8, 6, 26, 36, 74, 25, 65, 63, 83, 43, 61, 41, 1, 23, 0]
Rota do Picker 5: [0, 21, 41, 61, 81, 23, 43, 63, 6, 5, 45, 8, 7, 64, 24, 65, 1, 0]
Rota do Picker 6: [0, 1, 41, 61, 21, 5, 25, 45, 7, 83, 43, 23, 3, 26, 46, 62, 11, 71, 15, 75, 36, 14, 52, 12, 0]

Caso de teste: SLAPRP_Guo_small_O100_alpha0.2_v7.txt

Distancia Total: 598.0
Quantidade de Pickers: 6
