Rota do Picker 1: [0, 21, 61, 1, 41, 6, 26, 8, 7, 43, 23, 83, 63, 45, 25, 5, 62, 4, 42, 22, 0]
Rota do Picker 2: [0, 1, 4, 24, 44, 65, 5, 45, 6, 63, 83, 43, 23, 82, 62, 61, 41, 21, 3, 46, 27, 8, 7, 22, 42, 73, 0]
Rota do Picker 3: [0, 1, 61, 21, 41, 17, 36, 56, 14, 34, 52, 92, 72, 83, 63, 43, 24, 4, 44, 7, 46, 3, 23, 6, 26, 5, 42, 22, 0]
Rota do Picker 4: [0, 1, 21, 41, 61, 14, 54, 34, 11, 3, 27, 5, 83, 7, 46, 6, 4, 43, 23, 0]
Rota do Picker 5: [0, 1, 61, 21, 81, 41, 62, 42, 6, 26, 73, 72, 52, 64, 24, 7, 27, 45, 23, 22, 5, 83, 43, 3, 0]
Rota do Picker 6: [0, 21, 1, 3, 43, 62, 45, 44, 26, 2, 8, 63, 23, 52, 92, 16, 14, 55, 17, 56, 12, 34, 72, 32, 25, 5, 24, 4, 41, 0]

Caso de teste: SLAPRP_Guo_small_O100_alpha0.3_v5.txt

Distancia Total: 662.0
Quantidade de Pickers: 6
