Rota do Picker 1: [0, 10, 2, 61, 21, 1, 23, 3, 22, 71, 51, 31, 33, 32, 11, 13, 12, 0]
Rota do Picker 2: [0, 1, 41, 2, 26, 71, 12, 31, 11, 21, 61, 3, 42, 22, 51, 32, 13, 0]
Rota do Picker 3: [0, 11, 31, 51, 12, 3, 26, 2, 22, 1, 21, 41, 0]
Rota do Picker 4: [0, 1, 21, 41, 12, 32, 22, 42, 26, 10, 2, 71, 51, 31, 23, 11, 0]
Rota do Picker 5: [0, 23, 3, 2, 42, 71, 51, 12, 33, 32, 13, 31, 11, 1, 21, 61, 41, 0]
Rota do Picker 6: [0, 3, 31, 51, 11, 12, 33, 13, 2, 42, 22, 1, 21, 61, 4, 0]
Rota do Picker 7: [0, 1, 12, 32, 13, 33, 11, 31, 51, 41, 61, 21, 71, 23, 3, 22, 2, 0]
Rota do Picker 8: [0, 1, 21, 2, 22, 32, 12, 11, 31, 0]
Rota do Picker 9: [0, 1, 21, 41, 12, 13, 2, 10, 23, 26, 51, 31, 11, 0]
Rota do Picker 10: [0, 21, 41, 61, 1, 26, 23, 4, 12, 71, 31, 11, 22, 2, 42, 33, 32, 13, 0]
Rota do Picker 11: [0, 11, 21, 1, 41, 2, 3, 22, 31, 26, 4, 13, 33, 42, 12, 0]
Rota do Picker 12: [0, 1, 4, 3, 13, 33, 51, 41, 21, 22, 2, 26, 23, 12, 31, 11, 0]

Caso de teste: SLAPRP_Guo_small_O200_alpha0.2_v8.txt

Distancia Total: 750.0
Quantidade de Pickers: 12
