Rota do Picker 1: [0, 1, 41, 61, 24, 3, 43, 63, 83, 36, 16, 25, 65, 94, 54, 56, 17, 15, 6, 5, 21, 0]
Rota do Picker 2: [0, 21, 41, 61, 81, 63, 23, 8, 7, 64, 54, 74, 94, 15, 44, 25, 65, 45, 5, 43, 3, 1, 6, 0]
Rota do Picker 3: [0, 21, 61, 1, 5, 45, 4, 24, 81, 41, 6, 7, 83, 63, 15, 54, 74, 17, 42, 44, 3, 0]
Rota do Picker 4: [0, 1, 21, 41, 61, 81, 17, 56, 36, 16, 6, 26, 7, 64, 44, 24, 5, 63, 43, 3, 0]
Rota do Picker 5: [0, 21, 1, 41, 61, 3, 43, 63, 5, 8, 46, 62, 6, 26, 7, 27, 15, 35, 74, 54, 36, 17, 0]
Rota do Picker 6: [0, 21, 1, 41, 61, 3, 43, 7, 27, 46, 26, 5, 0]

Caso de teste: SLAPRP_Guo_small_O100_alpha0.3_v1.txt

Distancia Total: 564.0
Quantidade de Pickers: 6
