Rota do Picker 1: [0, 41, 1, 36, 93, 31, 39, 40, 97, 20, 59, 19, 21, 77, 13, 94, 60, 47, 7, 98, 18, 74, 11, 55, 0]
Rota do Picker 2: [0, 7, 27, 9, 46, 45, 1, 64, 68, 21, 50, 87, 47, 26, 2, 8, 10, 69, 30, 89, 0]
Rota do Picker 3: [0, 7, 3, 9, 13, 96, 1, 27, 64, 30, 10, 83, 22, 41, 50, 21, 40, 20, 36, 87, 45, 8, 46, 26, 2, 37, 0]
Rota do Picker 4: [0, 45, 8, 9, 10, 27, 37, 41, 47, 69, 1, 22, 64, 30, 68, 2, 46, 26, 87, 7, 3, 50, 0]
Rota do Picker 5: [0, 45, 8, 46, 87, 50, 27, 26, 89, 9, 47, 7, 30, 68, 10, 69, 0]
Rota do Picker 6: [0, 1, 46, 45, 41, 10, 50, 20, 7, 9, 69, 36, 2, 40, 27, 87, 47, 22, 64, 37, 30, 8, 26, 3, 83, 31, 0]

Caso de teste: SLAPRP_Guo_small_O100_alpha0.4_v6.txt

Distancia Total: 1172.0
Quantidade de Pickers: 6
