Rota do Picker 1: [0, 75, 93, 13, 4, 82, 35, 15, 22, 3, 41, 21, 1, 81, 11, 51, 71, 37, 43, 23, 62, 55, 6, 53, 56, 91, 61, 0]
Rota do Picker 2: [0, 41, 61, 22, 15, 35, 17, 81, 38, 39, 37, 82, 95, 75, 91, 36, 43, 77, 18, 1, 3, 19, 93, 13, 53, 57, 21, 5, 55, 56, 0]
Rota do Picker 3: [0, 36, 91, 22, 95, 13, 3, 21, 1, 41, 53, 56, 20, 43, 18, 19, 4, 55, 93, 61, 75, 35, 15, 81, 39, 62, 44, 0]
Rota do Picker 4: [0, 1, 3, 23, 91, 95, 81, 62, 24, 18, 41, 5, 25, 93, 44, 4, 15, 61, 53, 13, 22, 63, 43, 21, 0]
Rota do Picker 5: [0, 39, 3, 73, 77, 41, 22, 15, 18, 37, 38, 91, 55, 95, 93, 35, 36, 75, 17, 57, 19, 53, 13, 81, 21, 1, 56, 0]
Rota do Picker 6: [0, 1, 41, 91, 21, 17, 62, 63, 57, 35, 6, 15, 22, 3, 5, 23, 61, 56, 44, 13, 25, 53, 93, 0]
Rota do Picker 7: [0, 39, 19, 93, 53, 13, 21, 95, 75, 35, 15, 3, 41, 1, 57, 38, 34, 54, 77, 6, 61, 91, 36, 96, 20, 56, 55, 25, 81, 62, 37, 22, 18, 0]
Rota do Picker 8: [0, 1, 21, 41, 3, 22, 4, 63, 24, 44, 43, 82, 81, 91, 23, 13, 62, 6, 55, 25, 5, 15, 0]
Rota do Picker 9: [0, 21, 41, 3, 23, 22, 15, 53, 37, 24, 5, 6, 19, 91, 93, 1, 43, 63, 55, 75, 61, 13, 36, 0]
Rota do Picker 10: [0, 1, 21, 41, 22, 13, 53, 93, 81, 35, 3, 15, 6, 18, 75, 37, 63, 39, 61, 62, 4, 38, 17, 23, 82, 55, 0]
Rota do Picker 11: [0, 6, 61, 3, 93, 35, 15, 82, 42, 2, 91, 43, 63, 22, 56, 75, 81, 1, 41, 13, 53, 24, 21, 5, 44, 55, 17, 0]
Rota do Picker 12: [0, 21, 22, 42, 13, 93, 57, 41, 18, 53, 43, 23, 3, 1, 5, 17, 75, 82, 61, 38, 15, 35, 55, 6, 95, 81, 4, 24, 91, 36, 56, 0]

Caso de teste: SLAPRP_Guo_small_O200_alpha0.3_v2.txt

Distancia Total: 2678.0
Quantidade de Pickers: 12
