Rota do Picker 1: [0, 83, 61, 2, 5, 15, 55, 45, 43, 25, 81, 41, 21, 22, 42, 62, 17, 7, 23, 3, 1, 34, 63, 0]
Rota do Picker 2: [0, 5, 4, 42, 22, 25, 82, 44, 81, 6, 62, 63, 43, 23, 61, 41, 21, 1, 0]
Rota do Picker 3: [0, 64, 44, 83, 63, 4, 46, 62, 45, 26, 6, 61, 43, 25, 5, 23, 41, 21, 1, 7, 24, 22, 27, 8, 42, 82, 3, 0]
Rota do Picker 4: [0, 5, 43, 23, 26, 41, 4, 3, 27, 82, 64, 1, 45, 7, 46, 8, 44, 24, 6, 25, 22, 21, 0]
Rota do Picker 5: [0, 74, 17, 93, 11, 56, 55, 36, 16, 51, 31, 37, 21, 1, 34, 14, 61, 41, 81, 0]
Rota do Picker 6: [0, 6, 43, 23, 21, 27, 5, 62, 42, 22, 61, 41, 1, 4, 64, 25, 8, 81, 26, 63, 83, 24, 82, 44, 45, 0]

Caso de teste: SLAPRP_Guo_small_O100_alpha0.4_v5.txt

Distancia Total: 828.0
Quantidade de Pickers: 6
