Rota do Picker 1: [0, 13, 37, 19, 18, 45, 26, 27, 7, 9, 69, 30, 41, 21, 1, 65, 8, 28, 85, 96, 20, 75, 74, 94, 87, 10, 46, 0]
Rota do Picker 2: [0, 27, 7, 8, 9, 67, 87, 26, 45, 22, 36, 40, 60, 20, 18, 37, 89, 69, 50, 3, 46, 21, 0]
Rota do Picker 3: [0, 13, 45, 9, 87, 67, 28, 8, 85, 11, 31, 75, 40, 60, 21, 22, 32, 12, 65, 26, 46, 7, 27, 10, 50, 18, 20, 0]
Rota do Picker 4: [0, 8, 28, 9, 10, 50, 26, 46, 65, 45, 89, 69, 30, 60, 20, 18, 94, 74, 0]
Rota do Picker 5: [0, 74, 94, 18, 20, 40, 30, 10, 12, 32, 22, 46, 7, 27, 9, 45, 65, 36, 75, 41, 21, 2, 85, 50, 8, 26, 28, 3, 0]
Rota do Picker 6: [0, 21, 32, 96, 97, 37, 41, 1, 26, 46, 8, 28, 9, 30, 45, 85, 18, 40, 13, 60, 36, 89, 69, 87, 27, 7, 0]
Rota do Picker 7: [0, 13, 37, 18, 45, 10, 28, 8, 21, 41, 84, 3, 46, 89, 69, 50, 30, 87, 67, 26, 9, 27, 7, 1, 0]
Rota do Picker 8: [0, 94, 37, 18, 19, 96, 36, 22, 67, 69, 9, 28, 8, 21, 41, 32, 12, 13, 40, 59, 3, 27, 10, 85, 45, 2, 30, 50, 26, 46, 7, 87, 1, 0]
Rota do Picker 9: [0, 31, 89, 30, 10, 65, 7, 27, 67, 45, 26, 46, 50, 70, 21, 12, 19, 18, 60, 20, 69, 9, 8, 2, 1, 0]
Rota do Picker 10: [0, 37, 36, 60, 74, 94, 18, 98, 40, 20, 12, 13, 22, 9, 26, 46, 8, 28, 10, 50, 45, 85, 65, 41, 17, 59, 19, 75, 51, 31, 1, 0]
Rota do Picker 11: [0, 32, 26, 46, 9, 89, 0]
Rota do Picker 12: [0, 45, 2, 93, 37, 1, 21, 13, 12, 20, 8, 9, 10, 89, 69, 26, 46, 28, 27, 7, 59, 19, 18, 75, 31, 0]
Rota do Picker 13: [0, 84, 32, 37, 94, 98, 19, 21, 1, 22, 10, 50, 30, 9, 7, 67, 8, 45, 65, 20, 59, 17, 18, 40, 74, 75, 41, 3, 28, 69, 31, 12, 27, 51, 0]

Caso de teste: SLAPRP_Guo_small_O200_alpha0.4_v10.txt

Distancia Total: 2196.0
Quantidade de Pickers: 13
