Rota do Picker 1: [0, 71, 91, 31, 33, 73, 55, 9, 8, 4, 25, 5, 15, 16, 17, 26, 7, 84, 83, 63, 3, 81, 61, 41, 21, 1, 6, 0]
Rota do Picker 2: [0, 33, 41, 21, 61, 81, 3, 63, 83, 23, 43, 8, 45, 85, 5, 27, 7, 28, 46, 1, 12, 92, 0]
Rota do Picker 3: [0, 1, 3, 63, 83, 53, 92, 34, 14, 61, 41, 81, 26, 45, 47, 4, 44, 23, 8, 5, 7, 16, 91, 71, 21, 0]
Rota do Picker 4: [0, 1, 81, 3, 23, 43, 44, 85, 74, 34, 71, 53, 73, 7, 27, 8, 28, 82, 22, 63, 83, 47, 15, 36, 16, 14, 61, 41, 21, 0]
Rota do Picker 5: [0, 1, 84, 27, 5, 45, 4, 81, 21, 41, 61, 7, 85, 36, 16, 83, 63, 43, 3, 9, 65, 46, 26, 66, 6, 24, 53, 54, 74, 14, 0]
Rota do Picker 6: [0, 14, 15, 71, 74, 73, 92, 35, 43, 3, 61, 21, 62, 84, 44, 4, 7, 26, 6, 5, 81, 41, 1, 0]

Caso de teste: SLAPRP_Guo_small_O100_alpha0.4_v4.txt

Distancia Total: 864.0
Quantidade de Pickers: 6
