Rota do Picker 1: [0, 37, 1, 22, 83, 23, 2, 30, 48, 76, 10, 9, 26, 45, 87, 27, 7, 42, 61, 21, 11, 52, 8, 0]
Rota do Picker 2: [0, 23, 83, 14, 13, 4, 76, 41, 67, 61, 3, 8, 1, 20, 51, 10, 87, 27, 7, 22, 37, 45, 48, 9, 26, 42, 21, 30, 0]
Rota do Picker 3: [0, 21, 7, 27, 87, 9, 45, 10, 42, 8, 26, 48, 30, 28, 23, 67, 4, 66, 0]
Rota do Picker 4: [0, 21, 2, 42, 7, 9, 45, 14, 20, 40, 27, 3, 4, 8, 30, 48, 26, 37, 65, 67, 76, 13, 10, 1, 22, 41, 61, 0]
Rota do Picker 5: [0, 40, 72, 48, 28, 41, 61, 11, 52, 1, 7, 8, 20, 14, 30, 76, 67, 26, 42, 21, 45, 51, 12, 13, 33, 36, 96, 98, 18, 74, 17, 79, 4, 0]
Rota do Picker 6: [0, 41, 11, 0]
Rota do Picker 7: [0, 30, 42, 23, 83, 7, 9, 21, 27, 87, 45, 10, 8, 26, 4, 67, 0]

Caso de teste: SLAPRP_Guo_small_O100_alpha0.2_v7.txt

Distancia Total: 1234.0
Quantidade de Pickers: 7
