Rota do Picker 1: [0, 44, 5, 81, 61, 41, 21, 3, 43, 62, 82, 26, 65, 25, 27, 7, 6, 23, 1, 0]
Rota do Picker 2: [0, 21, 23, 43, 83, 63, 6, 46, 8, 5, 61, 81, 41, 3, 62, 82, 45, 65, 7, 24, 1, 0]
Rota do Picker 3: [0, 1, 81, 41, 24, 65, 82, 45, 7, 5, 46, 27, 6, 63, 43, 23, 3, 61, 21, 0]
Rota do Picker 4: [0, 5, 26, 44, 64, 62, 82, 24, 63, 43, 23, 41, 21, 83, 8, 25, 3, 81, 61, 1, 0]
Rota do Picker 5: [0, 1, 63, 26, 83, 3, 43, 45, 27, 7, 62, 82, 21, 61, 81, 23, 64, 44, 65, 5, 41, 0]
Rota do Picker 6: [0, 81, 61, 23, 63, 45, 65, 25, 46, 7, 83, 43, 3, 41, 21, 1, 5, 27, 64, 82, 0]
Rota do Picker 7: [0, 61, 41, 62, 46, 25, 5, 7, 8, 6, 64, 4, 43, 23, 3, 21, 1, 0]
Rota do Picker 8: [0, 21, 5, 63, 26, 6, 8, 7, 64, 81, 83, 43, 23, 3, 44, 24, 61, 41, 1, 0]
Rota do Picker 9: [0, 21, 61, 1, 41, 24, 44, 82, 62, 46, 26, 8, 7, 45, 25, 65, 5, 43, 23, 3, 83, 0]
Rota do Picker 10: [0, 1, 21, 61, 41, 23, 3, 44, 6, 45, 5, 83, 63, 46, 25, 82, 62, 73, 35, 34, 71, 31, 0]
Rota do Picker 11: [0, 1, 21, 24, 43, 23, 5, 65, 6, 26, 7, 61, 3, 41, 0]

Caso de teste: SLAPRP_Guo_small_O200_alpha0.4_v9.txt

Distancia Total: 994.0
Quantidade de Pickers: 11
