Rota do Picker 1: [0, 41, 45, 9, 46, 26, 64, 84, 30, 50, 18, 39, 55, 74, 94, 12, 13, 32, 28, 8, 7, 10, 27, 31, 11, 21, 0]
Rota do Picker 2: [0, 21, 2, 3, 8, 87, 65, 45, 67, 47, 27, 28, 10, 50, 30, 89, 69, 9, 41, 46, 26, 7, 83, 1, 0]
Rota do Picker 3: [0, 11, 51, 19, 39, 18, 77, 37, 87, 47, 7, 46, 26, 45, 27, 67, 30, 50, 8, 2, 21, 41, 65, 22, 10, 3, 0]
Rota do Picker 4: [0, 1, 83, 45, 89, 69, 9, 8, 7, 87, 27, 46, 26, 47, 20, 18, 32, 0]
Rota do Picker 5: [0, 7, 27, 10, 26, 46, 8, 28, 9, 37, 20, 60, 19, 21, 64, 84, 87, 67, 45, 65, 18, 40, 0]
Rota do Picker 6: [0, 37, 11, 40, 19, 18, 45, 26, 9, 8, 30, 67, 47, 27, 7, 46, 2, 41, 1, 0]
Rota do Picker 7: [0, 11, 74, 57, 55, 19, 39, 98, 18, 20, 94, 37, 77, 59, 21, 1, 27, 7, 30, 8, 69, 9, 10, 28, 51, 31, 41, 3, 46, 87, 36, 76, 12, 32, 0]
Rota do Picker 8: [0, 46, 26, 8, 27, 67, 87, 9, 30, 84, 22, 2, 12, 74, 94, 18, 47, 3, 1, 21, 55, 39, 40, 57, 37, 75, 36, 28, 65, 11, 32, 31, 0]
Rota do Picker 9: [0, 46, 8, 27, 47, 45, 84, 22, 7, 26, 41, 64, 10, 30, 67, 89, 69, 9, 3, 75, 55, 11, 0]
Rota do Picker 10: [0, 3, 26, 46, 7, 9, 45, 18, 20, 40, 22, 2, 65, 27, 8, 69, 89, 50, 60, 41, 21, 0]
Rota do Picker 11: [0, 41, 1, 50, 10, 9, 8, 28, 45, 83, 21, 19, 98, 18, 55, 31, 11, 30, 26, 46, 27, 7, 47, 87, 64, 84, 0]
Rota do Picker 12: [0, 37, 59, 39, 18, 60, 13, 1, 47, 50, 30, 8, 3, 67, 26, 32, 11, 45, 9, 87, 27, 46, 0]

Caso de teste: SLAPRP_Guo_small_O200_alpha0.3_v8.txt

Distancia Total: 1818.0
Quantidade de Pickers: 12
