Rota do Picker 1: [0, 1, 21, 41, 5, 25, 8, 65, 27, 26, 6, 44, 64, 7, 46, 83, 43, 23, 63, 0]
Rota do Picker 2: [0, 1, 21, 45, 46, 23, 43, 63, 83, 26, 6, 7, 8, 5, 4, 24, 82, 42, 22, 0]
Rota do Picker 3: [0, 1, 21, 41, 61, 23, 15, 72, 44, 24, 43, 63, 8, 46, 6, 7, 5, 25, 0]
Rota do Picker 4: [0, 1, 21, 41, 61, 23, 5, 45, 4, 24, 36, 75, 55, 35, 53, 17, 37, 93, 73, 42, 22, 3, 43, 25, 82, 62, 0]
Rota do Picker 5: [0, 12, 24, 4, 64, 7, 5, 25, 6, 8, 46, 26, 3, 43, 23, 1, 21, 41, 61, 15, 18, 37, 0]
Rota do Picker 6: [0, 1, 21, 41, 61, 23, 43, 24, 64, 5, 26, 7, 82, 62, 25, 45, 27, 72, 0]
Rota do Picker 7: [0, 31, 51, 11, 0]
Rota do Picker 8: [0, 21, 41, 1, 52, 72, 15, 17, 16, 36, 18, 56, 75, 35, 83, 63, 43, 23, 5, 42, 82, 0]
Rota do Picker 9: [0, 41, 54, 27, 43, 23, 4, 21, 1, 22, 42, 62, 26, 7, 6, 24, 64, 45, 25, 8, 63, 0]
Rota do Picker 10: [0, 41, 1, 21, 23, 43, 5, 25, 26, 6, 46, 7, 45, 65, 62, 42, 22, 2, 0]
Rota do Picker 11: [0, 44, 4, 7, 1, 21, 41, 61, 81, 5, 65, 45, 6, 23, 43, 3, 22, 42, 83, 63, 82, 62, 54, 74, 37, 72, 92, 52, 34, 55, 75, 0]
Rota do Picker 12: [0, 1, 41, 21, 0]

Caso de teste: SLAPRP_Guo_small_O200_alpha0.2_v5.txt

Distancia Total: 956.0
Quantidade de Pickers: 12
