Rota do Picker 1: [0, 41, 51, 0]
Rota do Picker 2: [0, 1, 21, 41, 61, 24, 44, 64, 85, 45, 65, 9, 25, 5, 4, 14, 34, 54, 16, 66, 86, 26, 28, 8, 12, 53, 33, 13, 15, 0]
Rota do Picker 3: [0, 24, 85, 47, 28, 8, 6, 46, 45, 3, 44, 64, 66, 86, 9, 7, 25, 5, 1, 21, 41, 61, 35, 15, 14, 0]
Rota do Picker 4: [0, 1, 21, 12, 32, 52, 53, 73, 9, 67, 47, 7, 25, 5, 24, 6, 8, 33, 13, 82, 62, 48, 28, 65, 45, 61, 41, 4, 44, 64, 16, 92, 0]
Rota do Picker 5: [0, 61, 5, 25, 45, 44, 4, 24, 6, 26, 15, 35, 54, 14, 33, 53, 92, 32, 41, 21, 1, 0]
Rota do Picker 6: [0, 61, 81, 14, 72, 32, 1, 21, 41, 5, 25, 7, 67, 24, 45, 23, 52, 92, 12, 33, 73, 93, 9, 46, 6, 4, 13, 11, 0]
Rota do Picker 7: [0, 1, 21, 41, 61, 6, 54, 51, 71, 13, 15, 32, 52, 72, 14, 8, 28, 48, 46, 24, 44, 65, 45, 4, 66, 26, 7, 25, 5, 0]
Rota do Picker 8: [0, 1, 41, 61, 23, 43, 63, 52, 72, 32, 53, 93, 46, 47, 92, 14, 85, 3, 21, 81, 7, 27, 65, 44, 24, 33, 35, 6, 66, 5, 25, 45, 0]
Rota do Picker 9: [0, 91, 51, 53, 33, 61, 21, 1, 45, 65, 25, 5, 4, 6, 66, 86, 46, 26, 24, 84, 44, 2, 82, 41, 0]
Rota do Picker 10: [0, 2, 82, 48, 6, 25, 5, 45, 27, 47, 9, 83, 43, 3, 4, 26, 7, 41, 21, 1, 12, 35, 16, 28, 44, 24, 84, 64, 65, 14, 15, 53, 61, 51, 91, 71, 73, 33, 13, 0]
Rota do Picker 11: [0, 52, 92, 72, 84, 24, 4, 21, 41, 61, 6, 46, 8, 28, 5, 25, 45, 27, 86, 26, 93, 34, 16, 44, 1, 0]
Rota do Picker 12: [0, 12, 13, 33, 32, 52, 42, 71, 91, 14, 4, 44, 64, 24, 1, 21, 41, 61, 25, 45, 15, 35, 73, 53, 2, 6, 0]
Rota do Picker 13: [0, 1, 82, 2, 45, 5, 25, 85, 8, 14, 33, 53, 72, 54, 24, 4, 64, 44, 32, 12, 15, 81, 61, 41, 21, 0]

Caso de teste: SLAPRP_Guo_small_O200_alpha0.2_v10.txt

Distancia Total: 1660.0
Quantidade de Pickers: 13
