Rota do Picker 1: [0, 1, 3, 43, 5, 42, 84, 24, 65, 81, 44, 45, 63, 27, 41, 25, 85, 21, 7, 61, 6, 0]
Rota do Picker 2: [0, 45, 63, 42, 24, 44, 65, 84, 16, 7, 25, 83, 1, 21, 61, 81, 5, 6, 41, 3, 43, 82, 0]
Rota do Picker 3: [0, 62, 42, 82, 3, 5, 81, 61, 41, 21, 1, 85, 64, 16, 36, 6, 83, 43, 74, 27, 25, 45, 44, 8, 47, 0]
Rota do Picker 4: [0, 1, 41, 81, 6, 82, 36, 63, 44, 54, 61, 3, 5, 65, 17, 32, 24, 21, 43, 7, 25, 11, 22, 0]
Rota do Picker 5: [0, 43, 3, 61, 41, 54, 6, 5, 81, 21, 52, 27, 24, 44, 1, 7, 84, 63, 45, 25, 82, 83, 0]
Rota do Picker 6: [0, 1, 21, 41, 5, 25, 43, 36, 44, 61, 81, 3, 12, 65, 6, 45, 64, 37, 82, 83, 84, 7, 54, 0]
Rota do Picker 7: [0, 1, 21, 41, 61, 81, 36, 43, 16, 22, 37, 13, 33, 14, 54, 94, 74, 3, 5, 44, 31, 17, 25, 45, 0]
Rota do Picker 8: [0, 21, 41, 3, 8, 17, 37, 5, 81, 36, 43, 61, 1, 24, 51, 54, 0]
Rota do Picker 9: [0, 84, 43, 7, 8, 65, 45, 25, 61, 1, 81, 82, 27, 46, 6, 64, 44, 3, 42, 24, 85, 5, 41, 0]
Rota do Picker 10: [0, 54, 5, 63, 21, 16, 27, 43, 3, 1, 44, 2, 65, 82, 84, 85, 8, 6, 45, 81, 7, 47, 26, 61, 24, 25, 83, 41, 0]
Rota do Picker 11: [0, 1, 61, 81, 3, 5, 82, 16, 36, 7, 17, 41, 25, 44, 43, 27, 74, 21, 42, 62, 0]
Rota do Picker 12: [0, 54, 25, 21, 16, 65, 5, 43, 3, 1, 74, 46, 83, 63, 81, 61, 41, 24, 6, 64, 44, 42, 62, 82, 45, 17, 0]

Caso de teste: SLAPRP_Guo_small_O200_alpha0.4_v2.txt

Distancia Total: 2014.0
Quantidade de Pickers: 12
