Rota do Picker 1: [0, 1, 0]
Rota do Picker 2: [0, 1, 11, 0]
Rota do Picker 3: [0, 1, 12, 32, 14, 11, 20, 22, 2, 21, 61, 51, 31, 23, 3, 0]
Rota do Picker 4: [0, 20, 13, 12, 1, 21, 41, 2, 22, 3, 11, 52, 32, 31, 51, 23, 0]
Rota do Picker 5: [0, 20, 41, 21, 61, 42, 2, 22, 12, 51, 31, 11, 1, 0]
Rota do Picker 6: [0, 1, 2, 61, 21, 41, 31, 71, 20, 14, 22, 12, 32, 51, 11, 0]
Rota do Picker 7: [0, 71, 11, 31, 51, 41, 1, 21, 52, 12, 3, 22, 2, 32, 13, 0]
Rota do Picker 8: [0, 22, 33, 12, 32, 13, 2, 23, 3, 41, 61, 42, 1, 21, 51, 31, 11, 0]
Rota do Picker 9: [0, 11, 14, 23, 22, 1, 41, 12, 31, 51, 71, 42, 2, 3, 61, 21, 0]
Rota do Picker 10: [0, 11, 1, 21, 41, 42, 3, 2, 33, 14, 12, 32, 31, 71, 20, 0]
Rota do Picker 11: [0, 11, 33, 51, 31, 12, 52, 20, 14, 41, 1, 21, 2, 0]
Rota do Picker 12: [0, 21, 1, 2, 22, 3, 52, 32, 12, 33, 41, 13, 31, 51, 11, 0]
Rota do Picker 13: [0, 21, 1, 31, 51, 12, 13, 20, 52, 42, 61, 71, 11, 2, 22, 3, 0]
Rota do Picker 14: [0, 1, 21, 61, 11, 31, 71, 32, 12, 2, 0]

Caso de teste: SLAPRP_Guo_small_O200_alpha0.3_v8.txt

Distancia Total: 780.0
Quantidade de Pickers: 14
