Rota do Picker 1: [0, 91, 32, 33, 13, 81, 61, 21, 1, 41, 14, 93, 53, 35, 15, 45, 65, 85, 8, 46, 6, 67, 47, 92, 52, 71, 28, 48, 9, 0]
Rota do Picker 2: [0, 14, 16, 53, 8, 7, 6, 66, 86, 35, 15, 33, 52, 32, 13, 81, 61, 41, 21, 1, 0]
Rota do Picker 3: [0, 1, 21, 41, 61, 25, 65, 28, 9, 47, 8, 52, 32, 73, 13, 33, 54, 14, 45, 85, 26, 6, 66, 86, 84, 44, 4, 81, 0]
Rota do Picker 4: [0, 1, 21, 41, 61, 81, 71, 11, 51, 91, 52, 72, 16, 54, 14, 34, 8, 86, 46, 6, 13, 93, 73, 32, 92, 33, 0]
Rota do Picker 5: [0, 14, 13, 81, 41, 21, 61, 62, 23, 63, 65, 45, 7, 27, 32, 72, 52, 53, 15, 16, 44, 4, 1, 0]
Rota do Picker 6: [0, 52, 15, 54, 14, 91, 71, 9, 46, 66, 67, 72, 13, 16, 28, 8, 45, 6, 92, 32, 81, 61, 41, 21, 1, 0]
Rota do Picker 7: [0, 1, 21, 14, 53, 33, 32, 72, 8, 6, 86, 46, 48, 28, 41, 61, 81, 13, 71, 91, 0]
Rota do Picker 8: [0, 1, 61, 81, 32, 72, 14, 34, 46, 28, 8, 6, 66, 45, 53, 33, 13, 41, 21, 0]
Rota do Picker 9: [0, 1, 41, 61, 32, 52, 71, 16, 15, 13, 21, 81, 35, 46, 86, 66, 6, 45, 4, 44, 47, 67, 0]
Rota do Picker 10: [0, 1, 41, 61, 13, 32, 52, 72, 14, 21, 81, 4, 7, 27, 64, 6, 5, 54, 71, 91, 0]
Rota do Picker 11: [0, 71, 1, 6, 4, 24, 15, 93, 33, 41, 13, 73, 32, 72, 53, 14, 81, 61, 21, 0]
Rota do Picker 12: [0, 52, 92, 32, 61, 21, 81, 41, 13, 33, 34, 14, 35, 7, 4, 65, 45, 6, 48, 44, 64, 1, 71, 51, 0]

Caso de teste: SLAPRP_Guo_small_O200_alpha0.2_v10.txt

Distancia Total: 1398.0
Quantidade de Pickers: 12
