Rota do Picker 1: [0, 26, 46, 8, 27, 87, 50, 7, 47, 9, 10, 45, 65, 84, 64, 68, 30, 67, 83, 70, 0]
Rota do Picker 2: [0, 7, 27, 30, 50, 37, 64, 68, 67, 65, 47, 26, 1, 70, 84, 45, 46, 9, 8, 87, 2, 17, 0]
Rota do Picker 3: [0, 12, 55, 37, 40, 93, 11, 18, 98, 94, 7, 75, 74, 76, 0]
Rota do Picker 4: [0, 65, 64, 87, 9, 19, 68, 2, 1, 8, 50, 20, 84, 30, 7, 67, 70, 40, 45, 10, 28, 21, 37, 27, 46, 26, 0]
Rota do Picker 5: [0, 1, 64, 9, 30, 68, 17, 40, 10, 37, 0]

Caso de teste: SLAPRP_Guo_small_O50_alpha0.3_v7.txt

Distancia Total: 894.0
Quantidade de Pickers: 5
