Rota do Picker 1: [0, 2, 3, 45, 8, 47, 14, 40, 60, 0]
Rota do Picker 2: [0, 27, 3, 41, 45, 43, 23, 50, 97, 26, 2, 21, 42, 1, 4, 8, 20, 30, 10, 46, 13, 47, 61, 40, 0]
Rota do Picker 3: [0, 46, 7, 47, 62, 30, 52, 10, 42, 97, 27, 61, 20, 1, 4, 50, 40, 45, 26, 2, 60, 8, 3, 41, 21, 93, 0]
Rota do Picker 4: [0, 21, 2, 3, 45, 30, 7, 23, 61, 4, 47, 1, 22, 46, 27, 8, 26, 41, 10, 14, 0]
Rota do Picker 5: [0, 21, 2, 45, 27, 10, 30, 46, 62, 9, 61, 87, 4, 8, 47, 42, 50, 41, 26, 3, 7, 0]
Rota do Picker 6: [0, 61, 50, 2, 47, 97, 4, 8, 27, 45, 62, 41, 30, 10, 46, 26, 43, 23, 3, 21, 42, 0]
Rota do Picker 7: [0, 42, 45, 27, 46, 20, 40, 0]
Rota do Picker 8: [0, 21, 2, 13, 93, 52, 50, 7, 43, 97, 3, 23, 45, 8, 27, 20, 30, 40, 10, 14, 46, 42, 41, 26, 60, 47, 1, 62, 0]
Rota do Picker 9: [0, 9, 87, 7, 42, 61, 2, 26, 46, 27, 1, 3, 30, 62, 50, 47, 8, 4, 10, 45, 41, 21, 0]
Rota do Picker 10: [0, 1, 21, 61, 2, 13, 93, 52, 45, 97, 60, 75, 32, 37, 55, 41, 20, 26, 10, 40, 18, 42, 0]
Rota do Picker 11: [0, 27, 62, 2, 97, 45, 10, 8, 46, 26, 41, 21, 1, 42, 61, 7, 52, 47, 23, 4, 3, 60, 0]
Rota do Picker 12: [0, 1, 21, 41, 26, 46, 27, 93, 9, 7, 45, 8, 2, 62, 47, 61, 10, 4, 50, 42, 0]
Rota do Picker 13: [0, 42, 18, 39, 61, 20, 97, 14, 76, 37, 32, 77, 60, 2, 52, 75, 96, 40, 78, 55, 93, 13, 41, 21, 1, 47, 0]
Rota do Picker 14: [0, 2, 50, 40, 30, 1, 87, 10, 61, 41, 26, 45, 21, 7, 9, 3, 27, 46, 62, 8, 47, 42, 0]

Caso de teste: SLAPRP_Guo_small_O200_alpha0.4_v4.txt

Distancia Total: 2668.0
Quantidade de Pickers: 14
