Rota do Picker 1: [0, 22, 42, 9, 30, 61, 4, 26, 66, 8, 87, 21, 67, 23, 65, 45, 48, 10, 27, 7, 28, 0]
Rota do Picker 2: [0, 22, 7, 27, 87, 52, 72, 36, 40, 0]
Rota do Picker 3: [0, 26, 66, 45, 14, 20, 51, 11, 42, 55, 9, 65, 22, 2, 72, 28, 1, 3, 4, 37, 76, 87, 13, 10, 71, 41, 21, 61, 8, 40, 7, 27, 36, 96, 0]
Rota do Picker 4: [0, 22, 8, 27, 67, 66, 76, 26, 23, 17, 42, 45, 9, 37, 33, 4, 87, 7, 48, 51, 1, 21, 41, 3, 10, 20, 30, 14, 55, 0]
Rota do Picker 5: [0, 28, 21, 61, 30, 48, 76, 66, 8, 23, 2, 67, 65, 22, 7, 27, 87, 45, 42, 1, 26, 9, 10, 0]
Rota do Picker 6: [0, 21, 10, 67, 87, 28, 23, 66, 30, 4, 8, 42, 45, 48, 9, 27, 7, 22, 41, 61, 2, 26, 0]
Rota do Picker 7: [0, 21, 27, 87, 36, 20, 41, 17, 42, 26, 66, 40, 1, 14, 13, 32, 59, 55, 37, 12, 79, 51, 22, 7, 18, 94, 74, 31, 11, 45, 0]

Caso de teste: SLAPRP_Guo_small_O100_alpha0.2_v7.txt

Distancia Total: 1460.0
Quantidade de Pickers: 7
