Rota do Picker 1: [0, 1, 0]
Rota do Picker 2: [0, 1, 21, 61, 81, 41, 2, 22, 42, 62, 3, 11, 31, 0]
Rota do Picker 3: [0, 1, 2, 42, 62, 22, 3, 23, 4, 21, 41, 81, 61, 31, 11, 0]
Rota do Picker 4: [0, 31, 4, 81, 41, 21, 61, 1, 22, 42, 62, 2, 3, 11, 0]
Rota do Picker 5: [0, 4, 23, 3, 22, 62, 2, 11, 31, 61, 81, 41, 21, 1, 0]
Rota do Picker 6: [0, 22, 62, 42, 4, 1, 21, 41, 81, 61, 3, 23, 2, 11, 0]
Rota do Picker 7: [0, 31, 2, 62, 42, 22, 61, 41, 21, 1, 3, 0]
Rota do Picker 8: [0, 21, 81, 61, 41, 1, 3, 23, 4, 42, 22, 2, 0]
Rota do Picker 9: [0, 3, 23, 4, 62, 42, 22, 2, 61, 41, 21, 1, 0]
Rota do Picker 10: [0, 21, 81, 3, 23, 62, 42, 22, 2, 61, 41, 1, 11, 31, 0]
Rota do Picker 11: [0, 4, 2, 62, 22, 42, 23, 3, 61, 11, 31, 81, 41, 21, 1, 0]
Rota do Picker 12: [0, 21, 3, 81, 61, 41, 1, 2, 4, 23, 42, 22, 11, 31, 0]
Rota do Picker 13: [0, 21, 1, 2, 22, 62, 3, 23, 4, 41, 61, 81, 11, 0]

Caso de teste: SLAPRP_Guo_small_O200_alpha0.3_v10.txt

Distancia Total: 478.0
Quantidade de Pickers: 13
