Rota do Picker 1: [0, 22, 42, 23, 95, 45, 12, 35, 57, 21, 41, 61, 62, 82, 38, 52, 19, 36, 4, 16, 56, 55, 15, 43, 3, 1, 18, 0]
Rota do Picker 2: [0, 22, 15, 96, 52, 92, 5, 16, 56, 14, 41, 57, 17, 23, 3, 12, 34, 33, 13, 55, 51, 71, 75, 18, 1, 94, 36, 37, 76, 74, 0]
Rota do Picker 3: [0, 17, 25, 62, 55, 41, 43, 63, 57, 81, 61, 6, 15, 5, 19, 33, 13, 23, 3, 21, 1, 52, 42, 22, 4, 38, 0]
Rota do Picker 4: [0, 21, 41, 14, 34, 24, 94, 63, 95, 25, 33, 13, 12, 76, 1, 31, 15, 96, 18, 19, 23, 61, 56, 16, 52, 42, 22, 3, 17, 55, 35, 0]
Rota do Picker 5: [0, 21, 22, 42, 3, 52, 74, 94, 17, 15, 23, 1, 35, 81, 41, 82, 56, 75, 16, 0]
Rota do Picker 6: [0, 43, 63, 82, 22, 41, 61, 52, 44, 24, 23, 3, 21, 1, 2, 83, 55, 25, 6, 26, 35, 42, 12, 4, 5, 62, 0]
Rota do Picker 7: [0, 92, 57, 22, 37, 75, 55, 35, 23, 3, 13, 61, 81, 52, 95, 54, 19, 12, 17, 34, 14, 51, 43, 63, 16, 15, 41, 21, 1, 42, 76, 94, 0]
Rota do Picker 8: [0, 26, 71, 51, 83, 52, 12, 5, 23, 3, 1, 82, 63, 24, 25, 37, 6, 61, 76, 64, 44, 21, 22, 42, 62, 41, 43, 91, 0]
Rota do Picker 9: [0, 81, 61, 14, 41, 21, 25, 95, 55, 42, 22, 94, 93, 73, 16, 32, 12, 18, 83, 36, 1, 3, 23, 52, 15, 17, 37, 11, 34, 63, 38, 56, 82, 51, 91, 96, 0]
Rota do Picker 10: [0, 17, 13, 41, 22, 56, 76, 36, 16, 62, 42, 75, 53, 33, 43, 93, 15, 52, 23, 3, 21, 1, 55, 95, 5, 45, 14, 34, 37, 0]
Rota do Picker 11: [0, 62, 41, 4, 24, 6, 25, 82, 44, 81, 63, 5, 83, 42, 1, 26, 43, 52, 22, 23, 3, 21, 0]

Caso de teste: SLAPRP_Guo_small_O200_alpha0.2_v5.txt

Distancia Total: 2314.0
Quantidade de Pickers: 11
