Rota do Picker 1: [0, 1, 21, 22, 42, 14, 33, 16, 23, 41, 37, 17, 24, 3, 61, 81, 13, 4, 55, 75, 0]
Rota do Picker 2: [0, 1, 21, 41, 3, 23, 71, 91, 16, 93, 42, 22, 4, 24, 33, 53, 83, 64, 14, 63, 61, 0]
Rota do Picker 3: [0, 1, 21, 61, 81, 14, 41, 2, 0]
Rota do Picker 4: [0, 81, 61, 1, 41, 14, 62, 42, 22, 3, 21, 4, 64, 37, 92, 52, 23, 63, 45, 6, 26, 24, 5, 44, 25, 83, 43, 0]
Rota do Picker 5: [0, 54, 16, 4, 23, 3, 41, 21, 72, 1, 61, 14, 34, 17, 33, 53, 71, 91, 74, 56, 73, 93, 13, 32, 15, 35, 94, 36, 52, 22, 42, 0]

Caso de teste: SLAPRP_Guo_small_O50_alpha0.4_v9.txt

Distancia Total: 630.0
Quantidade de Pickers: 5
