Rota do Picker 1: [0, 37, 57, 89, 9, 8, 46, 26, 27, 7, 10, 50, 87, 47, 28, 36, 76, 40, 60, 20, 85, 45, 69, 48, 30, 84, 64, 0]
Rota do Picker 2: [0, 2, 21, 1, 12, 37, 57, 76, 40, 20, 65, 47, 27, 7, 26, 46, 69, 10, 9, 48, 28, 8, 45, 85, 0]
Rota do Picker 3: [0, 12, 85, 48, 69, 9, 27, 7, 2, 74, 94, 55, 18, 20, 59, 36, 17, 45, 87, 30, 50, 89, 26, 46, 1, 37, 60, 57, 47, 8, 28, 84, 31, 0]
Rota do Picker 4: [0, 11, 45, 89, 69, 9, 8, 10, 30, 28, 46, 26, 1, 21, 96, 76, 20, 40, 18, 59, 39, 0]
Rota do Picker 5: [0, 1, 7, 46, 27, 41, 20, 12, 74, 18, 38, 98, 60, 40, 96, 39, 55, 57, 37, 26, 65, 45, 47, 9, 10, 50, 28, 8, 0]
Rota do Picker 6: [0, 1, 21, 41, 46, 7, 50, 87, 45, 65, 85, 8, 27, 47, 9, 10, 26, 31, 38, 11, 0]

Caso de teste: SLAPRP_Guo_small_O100_alpha0.4_v3.txt

Distancia Total: 960.0
Quantidade de Pickers: 6
