Rota do Picker 1: [0, 64, 62, 22, 24, 1, 81, 43, 7, 26, 23, 6, 45, 5, 4, 41, 21, 65, 46, 8, 3, 25, 83, 63, 82, 42, 0]
Rota do Picker 2: [0, 1, 46, 21, 41, 4, 26, 27, 25, 7, 45, 65, 64, 43, 23, 44, 3, 24, 8, 6, 5, 22, 2, 0]
Rota do Picker 3: [0, 23, 6, 5, 61, 41, 81, 43, 44, 24, 4, 21, 1, 26, 54, 74, 83, 7, 82, 25, 64, 42, 22, 65, 27, 0]
Rota do Picker 4: [0, 4, 61, 41, 35, 65, 8, 23, 22, 21, 1, 42, 45, 3, 43, 64, 83, 5, 63, 25, 0]
Rota do Picker 5: [0, 35, 25, 62, 42, 3, 1, 21, 41, 61, 63, 83, 43, 81, 23, 22, 5, 82, 64, 4, 8, 52, 32, 0]
Rota do Picker 6: [0, 27, 44, 4, 42, 63, 7, 83, 26, 8, 41, 45, 64, 24, 21, 82, 25, 5, 62, 22, 6, 43, 23, 1, 3, 73, 0]
Rota do Picker 7: [0, 1, 5, 23, 24, 22, 4, 25, 45, 43, 8, 63, 82, 62, 64, 7, 83, 42, 46, 6, 21, 26, 44, 41, 3, 0]
Rota do Picker 8: [0, 92, 73, 5, 74, 52, 13, 43, 23, 21, 1, 81, 93, 61, 41, 0]
Rota do Picker 9: [0, 5, 23, 1, 4, 24, 43, 82, 83, 26, 25, 63, 3, 21, 22, 62, 27, 65, 41, 0]
Rota do Picker 10: [0, 1, 41, 61, 4, 17, 91, 33, 21, 82, 83, 45, 26, 23, 3, 43, 7, 25, 5, 8, 6, 64, 44, 24, 65, 27, 63, 46, 81, 0]
Rota do Picker 11: [0, 36, 62, 8, 7, 82, 83, 64, 24, 81, 44, 22, 42, 65, 46, 61, 26, 1, 21, 41, 4, 6, 3, 23, 43, 5, 63, 18, 0]
Rota do Picker 12: [0, 21, 41, 61, 52, 92, 34, 55, 74, 15, 91, 37, 33, 93, 54, 14, 12, 51, 35, 1, 0]
Rota do Picker 13: [0, 27, 61, 25, 81, 24, 26, 64, 5, 43, 23, 4, 41, 21, 1, 22, 42, 45, 46, 52, 6, 0]

Caso de teste: SLAPRP_Guo_small_O200_alpha0.3_v4.txt

Distancia Total: 1934.0
Quantidade de Pickers: 13
