Rota do Picker 1: [0, 12, 32, 33, 13, 51, 11, 31, 22, 42, 2, 1, 21, 0]
Rota do Picker 2: [0, 21, 41, 2, 31, 51, 22, 42, 3, 1, 11, 52, 32, 12, 0]
Rota do Picker 3: [0, 51, 11, 31, 12, 32, 13, 33, 41, 21, 1, 2, 22, 3, 0]
Rota do Picker 4: [0, 21, 1, 41, 13, 12, 32, 52, 42, 22, 2, 3, 11, 0]
Rota do Picker 5: [0, 31, 12, 1, 3, 42, 22, 2, 23, 11, 33, 13, 52, 32, 41, 21, 0]
Rota do Picker 6: [0, 21, 41, 1, 13, 33, 31, 51, 32, 52, 12, 11, 23, 3, 2, 42, 22, 0]
Rota do Picker 7: [0, 3, 1, 21, 11, 31, 23, 41, 22, 42, 2, 12, 32, 0]
Rota do Picker 8: [0, 21, 1, 22, 32, 12, 13, 3, 23, 33, 31, 11, 41, 2, 0]
Rota do Picker 9: [0, 11, 13, 52, 41, 22, 42, 2, 1, 21, 12, 32, 31, 51, 0]
Rota do Picker 10: [0, 21, 1, 2, 22, 42, 3, 12, 51, 11, 33, 13, 41, 31, 52, 32, 0]
Rota do Picker 11: [0, 21, 3, 1, 22, 2, 11, 51, 31, 13, 12, 0]
Rota do Picker 12: [0, 21, 2, 22, 41, 23, 3, 51, 11, 31, 12, 33, 1, 0]

Caso de teste: SLAPRP_Guo_small_O200_alpha0.2_v2.txt

Distancia Total: 580.0
Quantidade de Pickers: 12
