Rota do Picker 1: [0, 1, 0]
Rota do Picker 2: [0, 1, 0]
Rota do Picker 3: [0, 1, 0]
Rota do Picker 4: [0, 14, 54, 74, 20, 18, 42, 24, 4, 81, 61, 3, 34, 58, 19, 36, 93, 73, 53, 33, 13, 5, 21, 1, 0]
Rota do Picker 5: [0, 1, 61, 81, 13, 53, 73, 33, 93, 18, 58, 39, 19, 23, 3, 43, 71, 72, 16, 20, 51, 21, 41, 0]
Rota do Picker 6: [0, 1, 21, 41, 16, 58, 18, 19, 15, 24, 4, 23, 63, 76, 36, 33, 13, 74, 54, 34, 14, 61, 81, 0]
Rota do Picker 7: [0, 91, 71, 21, 1, 42, 56, 18, 74, 34, 54, 16, 36, 96, 93, 53, 33, 13, 61, 41, 14, 20, 19, 35, 15, 43, 4, 22, 24, 0]
Rota do Picker 8: [0, 4, 21, 1, 13, 33, 73, 93, 53, 56, 36, 39, 19, 20, 40, 81, 41, 16, 96, 14, 0]
Rota do Picker 9: [0, 71, 91, 15, 74, 54, 34, 14, 41, 21, 1, 61, 23, 43, 5, 42, 13, 33, 53, 73, 93, 56, 96, 16, 0]
Rota do Picker 10: [0, 13, 33, 53, 73, 14, 34, 57, 38, 18, 76, 16, 1, 41, 21, 24, 36, 56, 39, 58, 31, 5, 23, 22, 43, 3, 61, 0]
Rota do Picker 11: [0, 1, 41, 21, 13, 33, 73, 93, 53, 36, 16, 74, 54, 34, 14, 23, 4, 3, 82, 0]
Rota do Picker 12: [0, 1, 21, 5, 4, 63, 15, 55, 35, 40, 20, 96, 36, 3, 61, 81, 71, 91, 58, 39, 19, 16, 43, 23, 82, 73, 53, 33, 13, 0]
Rota do Picker 13: [0, 41, 1, 61, 21, 81, 13, 33, 53, 73, 93, 16, 19, 96, 15, 35, 42, 3, 23, 71, 91, 0]
Rota do Picker 14: [0, 34, 74, 54, 14, 15, 4, 71, 41, 81, 33, 13, 1, 21, 3, 23, 42, 0]

Caso de teste: SLAPRP_Guo_small_O200_alpha0.4_v9.txt

Distancia Total: 1244.0
Quantidade de Pickers: 14
