Rota do Picker 1: [0, 11, 31, 51, 21, 1, 22, 2, 42, 3, 12, 32, 13, 33, 0]
Rota do Picker 2: [0, 3, 2, 21, 1, 22, 13, 33, 11, 52, 12, 31, 0]
Rota do Picker 3: [0, 51, 33, 21, 1, 41, 31, 12, 52, 32, 11, 23, 3, 2, 22, 42, 0]
Rota do Picker 4: [0, 1, 21, 41, 12, 52, 32, 11, 51, 31, 2, 22, 3, 23, 0]
Rota do Picker 5: [0, 31, 11, 12, 32, 2, 23, 41, 52, 3, 22, 42, 21, 1, 0]
Rota do Picker 6: [0, 13, 33, 32, 12, 51, 31, 11, 1, 21, 41, 2, 22, 42, 0]
Rota do Picker 7: [0, 1, 2, 3, 23, 22, 21, 41, 52, 12, 51, 31, 11, 0]
Rota do Picker 8: [0, 1, 41, 21, 2, 22, 3, 23, 12, 52, 32, 13, 51, 31, 11, 0]
Rota do Picker 9: [0, 1, 21, 41, 2, 22, 12, 32, 11, 31, 51, 52, 3, 23, 0]
Rota do Picker 10: [0, 1, 13, 32, 12, 11, 42, 2, 22, 3, 21, 41, 51, 31, 0]
Rota do Picker 11: [0, 21, 1, 41, 2, 52, 13, 32, 12, 42, 22, 3, 23, 11, 51, 0]
Rota do Picker 12: [0, 1, 21, 41, 2, 22, 42, 13, 11, 31, 51, 12, 0]

Caso de teste: SLAPRP_Guo_small_O200_alpha0.3_v8.txt

Distancia Total: 540.0
Quantidade de Pickers: 12
