Rota do Picker 1: [0, 21, 3, 43, 4, 34, 0]
Rota do Picker 2: [0, 1, 21, 41, 61, 81, 25, 7, 3, 63, 16, 35, 55, 15, 56, 83, 64, 44, 4, 6, 36, 0]
Rota do Picker 3: [0, 1, 61, 81, 3, 4, 15, 34, 74, 54, 41, 21, 35, 55, 25, 83, 8, 27, 82, 0]
Rota do Picker 4: [0, 1, 41, 4, 6, 82, 42, 8, 26, 21, 73, 17, 94, 3, 16, 36, 84, 44, 81, 61, 0]
Rota do Picker 5: [0, 34, 84, 64, 4, 3, 81, 41, 1, 21, 16, 14, 54, 94, 74, 82, 42, 36, 56, 17, 7, 44, 61, 0]
Rota do Picker 6: [0, 34, 74, 42, 61, 36, 15, 83, 7, 8, 45, 65, 5, 25, 46, 24, 44, 4, 3, 81, 41, 21, 1, 0]
Rota do Picker 7: [0, 1, 81, 21, 41, 61, 3, 4, 6, 46, 45, 65, 17, 36, 54, 94, 75, 55, 25, 5, 63, 43, 42, 73, 35, 0]
Rota do Picker 8: [0, 45, 44, 84, 3, 42, 63, 23, 36, 16, 73, 54, 46, 81, 21, 41, 61, 64, 4, 25, 6, 1, 0]
Rota do Picker 9: [0, 73, 21, 3, 41, 1, 61, 81, 94, 54, 75, 56, 16, 4, 44, 84, 7, 46, 42, 0]
Rota do Picker 10: [0, 15, 35, 42, 64, 44, 4, 8, 81, 61, 21, 1, 7, 46, 27, 63, 3, 84, 74, 34, 41, 0]
Rota do Picker 11: [0, 34, 17, 81, 61, 1, 42, 82, 15, 55, 35, 93, 73, 27, 7, 6, 44, 4, 3, 63, 41, 21, 0]
Rota do Picker 12: [0, 25, 61, 21, 6, 7, 55, 75, 16, 33, 41, 1, 64, 44, 15, 54, 34, 32, 81, 4, 24, 63, 3, 82, 42, 0]
Rota do Picker 13: [0, 51, 1, 41, 81, 21, 61, 3, 42, 82, 27, 46, 63, 83, 34, 54, 94, 74, 6, 4, 64, 17, 0]

Caso de teste: SLAPRP_Guo_small_O200_alpha0.3_v7.txt

Distancia Total: 1544.0
Quantidade de Pickers: 13
