Rota do Picker 1: [0, 1, 21, 7, 26, 17, 55, 13, 5, 63, 3, 41, 61, 81, 62, 24, 64, 25, 0]
Rota do Picker 2: [0, 19, 41, 21, 1, 61, 3, 63, 43, 5, 24, 25, 6, 93, 13, 23, 0]
Rota do Picker 3: [0, 45, 6, 61, 21, 3, 83, 63, 95, 75, 56, 22, 1, 81, 41, 5, 16, 37, 18, 93, 13, 0]
Rota do Picker 4: [0, 21, 41, 61, 81, 3, 24, 64, 74, 16, 56, 17, 45, 84, 6, 63, 5, 36, 75, 13, 1, 0]
Rota do Picker 5: [0, 21, 1, 41, 61, 81, 4, 44, 64, 5, 25, 62, 6, 43, 83, 26, 24, 3, 0]
Rota do Picker 6: [0, 21, 1, 41, 81, 61, 3, 7, 13, 93, 55, 37, 31, 94, 36, 0]

Caso de teste: SLAPRP_Guo_small_O100_alpha0.2_v4.txt

Distancia Total: 634.0
Quantidade de Pickers: 6
