Rota do Picker 1: [0, 1, 32, 3, 71, 91, 19, 21, 41, 39, 17, 35, 15, 53, 33, 97, 43, 36, 16, 73, 13, 12, 94, 61, 77, 93, 74, 54, 14, 75, 34, 52, 55, 0]
Rota do Picker 2: [0, 1, 3, 13, 33, 93, 23, 53, 34, 20, 43, 17, 52, 12, 77, 36, 16, 95, 55, 75, 5, 37, 35, 15, 32, 91, 19, 18, 14, 54, 76, 0]
Rota do Picker 3: [0, 75, 93, 56, 77, 18, 54, 39, 76, 73, 13, 91, 57, 38, 34, 35, 15, 32, 21, 55, 96, 36, 16, 33, 41, 20, 5, 17, 53, 31, 52, 12, 1, 4, 0]
Rota do Picker 4: [0, 97, 56, 36, 16, 52, 19, 32, 39, 38, 61, 21, 77, 42, 33, 13, 57, 96, 95, 75, 43, 20, 53, 55, 35, 15, 12, 37, 17, 54, 34, 14, 1, 76, 0]
Rota do Picker 5: [0, 20, 1, 17, 32, 12, 52, 34, 19, 53, 36, 76, 75, 37, 35, 15, 96, 55, 14, 74, 95, 54, 58, 38, 18, 77, 39, 56, 16, 13, 94, 33, 93, 3, 0]
Rota do Picker 6: [0, 1, 21, 13, 33, 34, 23, 93, 51, 91, 76, 14, 42, 35, 15, 5, 38, 32, 19, 36, 16, 52, 12, 43, 3, 53, 77, 17, 62, 54, 94, 41, 20, 0]
Rota do Picker 7: [0, 52, 35, 55, 14, 42, 62, 97, 57, 22, 94, 95, 19, 93, 24, 39, 1, 21, 41, 13, 33, 53, 17, 12, 32, 15, 34, 54, 3, 91, 43, 23, 16, 36, 0]
Rota do Picker 8: [0, 1, 21, 81, 34, 93, 42, 41, 4, 14, 54, 76, 5, 91, 94, 74, 33, 13, 43, 24, 3, 12, 52, 32, 53, 17, 23, 0]
Rota do Picker 9: [0, 33, 13, 24, 73, 15, 35, 55, 23, 91, 42, 22, 32, 57, 14, 93, 62, 43, 54, 52, 12, 38, 34, 61, 41, 21, 1, 53, 17, 5, 0]
Rota do Picker 10: [0, 94, 74, 57, 35, 15, 41, 21, 33, 39, 71, 36, 16, 58, 38, 17, 14, 3, 76, 13, 1, 12, 34, 19, 77, 20, 43, 32, 52, 53, 18, 93, 54, 56, 91, 0]
Rota do Picker 11: [0, 12, 32, 16, 56, 5, 39, 91, 75, 53, 21, 35, 15, 72, 52, 18, 19, 82, 54, 92, 57, 14, 20, 62, 41, 58, 24, 55, 17, 42, 1, 34, 13, 33, 36, 3, 0]
Rota do Picker 12: [0, 3, 22, 53, 24, 32, 41, 21, 61, 12, 4, 5, 1, 23, 52, 43, 63, 0]

Caso de teste: SLAPRP_Guo_small_O200_alpha0.4_v5.txt

Distancia Total: 2824.0
Quantidade de Pickers: 12
