SKUs: 40
Pedidos: 202

Primeiro pedido:
Order(1, [1, 3, 4, 5, 6, 9, 13])

Ultimo pedido:
Order(202, [1, 6, 7, 8, 9, 12, 25])

Location(1, 1, -1, 20)
Location(2, 1, -2, 20)
Location(3, 1, -3, 20)
Location(4, 1, -4, 20)
Location(5, 1, -5, 20)
Location(6, 1, -6, 20)
Location(7, 1, -7, 20)
Location(8, 1, -8, 20)
Location(9, 1, -9, 20)
Location(10, 1, -10, 40)
Location(11, 1, 1, 20)
Location(12, 1, 2, 20)
Location(13, 1, 3, 20)
Location(14, 1, 4, 20)
Location(15, 1, 5, 20)
Location(16, 1, 6, 20)
Location(17, 1, 7, 20)
Location(18, 1, 8, 20)
Location(19, 1, 9, 20)
Location(20, 1, 10, 40)
Location(21, 2, -1, 20)
Location(22, 2, -2, 20)
Location(23, 2, -3, 20)
Location(24, 2, -4, 20)
Location(25, 2, -5, 20)
Location(26, 2, -6, 20)
Location(27, 2, -7, 20)
Location(28, 2, -8, 20)
Location(29, 2, -9, 20)
Location(30, 2, -10, 40)
Location(31, 2, 1, 20)
Location(32, 2, 2, 20)
Location(33, 2, 3, 20)
Location(34, 2, 4, 20)
Location(35, 2, 5, 20)
Location(36, 2, 6, 20)
Location(37, 2, 7, 20)
Location(38, 2, 8, 20)
Location(39, 2, 9, 20)
Location(40, 2, 10, 40)
Location(41, 3, -1, 20)
Location(42, 3, -2, 20)
Location(43, 3, -3, 20)
Location(44, 3, -4, 20)
Location(45, 3, -5, 20)
Location(46, 3, -6, 20)
Location(47, 3, -7, 20)
Location(48, 3, -8, 20)
Location(49, 3, -9, 20)
Location(50, 3, -10, 40)
Location(51, 3, 1, 20)
Location(52, 3, 2, 20)
Location(53, 3, 3, 20)
Location(54, 3, 4, 20)
Location(55, 3, 5, 20)
Location(56, 3, 6, 20)
Location(57, 3, 7, 20)
Location(58, 3, 8, 20)
Location(59, 3, 9, 20)
Location(60, 3, 10, 40)
Location(61, 4, -1, 20)
Location(62, 4, -2, 20)
Location(63, 4, -3, 20)
Location(64, 4, -4, 20)
Location(65, 4, -5, 20)
Location(66, 4, -6, 20)
Location(67, 4, -7, 20)
Location(68, 4, -8, 20)
Location(69, 4, -9, 20)
Location(70, 4, -10, 40)
Location(71, 4, 1, 20)
Location(72, 4, 2, 20)
Location(73, 4, 3, 20)
Location(74, 4, 4, 20)
Location(75, 4, 5, 20)
Location(76, 4, 6, 20)
Location(77, 4, 7, 20)
Location(78, 4, 8, 20)
Location(79, 4, 9, 20)
Location(80, 4, 10, 40)
Location(81, 5, -1, 20)
Location(82, 5, -2, 20)
Location(83, 5, -3, 20)
Location(84, 5, -4, 20)
Location(85, 5, -5, 20)
Location(86, 5, -6, 20)
Location(87, 5, -7, 20)
Location(88, 5, -8, 20)
Location(89, 5, -9, 20)
Location(90, 5, -10, 40)
Location(91, 5, 1, 20)
Location(92, 5, 2, 20)
Location(93, 5, 3, 20)
Location(94, 5, 4, 20)
Location(95, 5, 5, 20)
Location(96, 5, 6, 20)
Location(97, 5, 7, 20)
Location(98, 5, 8, 20)
Location(99, 5, 9, 20)
Location(100, 5, 10, 40)

Frequencias: [90, 82, 82, 83, 78, 85, 86, 86, 35, 6, 8, 9, 21, 10, 12, 10, 4, 13, 26, 25, 10, 7, 8, 9, 19, 22, 12, 31, 12, 12, 6, 23, 7, 11, 17, 27, 23, 9, 0, 0]

Matriz de coocorrencia: 
40×40 Matrix{Int64}:
  0  40  42  37  39  44  35  42  16  3  4  5  10  3  3  5  2  4  14   8  4  3  4  2  10  11  2   9  4  8  2   8  4  6   8  10  12  4  0  0
 40   0  38  40  33  35  36  37  12  3  4  5  10  7  5  4  1  7   8  10  7  3  2  3  11   8  6   9  5  4  2  10  2  5  10  13  10  2  0  0
 42  38   0  38  33  38  37  35  13  4  4  3  11  3  7  4  1  7   8   7  4  3  3  4   4  12  5  17  6  9  3   6  2  5   7  12  10  4  0  0
 37  40  38   0  34  37  42  37  15  3  4  1  11  4  8  3  1  8  11  14  2  4  4  2  10  13  7  10  6  4  1   8  1  2   8   7   9  5  0  0
 39  33  33  34   0  39  37  36  13  0  2  6  12  3  4  2  1  3  10   7  4  1  4  4   6   9  7  12  2  4  4   9  3  3   7  11   7  3  0  0
 44  35  38  37  39   0  41  40  17  3  3  5   9  3  5  3  1  3  15  13  4  2  2  2   8   7  2  15  7  4  2   9  5  4   8  11  11  3  0  0
 35  36  37  42  37  41   0  44  14  2  3  5   7  6  6  6  2  7  10  13  4  2  2  2   4   7  4  18  4  3  3   7  3  5   7  10  10  2  0  0
 42  37  35  37  36  40  44   0  15  3  3  5   8  4  8  2  2  3  13  12  5  2  1  4   8  10  4  10  4  6  3  12  4  7   6  11   9  3  0  0
 16  12  13  15  13  17  14  15   0  1  0  2   2  2  5  0  0  0   2   2  1  0  2  0   2   4  3   0  4  4  1   3  1  0   1   0   1  2  0  0
  3   3   4   3   0   3   2   3   1  0  2  0   0  1  0  0  0  1   1   2  0  1  1  0   0   2  0   1  0  0  0   0  0  1   0   1   2  0  0  0
  4   4   4   4   2   3   3   3   0  2  0  1   0  0  0  0  1  1   1   2  2  1  0  1   0   1  0   2  0  0  0   2  0  0   1   2   0  0  0  0
  5   5   3   1   6   5   5   5   2  0  1  0   1  0  1  0  0  0   0   1  0  0  0  0   2   1  0   0  0  1  1   3  0  1   1   0   0  0  0  0
 10  10  11  11  12   9   7   8   2  0  0  1   0  0  1  1  0  2   1   1  2  1  1  2   1   1  2   0  3  1  0   1  0  1   1   0   0  1  0  0
  3   7   3   4   3   3   6   4   2  1  0  0   0  0  1  2  0  2   0   0  1  0  1  0   2   2  0   1  1  0  0   1  0  0   1   4   2  0  0  0
  3   5   7   8   4   5   6   8   5  0  0  1   1  1  0  0  0  0   0   0  1  0  0  0   0   1  1   3  1  3  0   1  0  0   3   2   0  1  0  0
  5   4   4   3   2   3   6   2   0  0  0  0   1  2  0  0  1  0   1   1  0  0  0  0   3   0  1   1  0  1  0   1  0  1   1   0   3  1  0  0
  2   1   1   1   1   1   2   2   0  0  1  0   0  0  0  1  0  0   1   0  0  0  0  1   0   0  0   2  0  0  1   0  0  0   0   0   1  0  0  0
  4   7   7   8   3   3   7   3   0  1  1  0   2  2  0  0  0  0   0   3  2  0  2  2   0   1  2   1  0  0  1   1  0  2   1   4   2  0  0  0
 14   8   8  11  10  15  10  13   2  1  1  0   1  0  0  1  1  0   0   1  1  2  2  0   3   1  3   2  4  0  2   2  2  0   2   1   1  2  0  0
  8  10   7  14   7  13  13  12   2  2  2  1   1  0  0  1  0  3   1   0  2  1  0  2   1   0  1   3  1  0  0   0  1  4   2   3   1  2  0  0
  4   7   4   2   4   4   4   5   1  0  2  0   2  1  1  0  0  2   1   2  0  0  0  0   0   1  0   0  0  0  0   1  0  1   0   3   1  0  0  0
  3   3   3   4   1   2   2   2   0  1  1  0   1  0  0  0  0  0   2   1  0  0  0  1   2   1  1   2  1  0  0   1  0  1   0   1   0  1  0  0
  4   2   3   4   4   2   2   1   2  1  0  0   1  1  0  0  0  2   2   0  0  0  0  1   0   0  1   0  1  1  0   0  0  0   0   3   1  0  0  0
  2   3   4   2   4   2   2   4   0  0  1  0   2  0  0  0  1  2   0   2  0  1  1  0   1   0  0   2  0  0  0   1  0  2   0   2   0  1  0  0
 10  11   4  10   6   8   4   8   2  0  0  2   1  2  0  3  0  0   3   1  0  2  0  1   0   0  3   0  0  0  0   1  1  3   1   1   2  1  0  0
 11   8  12  13   9   7   7  10   4  2  1  1   1  2  1  0  0  1   1   0  1  1  0  0   0   0  2   0  1  0  1   2  0  1   4   1   1  0  0  0
  2   6   5   7   7   2   4   4   3  0  0  0   2  0  1  1  0  2   3   1  0  1  1  0   3   2  0   0  1  1  1   1  0  0   2   1   1  3  0  0
  9   9  17  10  12  15  18  10   0  1  2  0   0  1  3  1  2  1   2   3  0  2  0  2   0   0  0   0  1  1  1   2  1  1   5   3   2  0  0  0
  4   5   6   6   2   7   4   4   4  0  0  0   3  1  1  0  0  0   4   1  0  1  1  0   0   1  1   1  0  2  0   3  0  0   1   1   0  0  0  0
  8   4   9   4   4   4   3   6   4  0  0  1   1  0  3  1  0  0   0   0  0  0  1  0   0   0  1   1  2  0  1   4  0  1   1   2   1  1  0  0
  2   2   3   1   4   2   3   3   1  0  0  1   0  0  0  0  1  1   2   0  0  0  0  0   0   1  1   1  0  1  0   1  0  0   0   0   0  0  0  0
  8  10   6   8   9   9   7  12   3  0  2  3   1  1  1  1  0  1   2   0  1  1  0  1   1   2  1   2  3  4  1   0  1  0   3   2   0  2  0  0
  4   2   2   1   3   5   3   4   1  0  0  0   0  0  0  0  0  0   2   1  0  0  0  0   1   0  0   1  0  0  0   1  0  0   0   0   0  2  0  0
  6   5   5   2   3   4   5   7   0  1  0  1   1  0  0  1  0  2   0   4  1  1  0  2   3   1  0   1  0  1  0   0  0  0   0   2   1  0  0  0
  8  10   7   8   7   8   7   6   1  0  1  1   1  1  3  1  0  1   2   2  0  0  0  0   1   4  2   5  1  1  0   3  0  0   0   3   3  0  0  0
 10  13  12   7  11  11  10  11   0  1  2  0   0  4  2  0  0  4   1   3  3  1  3  2   1   1  1   3  1  2  0   2  0  2   3   0   1  0  0  0
 12  10  10   9   7  11  10   9   1  2  0  0   0  2  0  3  1  2   1   1  1  0  1  0   2   1  1   2  0  1  0   0  0  1   3   1   0  1  0  0
  4   2   4   5   3   3   2   3   2  0  0  0   1  0  1  1  0  0   2   2  0  1  0  1   1   0  3   0  0  1  0   2  2  0   0   0   1  0  0  0
  0   0   0   0   0   0   0   0   0  0  0  0   0  0  0  0  0  0   0   0  0  0  0  0   0   0  0   0  0  0  0   0  0  0   0   0   0  0  0  0
  0   0   0   0   0   0   0   0   0  0  0  0   0  0  0  0  0  0   0   0  0  0  0  0   0   0  0   0  0  0  0   0  0  0   0   0   0  0  0  0
SKU(90, 185.0, 0.07)
SKU(82, 146.0, 0.08)
SKU(82, 113.0, 0.21)
SKU(83, 136.0, 0.1)
SKU(78, 129.0, 0.13)
SKU(85, 157.0, 0.08)
SKU(86, 165.0, 0.07)
SKU(86, 150.0, 0.11)
SKU(35, 82.0, 0.09)
SKU(6, 17.0, 0.21)
SKU(8, 26.0, 0.11)
SKU(9, 30.0, 0.12)
SKU(21, 45.0, 0.19)
SKU(10, 56.0, 0.07)
SKU(12, 72.0, 0.05)
SKU(10, 39.0, 0.09)
SKU(4, 25.0, 0.08)
SKU(13, 46.0, 0.12)
SKU(26, 40.0, 0.26)
SKU(25, 48.0, 0.17)
SKU(10, 46.0, 0.07)
SKU(7, 24.0, 0.16)
SKU(8, 35.0, 0.1)
SKU(9, 64.0, 0.05)
SKU(19, 54.0, 0.11)
SKU(22, 67.0, 0.09)
SKU(12, 34.0, 0.13)
SKU(31, 56.0, 0.16)
SKU(12, 63.0, 0.06)
SKU(12, 84.0, 0.04)
SKU(6, 16.0, 0.15)
SKU(23, 87.0, 0.06)
SKU(7, 42.0, 0.07)
SKU(11, 74.0, 0.05)
SKU(17, 43.0, 0.12)
SKU(27, 49.0, 0.16)
SKU(23, 108.0, 0.04)
SKU(9, 21.0, 0.14)
SKU(0, 9.0, 0.08)
SKU(0, 9.0, 0.12)

extremidades das matrizes:
S_hat: (-0.24770523783903575, 0.8032710139489246)
S_hat * P: (-0.23115349139308036, 0.7495961774123334)
W * S_hat: (-0.08778297424613013, 1.2770548844764813)
W * S_hat * P: (-0.012140724881703193, 1.191721652002978)
correlacao{S_hat, S_hat_hat} = 0.9553727766687262

Posicao 1 (Corredor 1, Prateleira -1)
   SKU 1 -> 185
   SKU 7 -> 100
   SKU 37 -> 1

Posicao 2 (Corredor 1, Prateleira -2)
   SKU 4 -> 66
   SKU 5 -> 75
   SKU 15 -> 72

Posicao 3 (Corredor 1, Prateleira -3)
   SKU 25 -> 54
   SKU 28 -> 56
   SKU 34 -> 74

Posicao 11 (Corredor 1, Prateleira 1)
   SKU 2 -> 36
   SKU 6 -> 157
   SKU 7 -> 65

Posicao 12 (Corredor 1, Prateleira 2)
   SKU 5 -> 54
   SKU 9 -> 82
   SKU 32 -> 87

Posicao 13 (Corredor 1, Prateleira 3)
   SKU 16 -> 39
   SKU 19 -> 40
   SKU 27 -> 34

Posicao 21 (Corredor 2, Prateleira -1)
   SKU 2 -> 110
   SKU 4 -> 70
   SKU 8 -> 38

Posicao 22 (Corredor 2, Prateleira -2)
   SKU 3 -> 62
   SKU 24 -> 64
   SKU 29 -> 63

Posicao 23 (Corredor 2, Prateleira -3)
   SKU 12 -> 30
   SKU 23 -> 35
   SKU 33 -> 42

Posicao 31 (Corredor 2, Prateleira 1)
   SKU 8 -> 112
   SKU 30 -> 84
   SKU 37 -> 107

Posicao 32 (Corredor 2, Prateleira 2)
   SKU 3 -> 51
   SKU 21 -> 46
   SKU 26 -> 67

Posicao 39 (Corredor 2, Prateleira 9)
   SKU 39 -> 9
   SKU 40 -> 9

Posicao 41 (Corredor 3, Prateleira -1)
   SKU 14 -> 56
   SKU 20 -> 48
   SKU 36 -> 49

Posicao 42 (Corredor 3, Prateleira -2)
   SKU 11 -> 26
   SKU 22 -> 24
   SKU 38 -> 21

Posicao 51 (Corredor 3, Prateleira 1)
   SKU 13 -> 45
   SKU 18 -> 46
   SKU 35 -> 43

Posicao 52 (Corredor 3, Prateleira 2)
   SKU 10 -> 17
   SKU 17 -> 25
   SKU 31 -> 16

