Rota do Picker 1: [0, 21, 1, 7, 9, 87, 26, 46, 8, 48, 27, 45, 85, 40, 20, 60, 76, 19, 10, 50, 75, 93, 11, 41, 0]
Rota do Picker 2: [0, 22, 26, 46, 8, 27, 45, 48, 9, 89, 20, 60, 40, 19, 36, 30, 7, 1, 0]
Rota do Picker 3: [0, 85, 45, 8, 26, 46, 87, 27, 7, 48, 9, 10, 69, 40, 20, 76, 36, 0]
Rota do Picker 4: [0, 12, 37, 39, 98, 11, 55, 18, 40, 93, 32, 83, 87, 47, 27, 3, 41, 36, 76, 45, 9, 10, 48, 8, 85, 30, 46, 7, 21, 0]
Rota do Picker 5: [0, 20, 19, 64, 8, 48, 9, 10, 30, 50, 85, 45, 87, 47, 27, 7, 1, 22, 46, 26, 3, 83, 0]
Rota do Picker 6: [0, 21, 11, 32, 55, 75, 18, 59, 19, 98, 41, 22, 2, 7, 27, 87, 47, 9, 69, 46, 26, 10, 1, 45, 85, 8, 48, 36, 60, 40, 0]
Rota do Picker 7: [0, 1, 26, 46, 45, 7, 27, 87, 64, 9, 30, 10, 50, 8, 3, 0]
Rota do Picker 8: [0, 21, 64, 84, 87, 47, 27, 7, 9, 10, 50, 30, 8, 48, 46, 26, 45, 85, 83, 0]
Rota do Picker 9: [0, 21, 7, 46, 11, 74, 94, 18, 98, 93, 2, 27, 10, 50, 13, 19, 39, 20, 40, 60, 75, 55, 12, 32, 0]
Rota do Picker 10: [0, 26, 46, 0]
Rota do Picker 11: [0, 32, 37, 1, 45, 7, 48, 27, 64, 84, 98, 60, 55, 13, 93, 74, 11, 83, 3, 22, 12, 18, 20, 59, 94, 75, 46, 8, 69, 9, 87, 47, 0]
Rota do Picker 12: [0, 2, 64, 85, 45, 30, 48, 8, 46, 26, 10, 50, 69, 9, 87, 27, 7, 22, 36, 0]

Caso de teste: SLAPRP_Guo_small_O200_alpha0.4_v6.txt

Distancia Total: 1602.0
Quantidade de Pickers: 12
