Rota do Picker 1: [0, 20, 40, 39, 48, 46, 3, 83, 23, 2, 22, 42, 18, 51, 41, 1, 45, 10, 50, 30, 5, 8, 26, 21, 0]
Rota do Picker 2: [0, 2, 50, 21, 41, 3, 83, 26, 10, 30, 22, 61, 39, 20, 40, 62, 42, 45, 8, 48, 46, 14, 0]
Rota do Picker 3: [0, 14, 10, 26, 83, 23, 3, 41, 1, 2, 22, 8, 48, 46, 61, 21, 62, 9, 30, 12, 72, 33, 13, 5, 45, 27, 42, 0]
Rota do Picker 4: [0, 21, 3, 26, 46, 5, 48, 8, 50, 37, 55, 11, 13, 20, 4, 10, 24, 45, 2, 22, 42, 62, 51, 71, 36, 57, 18, 12, 72, 41, 1, 0]
Rota do Picker 5: [0, 3, 83, 1, 21, 2, 5, 26, 46, 12, 94, 57, 37, 13, 62, 22, 45, 48, 8, 43, 39, 20, 11, 0]
Rota do Picker 6: [0, 3, 22, 2, 21, 1, 26, 61, 10, 9, 8, 42, 55, 36, 14, 45, 5, 23, 71, 0]

Caso de teste: SLAPRP_Guo_small_O100_alpha0.2_v8.txt

Distancia Total: 942.0
Quantidade de Pickers: 6
