Rota do Picker 1: [0, 44, 63, 15, 61, 17, 6, 24, 5, 62, 43, 65, 8, 64, 74, 35, 83, 3, 81, 41, 21, 1, 0]
Rota do Picker 2: [0, 21, 41, 81, 3, 62, 1, 61, 24, 44, 25, 15, 6, 43, 63, 65, 84, 83, 45, 0]
Rota do Picker 3: [0, 21, 41, 61, 24, 62, 81, 15, 8, 84, 64, 44, 1, 43, 17, 28, 3, 83, 46, 45, 7, 63, 6, 0]
Rota do Picker 4: [0, 35, 63, 6, 62, 41, 15, 3, 81, 61, 21, 1, 16, 0]
Rota do Picker 5: [0, 1, 21, 41, 3, 17, 61, 62, 35, 71, 11, 15, 74, 0]
Rota do Picker 6: [0, 63, 6, 55, 28, 21, 27, 44, 61, 16, 7, 24, 26, 15, 62, 43, 3, 81, 41, 1, 65, 0]
Rota do Picker 7: [0, 3, 62, 74, 43, 27, 35, 2, 47, 24, 45, 26, 6, 44, 25, 5, 65, 84, 46, 83, 81, 21, 7, 61, 41, 1, 8, 0]
Rota do Picker 8: [0, 1, 21, 41, 61, 81, 83, 18, 3, 62, 15, 74, 0]

Caso de teste: SLAPRP_Guo_small_O100_alpha0.3_v2.txt

Distancia Total: 1140.0
Quantidade de Pickers: 8
