Rota do Picker 1: [0, 21, 4, 24, 35, 55, 52, 17, 5, 1, 41, 42, 7, 34, 27, 93, 61, 15, 81, 23, 43, 36, 63, 22, 16, 62, 72, 31, 0]
Rota do Picker 2: [0, 84, 23, 1, 7, 3, 61, 25, 5, 65, 85, 64, 27, 82, 4, 24, 44, 22, 21, 41, 6, 26, 42, 0]
Rota do Picker 3: [0, 1, 21, 4, 24, 22, 35, 45, 82, 62, 23, 43, 61, 6, 26, 17, 5, 54, 41, 44, 42, 36, 64, 52, 92, 34, 33, 46, 0]
Rota do Picker 4: [0, 41, 61, 4, 44, 84, 46, 82, 25, 5, 24, 27, 7, 1, 65, 43, 3, 22, 26, 54, 64, 42, 21, 6, 23, 34, 0]
Rota do Picker 5: [0, 1, 21, 41, 61, 81, 55, 75, 46, 0]
Rota do Picker 6: [0, 1, 21, 41, 81, 36, 82, 62, 71, 16, 34, 14, 37, 17, 4, 15, 54, 35, 92, 61, 55, 0]
Rota do Picker 7: [0, 63, 43, 1, 21, 22, 42, 82, 26, 41, 62, 4, 44, 24, 54, 46, 92, 52, 34, 6, 64, 65, 8, 23, 61, 3, 53, 0]
Rota do Picker 8: [0, 16, 63, 43, 26, 54, 71, 1, 21, 41, 61, 35, 0]
Rota do Picker 9: [0, 1, 21, 41, 61, 24, 34, 44, 35, 8, 4, 62, 42, 3, 84, 74, 94, 22, 63, 43, 6, 64, 82, 26, 81, 0]

Caso de teste: SLAPRP_Guo_small_O100_alpha0.3_v8.txt

Distancia Total: 1460.0
Quantidade de Pickers: 9
