Rota do Picker 1: [0, 10, 17, 50, 83, 97, 37, 18, 55, 12, 22, 14, 36, 33, 13, 41, 94, 52, 76, 39, 51, 31, 11, 21, 30, 60, 93, 1, 20, 74, 2, 0]
Rota do Picker 2: [0, 12, 93, 97, 83, 30, 70, 37, 41, 50, 76, 55, 11, 74, 0]
Rota do Picker 3: [0, 2, 12, 55, 74, 94, 41, 52, 37, 97, 83, 22, 18, 76, 93, 39, 14, 40, 20, 17, 31, 11, 1, 10, 0]
Rota do Picker 4: [0, 70, 4, 26, 50, 19, 1, 42, 27, 10, 41, 22, 14, 40, 45, 74, 23, 83, 46, 36, 76, 80, 0]
Rota do Picker 5: [0, 1, 26, 46, 66, 30, 76, 45, 2, 42, 21, 70, 83, 10, 4, 14, 22, 20, 19, 50, 27, 74, 9, 23, 17, 0]
Rota do Picker 6: [0, 14, 94, 55, 12, 37, 97, 39, 40, 20, 52, 41, 36, 22, 76, 93, 19, 83, 80, 60, 18, 17, 74, 0]
Rota do Picker 7: [0, 26, 46, 27, 36, 66, 10, 70, 17, 50, 9, 30, 45, 22, 74, 0]

Caso de teste: SLAPRP_Guo_small_O100_alpha0.3_v10.txt

Distancia Total: 1520.0
Quantidade de Pickers: 7
