Rota do Picker 1: [0, 31, 51, 7, 8, 27, 22, 45, 50, 26, 46, 9, 49, 28, 10, 30, 18, 20, 0]
Rota do Picker 2: [0, 13, 45, 46, 89, 69, 9, 8, 7, 28, 30, 50, 27, 26, 18, 37, 2, 0]
Rota do Picker 3: [0, 10, 87, 27, 7, 9, 49, 69, 76, 37, 77, 39, 52, 12, 11, 31, 55, 57, 28, 30, 50, 45, 46, 26, 8, 1, 4, 3, 0]
Rota do Picker 4: [0, 31, 40, 18, 45, 26, 27, 7, 28, 9, 30, 8, 46, 4, 10, 41, 0]
Rota do Picker 5: [0, 1, 8, 27, 87, 45, 28, 49, 89, 9, 10, 30, 7, 26, 46, 3, 11, 0]
Rota do Picker 6: [0, 11, 13, 60, 20, 7, 28, 8, 46, 45, 50, 30, 89, 69, 9, 27, 87, 4, 1, 41, 21, 76, 0]
Rota do Picker 7: [0, 12, 32, 74, 94, 98, 18, 30, 28, 1, 21, 41, 9, 49, 89, 69, 59, 57, 8, 50, 22, 2, 45, 7, 26, 46, 17, 76, 75, 55, 39, 20, 0]
Rota do Picker 8: [0, 2, 7, 8, 26, 46, 27, 10, 45, 3, 9, 30, 89, 49, 28, 18, 60, 94, 74, 13, 77, 55, 12, 76, 1, 0]
Rota do Picker 9: [0, 21, 27, 7, 45, 10, 30, 50, 69, 87, 11, 31, 51, 89, 49, 9, 28, 8, 46, 26, 3, 0]
Rota do Picker 10: [0, 94, 12, 9, 87, 27, 8, 7, 41, 21, 1, 28, 45, 49, 89, 50, 30, 10, 26, 46, 2, 0]
Rota do Picker 11: [0, 11, 10, 89, 49, 9, 46, 26, 7, 3, 1, 13, 74, 94, 27, 28, 8, 41, 21, 18, 76, 32, 12, 52, 2, 0]
Rota do Picker 12: [0, 52, 41, 46, 26, 49, 21, 7, 31, 11, 55, 12, 57, 13, 10, 9, 27, 3, 1, 0]

Caso de teste: SLAPRP_Guo_small_O200_alpha0.2_v6.txt

Distancia Total: 1618.0
Quantidade de Pickers: 12
