Rota do Picker 1: [0, 45, 46, 7, 30, 20, 60, 96, 40, 28, 76, 36, 87, 47, 1, 21, 10, 48, 11, 27, 9, 8, 26, 0]
Rota do Picker 2: [0, 26, 46, 45, 7, 27, 87, 70, 48, 69, 28, 67, 1, 89, 30, 47, 8, 10, 9, 50, 0]
Rota do Picker 3: [0, 12, 74, 94, 18, 28, 30, 0]
Rota do Picker 4: [0, 1, 21, 8, 28, 48, 9, 87, 67, 45, 27, 46, 26, 7, 50, 85, 89, 65, 70, 30, 2, 10, 47, 0]
Rota do Picker 5: [0, 26, 46, 8, 28, 45, 11, 21, 85, 1, 27, 65, 36, 50, 30, 3, 40, 69, 89, 60, 48, 9, 10, 19, 7, 67, 0]
Rota do Picker 6: [0, 7, 8, 27, 26, 45, 20, 40, 46, 60, 10, 9, 0]
Rota do Picker 7: [0, 26, 46, 8, 28, 67, 45, 20, 40, 1, 7, 47, 60, 69, 11, 89, 38, 48, 36, 50, 21, 9, 10, 27, 85, 76, 31, 0]
Rota do Picker 8: [0, 27, 36, 20, 19, 39, 74, 98, 75, 76, 32, 94, 55, 28, 59, 40, 18, 12, 21, 0]

Caso de teste: SLAPRP_Guo_small_O100_alpha0.3_v9.txt

Distancia Total: 1472.0
Quantidade de Pickers: 8
