Rota do Picker 1: [0, 27, 23, 45, 46, 26, 1, 3, 28, 32, 41, 8, 21, 2, 10, 40, 9, 22, 89, 11, 87, 0]
Rota do Picker 2: [0, 2, 26, 68, 11, 89, 30, 50, 22, 10, 33, 9, 8, 36, 47, 23, 45, 28, 27, 46, 1, 20, 0]
Rota do Picker 3: [0, 1, 3, 45, 30, 9, 26, 27, 47, 8, 22, 61, 89, 2, 28, 46, 32, 4, 50, 10, 65, 0]
Rota do Picker 4: [0, 8, 28, 46, 27, 20, 40, 2, 52, 32, 59, 45, 11, 38, 12, 42, 22, 36, 33, 57, 60, 96, 41, 1, 17, 26, 0]
Rota do Picker 5: [0, 1, 26, 27, 20, 45, 68, 60, 21, 41, 4, 0]
Rota do Picker 6: [0, 59, 13, 61, 10, 11, 87, 47, 4, 2, 68, 33, 50, 30, 41, 9, 89, 36, 60, 28, 45, 32, 12, 1, 40, 20, 22, 8, 27, 46, 26, 0]
Rota do Picker 7: [0, 27, 47, 10, 46, 9, 28, 8, 45, 1, 50, 89, 30, 26, 2, 0]

Caso de teste: SLAPRP_Guo_small_O100_alpha0.4_v1.txt

Distancia Total: 1352.0
Quantidade de Pickers: 7
