Rota do Picker 1: [0, 1, 43, 0]
Rota do Picker 2: [0, 1, 21, 41, 61, 4, 24, 64, 23, 43, 63, 5, 26, 42, 8, 6, 7, 25, 0]
Rota do Picker 3: [0, 1, 41, 61, 81, 21, 23, 43, 63, 83, 46, 6, 7, 5, 25, 64, 0]
Rota do Picker 4: [0, 41, 61, 81, 21, 5, 8, 25, 6, 43, 83, 4, 24, 44, 27, 7, 23, 1, 0]
Rota do Picker 5: [0, 21, 41, 61, 1, 5, 45, 27, 6, 26, 46, 64, 44, 4, 65, 23, 43, 63, 82, 0]
Rota do Picker 6: [0, 1, 21, 41, 61, 81, 44, 23, 43, 63, 82, 5, 4, 51, 13, 53, 74, 56, 0]
Rota do Picker 7: [0, 1, 41, 25, 6, 44, 64, 45, 83, 63, 62, 22, 27, 65, 8, 5, 21, 61, 81, 4, 23, 43, 0]

Caso de teste: SLAPRP_Guo_small_O100_alpha0.2_v1.txt

Distancia Total: 490.0
Quantidade de Pickers: 7
