Rota do Picker 1: [0, 7, 63, 3, 81, 21, 1, 41, 61, 24, 43, 83, 46, 25, 84, 26, 27, 5, 64, 8, 44, 6, 62, 0]
Rota do Picker 2: [0, 36, 64, 62, 53, 55, 35, 13, 91, 41, 17, 24, 15, 81, 61, 21, 1, 52, 3, 43, 6, 18, 7, 65, 54, 0]
Rota do Picker 3: [0, 55, 62, 23, 3, 54, 83, 65, 84, 44, 7, 41, 24, 43, 15, 64, 18, 17, 8, 81, 61, 21, 1, 53, 0]
Rota do Picker 4: [0, 83, 43, 3, 21, 1, 64, 44, 63, 85, 24, 84, 6, 53, 62, 41, 82, 81, 61, 26, 35, 54, 0]
Rota do Picker 5: [0, 81, 42, 7, 3, 6, 65, 54, 46, 62, 64, 44, 43, 24, 61, 41, 21, 1, 26, 36, 0]
Rota do Picker 6: [0, 5, 85, 64, 65, 8, 4, 26, 7, 83, 3, 62, 81, 44, 43, 46, 6, 84, 24, 61, 41, 21, 1, 0]

Caso de teste: SLAPRP_Guo_small_O100_alpha0.4_v1.txt

Distancia Total: 1010.0
Quantidade de Pickers: 6
