Rota do Picker 1: [0, 1, 61, 81, 3, 6, 74, 18, 0]
Rota do Picker 2: [0, 75, 6, 1, 21, 41, 3, 82, 74, 61, 81, 24, 46, 63, 23, 43, 17, 36, 8, 0]
Rota do Picker 3: [0, 1, 21, 41, 61, 81, 3, 6, 26, 82, 74, 7, 4, 44, 5, 63, 45, 46, 16, 43, 83, 0]
Rota do Picker 4: [0, 21, 41, 61, 81, 3, 43, 94, 1, 82, 63, 24, 36, 26, 0]
Rota do Picker 5: [0, 26, 63, 46, 43, 4, 62, 64, 81, 5, 16, 8, 6, 7, 3, 41, 1, 82, 83, 44, 24, 61, 21, 22, 0]
Rota do Picker 6: [0, 17, 3, 21, 16, 81, 61, 41, 1, 82, 18, 0]
Rota do Picker 7: [0, 17, 63, 1, 37, 3, 81, 61, 41, 21, 83, 5, 18, 82, 44, 36, 75, 16, 62, 4, 43, 94, 0]

Caso de teste: SLAPRP_Guo_small_O100_alpha0.4_v9.txt

Distancia Total: 902.0
Quantidade de Pickers: 7
