Rota do Picker 1: [0, 21, 7, 27, 87, 9, 10, 30, 26, 46, 20, 40, 69, 65, 45, 8, 84, 0]
Rota do Picker 2: [0, 1, 41, 26, 46, 8, 9, 30, 27, 87, 7, 45, 85, 64, 10, 50, 65, 36, 40, 22, 2, 0]
Rota do Picker 3: [0, 65, 45, 46, 69, 9, 87, 27, 7, 26, 50, 30, 8, 84, 22, 21, 0]
Rota do Picker 4: [0, 21, 26, 46, 27, 45, 3, 83, 40, 57, 69, 10, 84, 87, 9, 8, 50, 30, 7, 11, 0]
Rota do Picker 5: [0, 2, 36, 20, 40, 76, 30, 10, 50, 27, 46, 26, 22, 3, 83, 7, 8, 9, 69, 87, 85, 45, 41, 21, 1, 0]
Rota do Picker 6: [0, 1, 7, 9, 10, 30, 83, 3, 11, 55, 75, 18, 39, 93, 13, 40, 60, 57, 22, 12, 74, 98, 20, 85, 65, 41, 21, 2, 45, 8, 27, 87, 26, 46, 76, 0]
Rota do Picker 7: [0, 94, 74, 55, 11, 1, 41, 45, 46, 89, 9, 8, 0]

Caso de teste: SLAPRP_Guo_small_O100_alpha0.2_v5.txt

Distancia Total: 962.0
Quantidade de Pickers: 7
