Rota do Picker 1: [0, 21, 26, 46, 8, 27, 65, 45, 28, 48, 19, 99, 79, 40, 36, 10, 9, 7, 3, 2, 42, 0]
Rota do Picker 2: [0, 45, 46, 28, 48, 9, 41, 21, 2, 26, 8, 27, 87, 67, 7, 19, 79, 99, 20, 40, 36, 0]
Rota do Picker 3: [0, 7, 27, 67, 8, 9, 26, 45, 23, 46, 19, 79, 99, 11, 3, 10, 28, 48, 32, 2, 1, 36, 20, 0]
Rota do Picker 4: [0, 23, 45, 46, 27, 7, 67, 87, 10, 22, 40, 19, 97, 20, 9, 8, 28, 48, 26, 1, 0]
Rota do Picker 5: [0, 11, 64, 84, 69, 9, 48, 28, 8, 27, 46, 13, 40, 20, 32, 87, 26, 45, 41, 0]
Rota do Picker 6: [0, 1, 46, 9, 10, 89, 69, 8, 3, 2, 22, 23, 57, 19, 17, 31, 21, 41, 26, 28, 48, 45, 7, 27, 64, 84, 18, 32, 0]
Rota do Picker 7: [0, 20, 40, 79, 99, 17, 97, 3, 22, 2, 28, 27, 67, 87, 64, 13, 7, 69, 9, 26, 46, 8, 48, 65, 45, 21, 41, 0]
Rota do Picker 8: [0, 1, 7, 8, 9, 69, 89, 45, 64, 84, 46, 26, 67, 27, 48, 13, 94, 32, 0]
Rota do Picker 9: [0, 46, 26, 8, 9, 10, 27, 7, 67, 87, 65, 45, 1, 21, 41, 2, 84, 64, 22, 0]
Rota do Picker 10: [0, 11, 42, 23, 22, 45, 9, 48, 8, 46, 26, 7, 27, 67, 1, 41, 2, 64, 0]
Rota do Picker 11: [0, 1, 21, 41, 42, 27, 7, 46, 8, 9, 89, 11, 36, 55, 57, 39, 99, 97, 17, 20, 59, 74, 94, 18, 10, 28, 0]
Rota do Picker 12: [0, 11, 51, 69, 10, 87, 8, 28, 48, 67, 9, 46, 3, 84, 45, 26, 27, 7, 1, 21, 0]

Caso de teste: SLAPRP_Guo_small_O200_alpha0.2_v1.txt

Distancia Total: 1532.0
Quantidade de Pickers: 12
