SKUs: 40
Pedidos: 205

Primeiro pedido:
Order(1, [2, 6, 29, 33, 34])

Ultimo pedido:
Order(205, [2, 3, 4, 6, 7, 10, 11, 21])

Location(1, 1, -1, 20)
Location(2, 1, -2, 20)
Location(3, 1, -3, 20)
Location(4, 1, -4, 20)
Location(5, 1, -5, 20)
Location(6, 1, -6, 20)
Location(7, 1, -7, 20)
Location(8, 1, -8, 20)
Location(9, 1, -9, 20)
Location(10, 1, -10, 40)
Location(11, 1, 1, 20)
Location(12, 1, 2, 20)
Location(13, 1, 3, 20)
Location(14, 1, 4, 20)
Location(15, 1, 5, 20)
Location(16, 1, 6, 20)
Location(17, 1, 7, 20)
Location(18, 1, 8, 20)
Location(19, 1, 9, 20)
Location(20, 1, 10, 40)
Location(21, 2, -1, 20)
Location(22, 2, -2, 20)
Location(23, 2, -3, 20)
Location(24, 2, -4, 20)
Location(25, 2, -5, 20)
Location(26, 2, -6, 20)
Location(27, 2, -7, 20)
Location(28, 2, -8, 20)
Location(29, 2, -9, 20)
Location(30, 2, -10, 40)
Location(31, 2, 1, 20)
Location(32, 2, 2, 20)
Location(33, 2, 3, 20)
Location(34, 2, 4, 20)
Location(35, 2, 5, 20)
Location(36, 2, 6, 20)
Location(37, 2, 7, 20)
Location(38, 2, 8, 20)
Location(39, 2, 9, 20)
Location(40, 2, 10, 40)
Location(41, 3, -1, 20)
Location(42, 3, -2, 20)
Location(43, 3, -3, 20)
Location(44, 3, -4, 20)
Location(45, 3, -5, 20)
Location(46, 3, -6, 20)
Location(47, 3, -7, 20)
Location(48, 3, -8, 20)
Location(49, 3, -9, 20)
Location(50, 3, -10, 40)
Location(51, 3, 1, 20)
Location(52, 3, 2, 20)
Location(53, 3, 3, 20)
Location(54, 3, 4, 20)
Location(55, 3, 5, 20)
Location(56, 3, 6, 20)
Location(57, 3, 7, 20)
Location(58, 3, 8, 20)
Location(59, 3, 9, 20)
Location(60, 3, 10, 40)
Location(61, 4, -1, 20)
Location(62, 4, -2, 20)
Location(63, 4, -3, 20)
Location(64, 4, -4, 20)
Location(65, 4, -5, 20)
Location(66, 4, -6, 20)
Location(67, 4, -7, 20)
Location(68, 4, -8, 20)
Location(69, 4, -9, 20)
Location(70, 4, -10, 40)
Location(71, 4, 1, 20)
Location(72, 4, 2, 20)
Location(73, 4, 3, 20)
Location(74, 4, 4, 20)
Location(75, 4, 5, 20)
Location(76, 4, 6, 20)
Location(77, 4, 7, 20)
Location(78, 4, 8, 20)
Location(79, 4, 9, 20)
Location(80, 4, 10, 40)
Location(81, 5, -1, 20)
Location(82, 5, -2, 20)
Location(83, 5, -3, 20)
Location(84, 5, -4, 20)
Location(85, 5, -5, 20)
Location(86, 5, -6, 20)
Location(87, 5, -7, 20)
Location(88, 5, -8, 20)
Location(89, 5, -9, 20)
Location(90, 5, -10, 40)
Location(91, 5, 1, 20)
Location(92, 5, 2, 20)
Location(93, 5, 3, 20)
Location(94, 5, 4, 20)
Location(95, 5, 5, 20)
Location(96, 5, 6, 20)
Location(97, 5, 7, 20)
Location(98, 5, 8, 20)
Location(99, 5, 9, 20)
Location(100, 5, 10, 40)

Frequencias: [82, 89, 84, 89, 96, 101, 107, 89, 6, 10, 8, 6, 7, 11, 7, 12, 9, 9, 18, 10, 11, 14, 8, 5, 5, 9, 9, 9, 17, 15, 8, 11, 7, 9, 14, 15, 15, 14, 7, 0]

Matriz de coocorrencia: 
40×40 Matrix{Int64}:
  0  41  37  36  40  47  38  44  2  3  3  4  5  1  3  7  3  5  10  1  3  7  4  3  2  4  2  4   3  8  4  3  2  3   4  6  4  7  5  0
 41   0  47  41  40  48  55  46  1  4  5  4  5  5  4  7  5  3   9  4  6  7  3  2  3  5  3  4  10  6  4  5  3  4   9  4  8  5  4  0
 37  47   0  38  47  43  42  37  3  5  4  4  2  4  5  5  4  3   8  2  4  5  4  0  0  3  3  6   8  8  5  5  4  2   4  7  5  6  5  0
 36  41  38   0  41  52  53  41  4  6  4  3  5  6  5  5  5  4   7  5  6  5  4  2  5  5  8  1   7  5  5  6  5  2   4  9  5  7  2  0
 40  40  47  41   0  42  46  34  3  4  2  3  5  5  4  4  5  2   5  2  4  2  3  3  0  3  7  5   2  8  3  6  2  6   5  7  7  4  2  0
 47  48  43  52  42   0  41  49  4  6  4  3  3  5  4  5  3  3   8  6  5  3  3  0  2  6  4  5  10  5  7  4  3  6   4  7  5  6  4  0
 38  55  42  53  46  41   0  51  2  4  4  3  3  8  5  9  6  4   8  4  8  3  4  3  4  3  5  4  11  8  4  5  4  4   9  6  6  9  3  0
 44  46  37  41  34  49  51   0  1  6  2  4  2  5  4  5  5  4  10  4  9  7  3  3  2  6  2  1   7  8  5  5  3  1  10  6  7  6  3  0
  2   1   3   4   3   4   2   1  0  1  0  0  0  0  1  0  0  0   0  1  1  0  2  0  0  2  1  1   0  2  0  0  0  0   0  1  0  1  0  0
  3   4   5   6   4   6   4   6  1  0  2  0  0  1  0  0  0  1   1  0  2  1  0  1  0  1  2  1   1  0  0  0  0  1   0  1  1  1  0  0
  3   5   4   4   2   4   4   2  0  2  0  1  0  0  0  0  0  0   2  1  1  3  0  0  0  0  1  1   1  0  0  1  1  0   0  0  1  0  0  0
  4   4   4   3   3   3   3   4  0  0  1  0  0  0  1  0  0  0   0  0  0  0  1  0  0  0  0  0   0  1  0  0  1  0   2  0  0  0  0  0
  5   5   2   5   5   3   3   2  0  0  0  0  0  0  0  0  0  0   1  0  1  0  0  1  0  0  1  1   1  0  0  0  0  0   0  0  0  0  1  0
  1   5   4   6   5   5   8   5  0  1  0  0  0  0  1  1  0  1   1  0  1  2  0  1  0  0  0  0   0  2  0  2  0  0   1  2  3  1  0  0
  3   4   5   5   4   4   5   4  1  0  0  1  0  1  0  1  0  0   0  0  1  0  0  0  1  1  0  0   0  1  0  0  0  0   0  0  2  0  0  0
  7   7   5   5   4   5   9   5  0  0  0  0  0  1  1  0  2  0   0  0  1  0  0  0  1  0  0  0   1  0  1  0  0  0   1  2  0  2  0  0
  3   5   4   5   5   3   6   5  0  0  0  0  0  0  0  2  0  0   0  0  1  0  0  0  0  0  0  1   1  0  0  0  0  0   1  0  0  0  0  0
  5   3   3   4   2   3   4   4  0  1  0  0  0  1  0  0  0  0   0  1  1  0  0  1  0  0  1  0   2  1  2  0  0  0   2  1  1  4  0  0
 10   9   8   7   5   8   8  10  0  1  2  0  1  1  0  0  0  0   0  2  0  3  1  0  1  1  2  1   0  4  0  2  0  1   1  2  2  1  1  0
  1   4   2   5   2   6   4   4  1  0  1  0  0  0  0  0  0  1   2  0  0  2  0  0  1  1  0  1   3  0  0  0  0  0   3  1  3  1  0  0
  3   6   4   6   4   5   8   9  1  2  1  0  1  1  1  1  1  1   0  0  0  0  0  1  0  0  1  0   2  0  0  2  0  0   0  1  1  2  0  0
  7   7   5   5   2   3   3   7  0  1  3  0  0  2  0  0  0  0   3  2  0  0  0  0  1  0  1  1   0  2  1  1  1  1   2  1  2  0  0  0
  4   3   4   4   3   3   4   3  2  0  0  1  0  0  0  0  0  0   1  0  0  0  0  0  0  1  0  1   1  3  1  0  0  0   1  0  1  0  0  0
  3   2   0   2   3   0   3   3  0  1  0  0  1  1  0  0  0  1   0  0  1  0  0  0  0  0  0  0   0  0  0  1  0  1   0  0  1  1  1  0
  2   3   0   5   0   2   4   2  0  0  0  0  0  0  1  1  0  0   1  1  0  1  0  0  0  0  0  0   0  0  1  0  0  0   1  0  0  1  0  0
  4   5   3   5   3   6   3   6  2  1  0  0  0  0  1  0  0  0   1  1  0  0  1  0  0  0  0  0   0  0  0  0  1  0   1  1  1  1  0  0
  2   3   3   8   7   4   5   2  1  2  1  0  1  0  0  0  0  1   2  0  1  1  0  0  0  0  0  0   0  1  1  0  0  1   0  2  1  1  0  0
  4   4   6   1   5   5   4   1  1  1  1  0  1  0  0  0  1  0   1  1  0  1  1  0  0  0  0  0   1  0  0  0  1  1   0  1  0  0  0  0
  3  10   8   7   2  10  11   7  0  1  1  0  1  0  0  1  1  2   0  3  2  0  1  0  0  0  0  1   0  0  0  1  2  1   0  1  2  1  0  0
  8   6   8   5   8   5   8   8  2  0  0  1  0  2  1  0  0  1   4  0  0  2  3  0  0  0  1  0   0  0  2  2  0  1   2  2  2  0  0  0
  4   4   5   5   3   7   4   5  0  0  0  0  0  0  0  1  0  2   0  0  0  1  1  0  1  0  1  0   0  2  0  1  0  0   0  0  0  1  0  0
  3   5   5   6   6   4   5   5  0  0  1  0  0  2  0  0  0  0   2  0  2  1  0  1  0  0  0  0   1  2  1  0  0  0   1  2  0  0  1  0
  2   3   4   5   2   3   4   3  0  0  1  1  0  0  0  0  0  0   0  0  0  1  0  0  0  1  0  1   2  0  0  0  0  1   0  0  0  0  0  0
  3   4   2   2   6   6   4   1  0  1  0  0  0  0  0  0  0  0   1  0  0  1  0  1  0  0  1  1   1  1  0  0  1  0   0  0  0  0  1  0
  4   9   4   4   5   4   9  10  0  0  0  2  0  1  0  1  1  2   1  3  0  2  1  0  1  1  0  0   0  2  0  1  0  0   0  0  1  0  0  0
  6   4   7   9   7   7   6   6  1  1  0  0  0  2  0  2  0  1   2  1  1  1  0  0  0  1  2  1   1  2  0  2  0  0   0  0  1  2  0  0
  4   8   5   5   7   5   6   7  0  1  1  0  0  3  2  0  0  1   2  3  1  2  1  1  0  1  1  0   2  2  0  0  0  0   1  1  0  1  0  0
  7   5   6   7   4   6   9   6  1  1  0  0  0  1  0  2  0  4   1  1  2  0  0  1  1  1  1  0   1  0  1  0  0  0   0  2  1  0  1  0
  5   4   5   2   2   4   3   3  0  0  0  0  1  0  0  0  0  0   1  0  0  0  0  1  0  0  0  0   0  0  0  1  0  1   0  0  0  1  0  0
  0   0   0   0   0   0   0   0  0  0  0  0  0  0  0  0  0  0   0  0  0  0  0  0  0  0  0  0   0  0  0  0  0  0   0  0  0  0  0  0
SKU(82, 184.0, 0.07)
SKU(89, 170.0, 0.08)
SKU(84, 117.0, 0.21)
SKU(89, 157.0, 0.1)
SKU(96, 155.0, 0.13)
SKU(101, 187.0, 0.08)
SKU(107, 211.0, 0.07)
SKU(89, 157.0, 0.11)
SKU(6, 32.0, 0.09)
SKU(10, 19.0, 0.21)
SKU(8, 39.0, 0.11)
SKU(6, 31.0, 0.12)
SKU(7, 22.0, 0.19)
SKU(11, 65.0, 0.07)
SKU(7, 59.0, 0.05)
SKU(12, 47.0, 0.09)
SKU(9, 52.0, 0.08)
SKU(9, 35.0, 0.12)
SKU(18, 27.0, 0.26)
SKU(10, 27.0, 0.17)
SKU(11, 56.0, 0.07)
SKU(14, 41.0, 0.16)
SKU(8, 38.0, 0.1)
SKU(5, 57.0, 0.05)
SKU(5, 25.0, 0.11)
SKU(9, 48.0, 0.09)
SKU(9, 33.0, 0.13)
SKU(9, 28.0, 0.16)
SKU(17, 81.0, 0.06)
SKU(15, 102.0, 0.04)
SKU(8, 23.0, 0.15)
SKU(11, 59.0, 0.06)
SKU(7, 49.0, 0.07)
SKU(9, 71.0, 0.05)
SKU(14, 45.0, 0.12)
SKU(15, 37.0, 0.16)
SKU(15, 88.0, 0.04)
SKU(14, 43.0, 0.14)
SKU(7, 31.0, 0.08)
SKU(0, 9.0, 0.12)

Posicao 1 (Corredor 1, Prateleira -1)
   SKU 1 -> 69
   SKU 2 -> 5
   SKU 7 -> 211

Posicao 2 (Corredor 1, Prateleira -2)
   SKU 8 -> 57
   SKU 14 -> 65
   SKU 32 -> 59

Posicao 3 (Corredor 1, Prateleira -3)
   SKU 19 -> 27
   SKU 23 -> 38
   SKU 26 -> 48

Posicao 10 (Corredor 1, Prateleira -10)
   SKU 5 -> 155

Posicao 11 (Corredor 1, Prateleira 1)
   SKU 1 -> 72
   SKU 6 -> 187

Posicao 12 (Corredor 1, Prateleira 2)
   SKU 1 -> 43
   SKU 2 -> 165
   SKU 34 -> 71

Posicao 13 (Corredor 1, Prateleira 3)
   SKU 21 -> 45
   SKU 22 -> 41
   SKU 24 -> 57

Posicao 20 (Corredor 1, Prateleira 10)
   SKU 3 -> 117

Posicao 21 (Corredor 2, Prateleira -1)
   SKU 8 -> 100
   SKU 29 -> 81
   SKU 30 -> 102

Posicao 22 (Corredor 2, Prateleira -2)
   SKU 17 -> 52
   SKU 20 -> 27
   SKU 27 -> 33

Posicao 31 (Corredor 2, Prateleira 1)
   SKU 4 -> 157
   SKU 21 -> 11
   SKU 37 -> 88

Posicao 32 (Corredor 2, Prateleira 2)
   SKU 11 -> 39
   SKU 18 -> 35
   SKU 36 -> 37

Posicao 41 (Corredor 3, Prateleira -1)
   SKU 28 -> 28
   SKU 33 -> 49
   SKU 35 -> 45

Posicao 42 (Corredor 3, Prateleira -2)
   SKU 25 -> 25

Posicao 51 (Corredor 3, Prateleira 1)
   SKU 15 -> 59
   SKU 16 -> 47
   SKU 38 -> 43

Posicao 52 (Corredor 3, Prateleira 2)
   SKU 9 -> 32
   SKU 10 -> 19
   SKU 39 -> 31

Posicao 61 (Corredor 4, Prateleira -1)
   SKU 12 -> 31
   SKU 13 -> 22
   SKU 31 -> 23

Posicao 86 (Corredor 5, Prateleira -6)
   SKU 40 -> 9

