Rota do Picker 1: [0, 22, 3, 43, 75, 95, 35, 62, 21, 41, 61, 73, 93, 18, 34, 15, 91, 37, 33, 53, 55, 17, 14, 1, 42, 83, 4, 54, 74, 36, 0]
Rota do Picker 2: [0, 1, 21, 41, 3, 23, 43, 14, 83, 35, 12, 32, 25, 45, 6, 82, 62, 61, 24, 44, 81, 4, 22, 26, 73, 92, 63, 74, 0]
Rota do Picker 3: [0, 41, 61, 42, 62, 7, 81, 21, 23, 82, 22, 3, 31, 24, 4, 1, 65, 5, 63, 43, 14, 6, 25, 45, 11, 83, 44, 64, 0]
Rota do Picker 4: [0, 1, 3, 23, 43, 14, 94, 37, 26, 84, 17, 41, 21, 4, 35, 62, 82, 55, 45, 53, 33, 24, 73, 63, 0]
Rota do Picker 5: [0, 1, 2, 3, 23, 83, 63, 61, 81, 41, 21, 22, 42, 6, 65, 7, 25, 4, 64, 5, 44, 24, 26, 45, 75, 84, 43, 62, 82, 0]
Rota do Picker 6: [0, 37, 6, 91, 71, 21, 1, 41, 23, 43, 14, 36, 22, 42, 35, 54, 3, 17, 0]
Rota do Picker 7: [0, 93, 63, 17, 64, 14, 74, 73, 51, 91, 71, 43, 23, 3, 1, 55, 6, 62, 42, 22, 21, 41, 61, 4, 24, 33, 82, 54, 0]

Caso de teste: SLAPRP_Guo_small_O100_alpha0.2_v7.txt

Distancia Total: 1264.0
Quantidade de Pickers: 7
