Rota do Picker 1: [0, 2, 7, 27, 47, 9, 10, 8, 45, 60, 40, 20, 19, 55, 48, 28, 46, 26, 30, 50, 23, 21, 0]
Rota do Picker 2: [0, 21, 46, 27, 45, 55, 19, 23, 41, 1, 2, 22, 9, 30, 50, 7, 26, 28, 8, 52, 0]
Rota do Picker 3: [0, 28, 48, 7, 8, 9, 30, 27, 40, 55, 45, 50, 10, 46, 26, 21, 2, 52, 20, 60, 23, 0]
Rota do Picker 4: [0, 45, 27, 9, 8, 30, 50, 10, 28, 7, 3, 55, 19, 79, 57, 51, 31, 4, 48, 26, 89, 21, 41, 1, 22, 42, 2, 23, 46, 13, 0]
Rota do Picker 5: [0, 46, 45, 2, 8, 10, 47, 19, 40, 60, 20, 74, 94, 37, 32, 3, 9, 27, 7, 48, 28, 41, 1, 55, 96, 12, 0]
Rota do Picker 6: [0, 1, 11, 55, 74, 94, 60, 79, 57, 18, 41, 4, 2, 7, 27, 45, 65, 26, 46, 50, 10, 9, 8, 48, 19, 20, 21, 28, 30, 51, 42, 12, 0]
Rota do Picker 7: [0, 22, 42, 11, 55, 37, 32, 18, 79, 19, 9, 45, 0]

Caso de teste: SLAPRP_Guo_small_O100_alpha0.2_v5.txt

Distancia Total: 1074.0
Quantidade de Pickers: 7
