Rota do Picker 1: [0, 21, 22, 62, 24, 81, 4, 3, 7, 61, 5, 1, 41, 23, 43, 44, 42, 82, 64, 54, 0]
Rota do Picker 2: [0, 1, 21, 41, 61, 12, 52, 72, 34, 25, 55, 62, 82, 81, 23, 43, 4, 73, 92, 46, 14, 5, 8, 22, 36, 74, 0]
Rota do Picker 3: [0, 43, 23, 62, 44, 24, 22, 4, 45, 81, 83, 82, 42, 21, 25, 61, 5, 41, 1, 54, 0]
Rota do Picker 4: [0, 25, 41, 1, 82, 22, 6, 24, 4, 21, 44, 8, 42, 62, 7, 45, 26, 61, 27, 65, 63, 64, 5, 43, 23, 3, 0]
Rota do Picker 5: [0, 83, 25, 82, 21, 22, 42, 62, 5, 26, 8, 23, 64, 44, 24, 41, 27, 46, 6, 4, 1, 43, 37, 7, 61, 65, 0]
Rota do Picker 6: [0, 61, 14, 81, 41, 21, 92, 33, 1, 52, 72, 15, 54, 75, 42, 82, 36, 56, 55, 53, 93, 37, 74, 34, 0]
Rota do Picker 7: [0, 21, 41, 51, 26, 42, 22, 46, 5, 25, 45, 65, 83, 6, 82, 64, 27, 63, 4, 3, 1, 24, 44, 43, 23, 61, 0]
Rota do Picker 8: [0, 61, 83, 26, 46, 64, 23, 65, 74, 72, 45, 27, 7, 6, 63, 8, 62, 41, 5, 25, 82, 21, 24, 43, 44, 4, 42, 22, 1, 0]
Rota do Picker 9: [0, 82, 3, 21, 41, 26, 6, 8, 23, 83, 43, 46, 7, 24, 4, 22, 42, 27, 25, 64, 44, 5, 1, 0]
Rota do Picker 10: [0, 21, 41, 5, 45, 34, 74, 1, 52, 72, 6, 44, 92, 64, 82, 62, 54, 23, 22, 42, 7, 56, 81, 24, 83, 61, 0]
Rota do Picker 11: [0, 1, 41, 61, 14, 75, 21, 52, 72, 15, 74, 33, 53, 93, 37, 18, 16, 34, 56, 54, 36, 35, 92, 81, 0]

Caso de teste: SLAPRP_Guo_small_O200_alpha0.3_v1.txt

Distancia Total: 1798.0
Quantidade de Pickers: 11
