Rota do Picker 1: [0, 65, 81, 25, 63, 44, 5, 83, 62, 6, 43, 23, 61, 41, 4, 24, 26, 42, 22, 21, 1, 53, 0]
Rota do Picker 2: [0, 23, 43, 5, 46, 82, 41, 25, 45, 24, 83, 1, 21, 4, 6, 7, 65, 27, 26, 44, 3, 22, 42, 8, 64, 0]
Rota do Picker 3: [0, 1, 22, 42, 82, 55, 93, 71, 51, 53, 61, 41, 21, 91, 62, 15, 0]
Rota do Picker 4: [0, 25, 3, 46, 1, 61, 7, 62, 82, 27, 22, 65, 6, 41, 4, 24, 5, 64, 43, 23, 26, 45, 21, 63, 44, 0]
Rota do Picker 5: [0, 1, 3, 62, 82, 18, 61, 41, 52, 72, 43, 23, 63, 15, 75, 92, 0]
Rota do Picker 6: [0, 21, 81, 43, 3, 1, 4, 91, 16, 52, 92, 36, 44, 23, 61, 41, 22, 42, 18, 0]
Rota do Picker 7: [0, 41, 61, 4, 23, 43, 62, 18, 44, 83, 8, 26, 22, 42, 6, 46, 82, 7, 21, 1, 63, 65, 5, 24, 25, 3, 64, 27, 0]
Rota do Picker 8: [0, 15, 45, 17, 5, 63, 23, 21, 2, 81, 65, 64, 61, 7, 75, 54, 44, 82, 62, 42, 22, 36, 43, 24, 4, 41, 1, 3, 83, 55, 74, 0]
Rota do Picker 9: [0, 32, 41, 92, 52, 21, 1, 4, 18, 22, 62, 15, 42, 13, 53, 72, 61, 12, 16, 93, 56, 35, 55, 54, 34, 73, 36, 37, 17, 33, 91, 71, 0]
Rota do Picker 10: [0, 7, 63, 82, 62, 61, 41, 64, 43, 23, 1, 6, 81, 25, 83, 5, 4, 44, 24, 21, 65, 46, 27, 26, 42, 22, 0]
Rota do Picker 11: [0, 21, 22, 42, 4, 24, 43, 36, 1, 41, 5, 23, 25, 6, 3, 7, 81, 44, 64, 27, 63, 0]
Rota do Picker 12: [0, 1, 21, 41, 61, 43, 64, 63, 82, 62, 23, 36, 6, 5, 24, 4, 25, 83, 3, 81, 27, 42, 22, 0]
Rota do Picker 13: [0, 5, 1, 23, 62, 82, 26, 21, 41, 4, 44, 64, 25, 7, 22, 8, 2, 24, 42, 43, 63, 83, 27, 81, 0]

Caso de teste: SLAPRP_Guo_small_O200_alpha0.4_v6.txt

Distancia Total: 2038.0
Quantidade de Pickers: 13
