Rota do Picker 1: [0, 21, 3, 47, 23, 26, 46, 8, 48, 10, 13, 1, 2, 4, 9, 30, 72, 50, 22, 27, 45, 41, 0]
Rota do Picker 2: [0, 3, 45, 36, 40, 71, 9, 8, 23, 1, 47, 5, 22, 2, 4, 41, 61, 21, 26, 46, 10, 30, 20, 39, 48, 7, 14, 0]
Rota do Picker 3: [0, 51, 18, 3, 42, 21, 20, 52, 11, 45, 5, 22, 41, 47, 46, 40, 1, 12, 36, 57, 55, 37, 13, 39, 62, 2, 0]
Rota do Picker 4: [0, 3, 52, 22, 42, 13, 47, 5, 18, 12, 2, 14, 27, 46, 45, 20, 26, 24, 21, 1, 36, 0]
Rota do Picker 5: [0, 12, 22, 26, 46, 8, 45, 18, 5, 21, 4, 13, 9, 33, 43, 48, 40, 30, 39, 61, 47, 3, 2, 1, 27, 20, 0]
Rota do Picker 6: [0, 2, 22, 45, 5, 18, 46, 47, 40, 20, 3, 21, 72, 48, 8, 12, 51, 31, 62, 42, 26, 36, 0]
Rota do Picker 7: [0, 23, 45, 46, 42, 20, 36, 2, 22, 62, 51, 71, 0]

Caso de teste: SLAPRP_Guo_small_O100_alpha0.2_v8.txt

Distancia Total: 1338.0
Quantidade de Pickers: 7
