Rota do Picker 1: [0, 41, 61, 81, 1, 21, 63, 64, 24, 56, 5, 43, 23, 3, 62, 0]
Rota do Picker 2: [0, 44, 42, 81, 5, 24, 62, 27, 83, 21, 7, 25, 43, 23, 3, 61, 41, 1, 65, 63, 45, 82, 46, 26, 0]
Rota do Picker 3: [0, 1, 41, 61, 24, 21, 23, 43, 82, 63, 3, 81, 62, 5, 65, 83, 44, 26, 64, 0]
Rota do Picker 4: [0, 21, 41, 63, 65, 1, 25, 83, 6, 23, 61, 81, 3, 64, 24, 5, 44, 43, 26, 82, 62, 45, 7, 0]
Rota do Picker 5: [0, 1, 61, 23, 43, 5, 41, 21, 3, 63, 56, 8, 62, 7, 26, 46, 81, 44, 24, 64, 83, 6, 0]
Rota do Picker 6: [0, 24, 7, 44, 65, 61, 45, 6, 63, 64, 46, 8, 25, 41, 82, 83, 27, 1, 26, 5, 43, 23, 3, 21, 0]
Rota do Picker 7: [0, 1, 41, 61, 12, 52, 15, 55, 34, 31, 0]

Caso de teste: SLAPRP_Guo_small_O100_alpha0.3_v6.txt

Distancia Total: 880.0
Quantidade de Pickers: 7
