Rota do Picker 1: [0, 30, 17, 31, 39, 8, 27, 22, 42, 1, 47, 97, 18, 13, 10, 9, 70, 2, 32, 52, 80, 66, 78, 11, 40, 41, 60, 20, 46, 26, 28, 45, 3, 37, 76, 33, 12, 0]
Rota do Picker 2: [0, 33, 40, 14, 66, 46, 45, 37, 76, 47, 26, 20, 60, 36, 51, 97, 1, 18, 80, 70, 21, 2, 13, 31, 11, 9, 28, 8, 78, 39, 17, 32, 12, 0]
Rota do Picker 3: [0, 45, 8, 28, 30, 50, 27, 76, 11, 78, 2, 47, 33, 1, 26, 9, 10, 12, 70, 66, 46, 14, 21, 87, 0]
Rota do Picker 4: [0, 9, 21, 1, 3, 10, 28, 8, 78, 18, 11, 26, 46, 20, 40, 42, 66, 45, 60, 23, 47, 27, 76, 52, 32, 12, 39, 0]
Rota do Picker 5: [0, 10, 47, 45, 52, 32, 66, 26, 42, 22, 37, 21, 46, 51, 31, 13, 23, 78, 50, 30, 60, 41, 8, 3, 1, 70, 11, 27, 87, 28, 9, 76, 14, 0]
Rota do Picker 6: [0, 26, 50, 70, 9, 76, 60, 30, 28, 46, 45, 78, 10, 23, 65, 36, 87, 22, 41, 3, 13, 1, 31, 47, 42, 66, 27, 0]
Rota do Picker 7: [0, 20, 33, 47, 46, 78, 76, 12, 28, 45, 22, 9, 0]
Rota do Picker 8: [0, 22, 26, 70, 78, 13, 33, 3, 27, 50, 11, 66, 12, 30, 31, 41, 10, 51, 37, 76, 23, 9, 28, 46, 45, 0]
Rota do Picker 9: [0, 47, 50, 78, 13, 87, 41, 3, 2, 30, 27, 28, 8, 33, 31, 9, 21, 70, 76, 23, 10, 65, 45, 46, 26, 1, 0]
Rota do Picker 10: [0, 26, 46, 22, 17, 97, 0]
Rota do Picker 11: [0, 51, 33, 30, 12, 9, 1, 8, 87, 60, 41, 2, 26, 65, 20, 22, 42, 10, 50, 78, 70, 76, 36, 28, 46, 11, 14, 37, 31, 23, 47, 27, 45, 21, 0]
Rota do Picker 12: [0, 3, 23, 45, 47, 22, 14, 60, 70, 33, 42, 10, 28, 8, 37, 76, 31, 46, 9, 20, 27, 30, 78, 65, 26, 40, 87, 41, 50, 21, 80, 0]
Rota do Picker 13: [0, 65, 8, 30, 17, 37, 31, 33, 11, 2, 22, 27, 41, 1, 12, 60, 32, 52, 50, 78, 76, 10, 28, 21, 3, 20, 9, 45, 46, 26, 87, 23, 0]
Rota do Picker 14: [0, 70, 47, 45, 30, 26, 21, 2, 50, 10, 46, 87, 27, 9, 28, 8, 1, 0]

Caso de teste: SLAPRP_Guo_small_O200_alpha0.3_v7.txt

Distancia Total: 3632.0
Quantidade de Pickers: 14
