Rota do Picker 1: [0, 20, 96, 47, 87, 27, 10, 30, 46, 45, 7, 8, 48, 9, 69, 64, 84, 26, 17, 0]
Rota do Picker 2: [0, 17, 64, 84, 45, 8, 46, 26, 27, 7, 67, 87, 48, 9, 30, 47, 40, 20, 1, 0]
Rota do Picker 3: [0, 7, 26, 46, 8, 48, 89, 84, 64, 21, 41, 27, 47, 45, 30, 69, 9, 1, 0]
Rota do Picker 4: [0, 7, 46, 26, 65, 10, 8, 27, 9, 69, 30, 48, 3, 83, 45, 84, 96, 37, 17, 89, 87, 67, 41, 1, 22, 64, 0]
Rota do Picker 5: [0, 1, 21, 7, 27, 67, 8, 46, 26, 10, 47, 87, 45, 3, 51, 37, 20, 75, 12, 31, 55, 57, 39, 59, 93, 13, 17, 18, 19, 96, 32, 9, 22, 0]
Rota do Picker 6: [0, 1, 3, 7, 27, 87, 9, 69, 30, 40, 75, 51, 59, 98, 74, 11, 37, 19, 39, 18, 94, 13, 12, 93, 55, 77, 57, 17, 31, 21, 0]

Caso de teste: SLAPRP_Guo_small_O100_alpha0.2_v1.txt

Distancia Total: 978.0
Quantidade de Pickers: 6
