Rota do Picker 1: [0, 22, 0]
Rota do Picker 2: [0, 22, 0]
Rota do Picker 3: [0, 12, 13, 41, 21, 2, 22, 42, 3, 23, 1, 33, 51, 31, 11, 52, 0]
Rota do Picker 4: [0, 11, 12, 52, 13, 33, 51, 31, 41, 21, 1, 3, 23, 2, 42, 0]
Rota do Picker 5: [0, 11, 12, 32, 52, 51, 31, 21, 41, 1, 2, 22, 42, 3, 0]
Rota do Picker 6: [0, 11, 31, 51, 3, 2, 42, 22, 12, 32, 13, 33, 41, 21, 1, 0]
Rota do Picker 7: [0, 1, 41, 21, 3, 31, 11, 51, 52, 32, 12, 13, 2, 22, 42, 0]
Rota do Picker 8: [0, 11, 31, 51, 33, 13, 32, 12, 52, 41, 21, 1, 23, 22, 2, 0]
Rota do Picker 9: [0, 1, 2, 22, 42, 11, 31, 13, 32, 12, 41, 21, 3, 23, 0]
Rota do Picker 10: [0, 21, 1, 12, 32, 11, 31, 51, 3, 23, 42, 22, 2, 0]
Rota do Picker 11: [0, 1, 21, 2, 22, 3, 33, 52, 13, 31, 51, 11, 42, 23, 12, 32, 0]
Rota do Picker 12: [0, 33, 12, 11, 31, 41, 21, 1, 2, 22, 42, 51, 0]
Rota do Picker 13: [0, 1, 21, 2, 22, 11, 31, 13, 33, 12, 32, 0]

Caso de teste: SLAPRP_Guo_small_O200_alpha0.4_v9.txt

Distancia Total: 508.0
Quantidade de Pickers: 13
