Rota do Picker 1: [0, 32, 76, 10, 1, 5, 30, 21, 41, 62, 24, 50, 83, 3, 26, 8, 23, 22, 61, 9, 27, 4, 42, 2, 0]
Rota do Picker 2: [0, 2, 22, 9, 10, 40, 21, 30, 27, 51, 3, 83, 8, 26, 61, 33, 45, 41, 23, 11, 4, 42, 1, 0]
Rota do Picker 3: [0, 12, 10, 4, 68, 9, 8, 3, 42, 2, 1, 51, 22, 23, 30, 83, 24, 27, 5, 21, 41, 32, 45, 0]
Rota do Picker 4: [0, 2, 61, 32, 20, 10, 45, 60, 94, 22, 21, 30, 40, 76, 14, 42, 23, 1, 62, 3, 33, 0]
Rota do Picker 5: [0, 2, 22, 42, 11, 20, 1, 32, 40, 23, 52, 94, 12, 83, 17, 36, 76, 21, 41, 61, 60, 45, 0]
Rota do Picker 6: [0, 21, 2, 42, 11, 76, 62, 61, 51, 36, 0]
Rota do Picker 7: [0, 2, 42, 13, 36, 60, 45, 76, 94, 20, 32, 3, 33, 51, 41, 61, 11, 40, 22, 71, 43, 23, 1, 62, 21, 17, 0]
Rota do Picker 8: [0, 11, 12, 32, 17, 23, 30, 2, 22, 42, 45, 40, 27, 62, 60, 21, 1, 9, 3, 8, 0]
Rota do Picker 9: [0, 45, 8, 41, 21, 24, 26, 50, 14, 68, 61, 27, 10, 83, 1, 30, 9, 23, 4, 42, 22, 2, 0]
Rota do Picker 10: [0, 21, 8, 41, 43, 83, 5, 24, 1, 2, 22, 42, 23, 10, 50, 13, 9, 30, 26, 61, 45, 27, 68, 62, 33, 0]
Rota do Picker 11: [0, 40, 9, 26, 8, 83, 23, 62, 42, 2, 21, 1, 14, 10, 33, 50, 24, 27, 22, 4, 30, 45, 41, 0]
Rota do Picker 12: [0, 24, 41, 3, 11, 45, 30, 51, 13, 10, 21, 2, 26, 9, 60, 50, 42, 83, 61, 1, 12, 32, 76, 40, 8, 23, 62, 22, 0]
Rota do Picker 13: [0, 8, 83, 33, 30, 61, 24, 4, 26, 13, 60, 11, 3, 45, 21, 41, 32, 40, 10, 9, 42, 51, 27, 23, 22, 2, 1, 62, 0]
Rota do Picker 14: [0, 10, 9, 8, 23, 21, 30, 5, 1, 42, 26, 68, 2, 4, 61, 45, 22, 50, 27, 24, 83, 0]

Caso de teste: SLAPRP_Guo_small_O200_alpha0.2_v10.txt

Distancia Total: 2672.0
Quantidade de Pickers: 14
