Rota do Picker 1: [0, 71, 91, 74, 1, 61, 81, 42, 5, 16, 36, 15, 72, 52, 33, 22, 46, 4, 24, 44, 3, 23, 43, 63, 83, 27, 7, 41, 21, 0]
Rota do Picker 2: [0, 1, 41, 61, 5, 25, 43, 4, 7, 8, 46, 64, 85, 45, 3, 2, 17, 37, 54, 65, 44, 24, 42, 22, 21, 0]
Rota do Picker 3: [0, 1, 21, 41, 61, 81, 62, 23, 43, 74, 34, 54, 33, 36, 16, 13, 53, 85, 5, 4, 3, 82, 42, 22, 8, 65, 45, 25, 0]
Rota do Picker 4: [0, 1, 21, 3, 4, 5, 25, 45, 17, 16, 74, 54, 7, 85, 24, 84, 44, 81, 61, 41, 23, 63, 43, 0]
Rota do Picker 5: [0, 1, 21, 41, 4, 24, 64, 35, 55, 13, 33, 73, 65, 5, 3, 23, 43, 82, 42, 22, 6, 7, 84, 44, 91, 71, 31, 11, 0]
Rota do Picker 6: [0, 1, 21, 41, 61, 81, 3, 5, 25, 85, 47, 43, 23, 36, 37, 17, 94, 74, 54, 15, 0]
Rota do Picker 7: [0, 21, 81, 41, 71, 91, 8, 6, 24, 27, 61, 36, 17, 16, 26, 7, 25, 5, 4, 83, 43, 23, 3, 1, 0]
Rota do Picker 8: [0, 1, 3, 23, 43, 24, 84, 73, 33, 53, 16, 17, 7, 6, 26, 46, 5, 44, 4, 81, 61, 41, 21, 12, 71, 91, 42, 22, 36, 0]
Rota do Picker 9: [0, 21, 1, 61, 81, 3, 5, 25, 43, 23, 63, 83, 65, 45, 22, 82, 42, 41, 73, 0]
Rota do Picker 10: [0, 1, 21, 61, 81, 3, 43, 23, 4, 24, 27, 6, 41, 22, 5, 45, 25, 15, 55, 14, 34, 54, 94, 51, 91, 71, 0]
Rota do Picker 11: [0, 21, 1, 41, 81, 61, 4, 5, 25, 65, 43, 23, 3, 62, 82, 42, 14, 16, 32, 12, 33, 74, 54, 0]

Caso de teste: SLAPRP_Guo_small_O200_alpha0.4_v2.txt

Distancia Total: 1234.0
Quantidade de Pickers: 11
