Rota do Picker 1: [0, 14, 21, 85, 20, 30, 9, 1, 36, 52, 23, 76, 2, 22, 42, 45, 46, 26, 27, 34, 41, 10, 47, 12, 84, 33, 3, 0]
Rota do Picker 2: [0, 22, 12, 0]
Rota do Picker 3: [0, 51, 31, 11, 61, 41, 94, 74, 55, 12, 62, 22, 21, 76, 33, 1, 84, 20, 2, 37, 47, 72, 14, 3, 42, 93, 52, 18, 26, 0]
Rota do Picker 4: [0, 20, 9, 36, 21, 94, 14, 51, 31, 11, 74, 96, 93, 33, 12, 52, 55, 18, 37, 39, 76, 10, 22, 40, 0]
Rota do Picker 5: [0, 1, 22, 42, 12, 33, 93, 18, 10, 14, 52, 55, 30, 94, 32, 41, 2, 37, 20, 31, 76, 26, 51, 39, 84, 47, 74, 0]
Rota do Picker 6: [0, 46, 1, 27, 9, 36, 76, 33, 23, 12, 14, 21, 30, 42, 61, 85, 52, 93, 10, 34, 4, 2, 20, 84, 45, 26, 22, 40, 0]
Rota do Picker 7: [0, 26, 34, 31, 84, 14, 96, 41, 33, 72, 1, 11, 51, 71, 61, 2, 94, 74, 55, 42, 22, 47, 20, 18, 52, 23, 37, 40, 75, 76, 93, 12, 0]
Rota do Picker 8: [0, 93, 33, 32, 36, 97, 94, 74, 34, 60, 1, 52, 37, 39, 96, 11, 31, 51, 40, 20, 42, 19, 18, 55, 12, 22, 14, 10, 0]
Rota do Picker 9: [0, 41, 22, 46, 9, 2, 45, 4, 11, 27, 26, 23, 21, 33, 10, 12, 61, 85, 47, 30, 42, 52, 62, 0]
Rota do Picker 10: [0, 52, 27, 26, 2, 20, 36, 46, 85, 45, 22, 61, 30, 10, 18, 93, 3, 42, 12, 23, 33, 0]
Rota do Picker 11: [0, 20, 42, 61, 74, 94, 10, 21, 18, 93, 31, 33, 34, 76, 1, 22, 12, 37, 39, 96, 47, 52, 19, 30, 55, 51, 11, 0]
Rota do Picker 12: [0, 10, 42, 3, 50, 30, 22, 26, 46, 27, 9, 45, 47, 84, 62, 0]
Rota do Picker 13: [0, 52, 30, 9, 76, 12, 42, 10, 27, 45, 4, 1, 41, 22, 51, 40, 3, 33, 61, 36, 46, 23, 31, 20, 26, 34, 0]

Caso de teste: SLAPRP_Guo_small_O200_alpha0.4_v6.txt

Distancia Total: 2890.0
Quantidade de Pickers: 13
