Rota do Picker 1: [0, 26, 45, 10, 7, 87, 27, 8, 49, 68, 47, 30, 9, 46, 84, 70, 50, 48, 28, 89, 60, 0]
Rota do Picker 2: [0, 8, 9, 89, 37, 80, 19, 76, 49, 60, 45, 28, 1, 36, 96, 70, 10, 7, 20, 48, 27, 30, 17, 40, 46, 26, 47, 0]
Rota do Picker 3: [0, 1, 49, 31, 10, 47, 68, 36, 37, 78, 50, 30, 84, 20, 46, 26, 7, 45, 89, 17, 87, 27, 9, 8, 19, 0]
Rota do Picker 4: [0, 11, 80, 31, 1, 98, 94, 18, 37, 97, 20, 60, 59, 76, 36, 78, 19, 21, 74, 10, 39, 57, 55, 28, 48, 17, 0]
Rota do Picker 5: [0, 48, 28, 46, 26, 70, 47, 87, 9, 7, 1, 36, 45, 27, 30, 10, 8, 0]
Rota do Picker 6: [0, 60, 26, 9, 48, 37, 19, 28, 97, 78, 40, 8, 96, 36, 45, 27, 46, 55, 0]

Caso de teste: SLAPRP_Guo_small_O100_alpha0.4_v9.txt

Distancia Total: 1344.0
Quantidade de Pickers: 6
