Rota do Picker 1: [0, 22, 26, 46, 8, 9, 89, 87, 50, 67, 64, 27, 10, 47, 45, 30, 69, 7, 0]
Rota do Picker 2: [0, 84, 30, 64, 89, 69, 10, 21, 26, 8, 9, 47, 65, 87, 67, 50, 45, 46, 27, 7, 83, 0]
Rota do Picker 3: [0, 47, 27, 87, 84, 45, 69, 10, 9, 7, 46, 26, 89, 30, 8, 1, 67, 65, 50, 0]
Rota do Picker 4: [0, 76, 98, 1, 93, 21, 20, 11, 77, 3, 37, 83, 2, 74, 94, 18, 47, 32, 57, 30, 7, 39, 75, 55, 36, 12, 10, 22, 0]
Rota do Picker 5: [0, 69, 22, 64, 65, 27, 3, 2, 46, 10, 83, 50, 87, 84, 47, 1, 45, 26, 30, 9, 8, 7, 41, 21, 0]
Rota do Picker 6: [0, 64, 27, 87, 45, 50, 89, 9, 8, 46, 26, 41, 7, 21, 69, 30, 67, 47, 84, 65, 0]
Rota do Picker 7: [0, 8, 83, 37, 10, 84, 30, 50, 47, 67, 9, 46, 26, 41, 89, 20, 22, 3, 45, 87, 27, 7, 2, 21, 65, 64, 1, 0]
Rota do Picker 8: [0, 65, 46, 69, 84, 47, 2, 3, 1, 89, 10, 83, 64, 41, 30, 20, 50, 27, 8, 26, 37, 45, 9, 87, 67, 7, 21, 32, 0]
Rota do Picker 9: [0, 7, 27, 87, 26, 45, 10, 84, 3, 47, 30, 50, 46, 9, 64, 1, 69, 41, 65, 8, 21, 0]
Rota do Picker 10: [0, 2, 55, 75, 39, 59, 57, 7, 51, 93, 40, 12, 37, 21, 98, 19, 11, 41, 13, 47, 77, 20, 18, 94, 74, 32, 0]
Rota do Picker 11: [0, 83, 87, 27, 7, 1, 3, 26, 67, 64, 10, 65, 2, 69, 9, 21, 22, 47, 84, 45, 8, 46, 41, 0]
Rota do Picker 12: [0, 21, 2, 11, 93, 57, 10, 36, 41, 26, 8, 9, 45, 83, 46, 64, 12, 32, 47, 30, 22, 3, 20, 37, 87, 27, 7, 0]

Caso de teste: SLAPRP_Guo_small_O200_alpha0.3_v8.txt

Distancia Total: 2438.0
Quantidade de Pickers: 12
