SKUs: 40
Pedidos: 200

Primeiro pedido:
Order(1, [2, 3, 5, 6, 17])

Ultimo pedido:
Order(200, [1, 5, 39])

Location(1, 1, -1, 20)
Location(2, 1, -2, 20)
Location(3, 1, -3, 20)
Location(4, 1, -4, 20)
Location(5, 1, -5, 20)
Location(6, 1, -6, 20)
Location(7, 1, -7, 20)
Location(8, 1, -8, 20)
Location(9, 1, -9, 20)
Location(10, 1, -10, 40)
Location(11, 1, 1, 20)
Location(12, 1, 2, 20)
Location(13, 1, 3, 20)
Location(14, 1, 4, 20)
Location(15, 1, 5, 20)
Location(16, 1, 6, 20)
Location(17, 1, 7, 20)
Location(18, 1, 8, 20)
Location(19, 1, 9, 20)
Location(20, 1, 10, 40)
Location(21, 2, -1, 20)
Location(22, 2, -2, 20)
Location(23, 2, -3, 20)
Location(24, 2, -4, 20)
Location(25, 2, -5, 20)
Location(26, 2, -6, 20)
Location(27, 2, -7, 20)
Location(28, 2, -8, 20)
Location(29, 2, -9, 20)
Location(30, 2, -10, 40)
Location(31, 2, 1, 20)
Location(32, 2, 2, 20)
Location(33, 2, 3, 20)
Location(34, 2, 4, 20)
Location(35, 2, 5, 20)
Location(36, 2, 6, 20)
Location(37, 2, 7, 20)
Location(38, 2, 8, 20)
Location(39, 2, 9, 20)
Location(40, 2, 10, 40)
Location(41, 3, -1, 20)
Location(42, 3, -2, 20)
Location(43, 3, -3, 20)
Location(44, 3, -4, 20)
Location(45, 3, -5, 20)
Location(46, 3, -6, 20)
Location(47, 3, -7, 20)
Location(48, 3, -8, 20)
Location(49, 3, -9, 20)
Location(50, 3, -10, 40)
Location(51, 3, 1, 20)
Location(52, 3, 2, 20)
Location(53, 3, 3, 20)
Location(54, 3, 4, 20)
Location(55, 3, 5, 20)
Location(56, 3, 6, 20)
Location(57, 3, 7, 20)
Location(58, 3, 8, 20)
Location(59, 3, 9, 20)
Location(60, 3, 10, 40)
Location(61, 4, -1, 20)
Location(62, 4, -2, 20)
Location(63, 4, -3, 20)
Location(64, 4, -4, 20)
Location(65, 4, -5, 20)
Location(66, 4, -6, 20)
Location(67, 4, -7, 20)
Location(68, 4, -8, 20)
Location(69, 4, -9, 20)
Location(70, 4, -10, 40)
Location(71, 4, 1, 20)
Location(72, 4, 2, 20)
Location(73, 4, 3, 20)
Location(74, 4, 4, 20)
Location(75, 4, 5, 20)
Location(76, 4, 6, 20)
Location(77, 4, 7, 20)
Location(78, 4, 8, 20)
Location(79, 4, 9, 20)
Location(80, 4, 10, 40)
Location(81, 5, -1, 20)
Location(82, 5, -2, 20)
Location(83, 5, -3, 20)
Location(84, 5, -4, 20)
Location(85, 5, -5, 20)
Location(86, 5, -6, 20)
Location(87, 5, -7, 20)
Location(88, 5, -8, 20)
Location(89, 5, -9, 20)
Location(90, 5, -10, 40)
Location(91, 5, 1, 20)
Location(92, 5, 2, 20)
Location(93, 5, 3, 20)
Location(94, 5, 4, 20)
Location(95, 5, 5, 20)
Location(96, 5, 6, 20)
Location(97, 5, 7, 20)
Location(98, 5, 8, 20)
Location(99, 5, 9, 20)
Location(100, 5, 10, 40)

Frequencias: [92, 83, 102, 76, 124, 126, 85, 95, 14, 11, 17, 11, 14, 16, 8, 11, 9, 11, 6, 7, 12, 9, 6, 6, 12, 12, 12, 6, 4, 9, 11, 14, 13, 10, 6, 4, 10, 11, 12, 0]

Matriz de coocorrencia: 
40×40 Matrix{Int64}:
  0  44  50  40  60  60  37  49  3  6  8  3  3   9  4  7  5  6  2  2  9  4  0  5   5   6  6  3  1  4  5  6  7  2  2  1  5  5  7  0
 44   0  45  40  57  51  36  45  6  8  5  4  4   6  5  2  3  4  4  3  5  4  1  5   6   5  4  2  3  4  2  7  3  4  3  1  5  5  5  0
 50  45   0  46  66  71  54  57  8  5  7  4  7   8  3  8  4  6  3  3  8  7  1  3   8  10  7  3  3  4  7  5  4  4  3  2  2  5  3  0
 40  40  46   0  47  45  41  42  5  4  6  3  3   6  4  1  2  3  4  2  2  5  2  2   4   7  4  3  2  5  3  3  3  4  1  1  6  4  2  0
 60  57  66  47   0  70  57  63  7  9  9  5  7   7  6  8  5  8  3  4  9  4  2  2   7   7  7  2  3  2  6  8  5  4  2  2  6  7  7  0
 60  51  71  45  70   0  52  64  8  7  8  7  8  12  5  8  5  8  3  5  9  6  5  3   8   8  8  5  2  2  7  8  5  3  5  3  5  6  8  0
 37  36  54  41  57  52   0  45  5  6  9  4  4   6  4  6  4  5  2  4  5  4  2  2   6   4  5  2  2  4  3  6  3  5  2  3  4  4  5  0
 49  45  57  42  63  64  45   0  9  7  8  6  7   6  5  5  4  5  6  0  6  4  1  2  11   3  6  2  2  3  4  7  5  5  3  1  4  5  4  0
  3   6   8   5   7   8   5   9  0  2  0  1  0   1  0  0  0  0  2  0  0  0  0  0   3   0  1  0  0  2  3  0  1  1  0  1  0  2  1  0
  6   8   5   4   9   7   6   7  2  0  0  0  0   1  1  0  0  0  0  0  0  1  1  1   0   1  0  2  1  0  0  1  0  0  0  0  0  1  1  0
  8   5   7   6   9   8   9   8  0  0  0  2  2   1  0  1  2  2  0  0  1  0  0  1   2   0  1  1  1  2  1  1  0  0  0  0  2  1  0  0
  3   4   4   3   5   7   4   6  1  0  2  0  0   0  0  0  0  0  1  0  0  0  1  0   2   0  0  1  0  0  0  3  2  1  0  1  1  0  1  0
  3   4   7   3   7   8   4   7  0  0  2  0  0   0  0  0  1  3  0  1  1  0  1  0   0   0  1  0  0  0  0  0  3  0  1  0  3  1  0  0
  9   6   8   6   7  12   6   6  1  1  1  0  0   0  0  0  0  1  0  0  1  1  2  0   2   1  0  1  0  1  3  3  2  1  0  0  1  0  0  0
  4   5   3   4   6   5   4   5  0  1  0  0  0   0  0  1  0  0  0  1  0  0  0  0   0   0  0  0  0  1  1  1  0  0  0  0  0  3  1  0
  7   2   8   1   8   8   6   5  0  0  1  0  0   0  1  0  1  0  0  2  1  1  0  1   0   1  1  0  0  0  0  0  0  0  0  0  0  1  2  0
  5   3   4   2   5   5   4   4  0  0  2  0  1   0  0  1  0  0  0  1  1  1  0  0   0   1  0  0  0  0  0  0  1  0  0  0  1  1  0  0
  6   4   6   3   8   8   5   5  0  0  2  0  3   1  0  0  0  0  0  0  0  0  0  2   0   0  0  0  0  1  0  0  2  1  1  0  3  0  0  0
  2   4   3   4   3   3   2   6  2  0  0  1  0   0  0  0  0  0  0  0  1  0  0  0   2   0  0  0  0  0  0  1  0  0  0  0  0  0  1  0
  2   3   3   2   4   5   4   0  0  0  0  0  1   0  1  2  1  0  0  0  0  0  1  1   0   0  0  0  0  0  0  0  1  0  0  0  1  0  0  0
  9   5   8   2   9   9   5   6  0  0  1  0  1   1  0  1  1  0  1  0  0  0  0  0   1   0  1  0  1  1  0  0  0  0  0  0  1  1  1  0
  4   4   7   5   4   6   4   4  0  1  0  0  0   1  0  1  1  0  0  0  0  0  0  1   0   2  1  0  0  0  0  0  0  2  1  0  0  1  0  0
  0   1   1   2   2   5   2   1  0  1  0  1  1   2  0  0  0  0  0  1  0  0  0  0   0   1  0  1  0  0  1  1  1  0  0  0  1  0  1  0
  5   5   3   2   2   3   2   2  0  1  1  0  0   0  0  1  0  2  0  1  0  1  0  0   0   0  0  1  0  1  0  0  1  1  1  0  1  0  0  0
  5   6   8   4   7   8   6  11  3  0  2  2  0   2  0  0  0  0  2  0  1  0  0  0   0   0  0  0  0  0  1  0  0  0  0  0  1  0  0  0
  6   5  10   7   7   8   4   3  0  1  0  0  0   1  0  1  1  0  0  0  0  2  1  0   0   0  2  2  1  0  1  2  1  0  0  1  0  0  1  0
  6   4   7   4   7   8   5   6  1  0  1  0  1   0  0  1  0  0  0  0  1  1  0  0   0   2  0  0  0  0  0  1  2  0  0  1  0  1  1  0
  3   2   3   3   2   5   2   2  0  2  1  1  0   1  0  0  0  0  0  0  0  0  1  1   0   2  0  0  0  0  1  2  0  0  0  0  0  0  0  0
  1   3   3   2   3   2   2   2  0  1  1  0  0   0  0  0  0  0  0  0  1  0  0  0   0   1  0  0  0  0  0  0  0  0  0  0  0  0  0  0
  4   4   4   5   2   2   4   3  2  0  2  0  0   1  1  0  0  1  0  0  1  0  0  1   0   0  0  0  0  0  4  0  1  1  0  0  1  2  0  0
  5   2   7   3   6   7   3   4  3  0  1  0  0   3  1  0  0  0  0  0  0  0  1  0   1   1  0  1  0  4  0  1  2  1  0  1  0  1  3  0
  6   7   5   3   8   8   6   7  0  1  1  3  0   3  1  0  0  0  1  0  0  0  1  0   0   2  1  2  0  0  1  0  3  0  0  1  0  0  1  0
  7   3   4   3   5   5   3   5  1  0  0  2  3   2  0  0  1  2  0  1  0  0  1  1   0   1  2  0  0  1  2  3  0  0  1  0  1  0  0  0
  2   4   4   4   4   3   5   5  1  0  0  1  0   1  0  0  0  1  0  0  0  2  0  1   0   0  0  0  0  1  1  0  0  0  2  0  0  0  0  0
  2   3   3   1   2   5   2   3  0  0  0  0  1   0  0  0  0  1  0  0  0  1  0  1   0   0  0  0  0  0  0  0  1  2  0  0  0  0  0  0
  1   1   2   1   2   3   3   1  1  0  0  1  0   0  0  0  0  0  0  0  0  0  0  0   0   1  1  0  0  0  1  1  0  0  0  0  0  0  2  0
  5   5   2   6   6   5   4   4  0  0  2  1  3   1  0  0  1  3  0  1  1  0  1  1   1   0  0  0  0  1  0  0  1  0  0  0  0  0  0  0
  5   5   5   4   7   6   4   5  2  1  1  0  1   0  3  1  1  0  0  0  1  1  0  0   0   0  1  0  0  2  1  0  0  0  0  0  0  0  3  0
  7   5   3   2   7   8   5   4  1  1  0  1  0   0  1  2  0  0  1  0  1  0  1  0   0   1  1  0  0  0  3  1  0  0  0  2  0  3  0  0
  0   0   0   0   0   0   0   0  0  0  0  0  0   0  0  0  0  0  0  0  0  0  0  0   0   0  0  0  0  0  0  0  0  0  0  0  0  0  0  0
SKU(92, 189.0, 0.07)
SKU(83, 157.0, 0.08)
SKU(102, 139.0, 0.21)
SKU(76, 133.0, 0.1)
SKU(124, 183.0, 0.13)
SKU(126, 215.0, 0.08)
SKU(85, 175.0, 0.07)
SKU(95, 164.0, 0.11)
SKU(14, 39.0, 0.09)
SKU(11, 27.0, 0.21)
SKU(17, 57.0, 0.11)
SKU(11, 44.0, 0.12)
SKU(14, 35.0, 0.19)
SKU(16, 67.0, 0.07)
SKU(8, 57.0, 0.05)
SKU(11, 49.0, 0.09)
SKU(9, 39.0, 0.08)
SKU(11, 36.0, 0.12)
SKU(6, 15.0, 0.26)
SKU(7, 22.0, 0.17)
SKU(12, 63.0, 0.07)
SKU(9, 29.0, 0.16)
SKU(6, 33.0, 0.1)
SKU(6, 52.0, 0.05)
SKU(12, 43.0, 0.11)
SKU(12, 45.0, 0.09)
SKU(12, 39.0, 0.13)
SKU(6, 24.0, 0.16)
SKU(4, 38.0, 0.06)
SKU(9, 71.0, 0.04)
SKU(11, 26.0, 0.15)
SKU(14, 73.0, 0.06)
SKU(13, 62.0, 0.07)
SKU(10, 67.0, 0.05)
SKU(6, 27.0, 0.12)
SKU(4, 14.0, 0.16)
SKU(10, 69.0, 0.04)
SKU(11, 34.0, 0.14)
SKU(12, 40.0, 0.08)
SKU(0, 9.0, 0.12)

Posicao 1 (Corredor 1, Prateleira -1)
   SKU 1 -> 189
   SKU 6 -> 4
   SKU 7 -> 92

Posicao 2 (Corredor 1, Prateleira -2)
   SKU 4 -> 133
   SKU 34 -> 67
   SKU 37 -> 69

Posicao 3 (Corredor 1, Prateleira -3)
   SKU 17 -> 39
   SKU 30 -> 71
   SKU 38 -> 34

Posicao 4 (Corredor 1, Prateleira -4)
   SKU 35 -> 27

Posicao 10 (Corredor 1, Prateleira -10)
   SKU 5 -> 183

Posicao 11 (Corredor 1, Prateleira 1)
   SKU 6 -> 211
   SKU 7 -> 44

Posicao 12 (Corredor 1, Prateleira 2)
   SKU 2 -> 157
   SKU 7 -> 39
   SKU 33 -> 62

Posicao 13 (Corredor 1, Prateleira 3)
   SKU 10 -> 27
   SKU 22 -> 29
   SKU 24 -> 52

Posicao 14 (Corredor 1, Prateleira 4)
   SKU 28 -> 24

Posicao 20 (Corredor 1, Prateleira 10)
   SKU 3 -> 139

Posicao 21 (Corredor 2, Prateleira -1)
   SKU 8 -> 101
   SKU 21 -> 63
   SKU 32 -> 73

Posicao 22 (Corredor 2, Prateleira -2)
   SKU 9 -> 39
   SKU 13 -> 35
   SKU 26 -> 45

Posicao 23 (Corredor 2, Prateleira -3)
   SKU 29 -> 38

Posicao 31 (Corredor 2, Prateleira 1)
   SKU 8 -> 63
   SKU 11 -> 57
   SKU 14 -> 67

Posicao 32 (Corredor 2, Prateleira 2)
   SKU 16 -> 49
   SKU 18 -> 36
   SKU 31 -> 26

Posicao 41 (Corredor 3, Prateleira -1)
   SKU 12 -> 44
   SKU 23 -> 33
   SKU 25 -> 43

Posicao 42 (Corredor 3, Prateleira -2)
   SKU 20 -> 22
   SKU 36 -> 14

Posicao 51 (Corredor 3, Prateleira 1)
   SKU 15 -> 57
   SKU 27 -> 39
   SKU 39 -> 40

Posicao 61 (Corredor 4, Prateleira -1)
   SKU 19 -> 15

Posicao 86 (Corredor 5, Prateleira -6)
   SKU 40 -> 9

