Rota do Picker 1: [0, 1, 21, 41, 61, 81, 2, 62, 22, 3, 23, 4, 31, 11, 0]
Rota do Picker 2: [0, 1, 21, 11, 31, 61, 41, 81, 2, 42, 62, 4, 23, 3, 0]
Rota do Picker 3: [0, 2, 22, 62, 23, 3, 42, 1, 21, 41, 61, 81, 31, 11, 0]
Rota do Picker 4: [0, 1, 21, 3, 23, 4, 2, 22, 42, 41, 61, 81, 11, 0]
Rota do Picker 5: [0, 1, 2, 22, 41, 81, 61, 21, 3, 23, 31, 11, 0]
Rota do Picker 6: [0, 3, 41, 81, 61, 21, 1, 2, 22, 62, 11, 31, 0]
Rota do Picker 7: [0, 21, 41, 61, 81, 1, 3, 4, 23, 2, 42, 22, 31, 11, 0]
Rota do Picker 8: [0, 3, 21, 41, 2, 22, 62, 42, 81, 61, 1, 11, 31, 0]
Rota do Picker 9: [0, 22, 42, 2, 23, 3, 81, 61, 41, 21, 1, 0]
Rota do Picker 10: [0, 11, 31, 22, 2, 42, 4, 41, 61, 21, 1, 0]
Rota do Picker 11: [0, 11, 21, 1, 61, 81, 41, 2, 42, 22, 3, 4, 23, 0]
Rota do Picker 12: [0, 1, 22, 31, 11, 4, 42, 2, 23, 3, 41, 21, 0]
Rota do Picker 13: [0, 22, 2, 3, 21, 61, 41, 62, 42, 1, 0]

Caso de teste: SLAPRP_Guo_small_O200_alpha0.3_v6.txt

Distancia Total: 480.0
Quantidade de Pickers: 13
