Rota do Picker 1: [0, 5, 25, 1, 21, 45, 26, 24, 6, 46, 44, 27, 83, 65, 63, 8, 23, 62, 7, 43, 61, 41, 82, 0]
Rota do Picker 2: [0, 81, 83, 43, 93, 5, 23, 41, 21, 1, 56, 45, 82, 61, 51, 54, 34, 14, 72, 12, 0]
Rota do Picker 3: [0, 44, 64, 83, 23, 41, 1, 65, 26, 8, 21, 25, 81, 45, 63, 61, 43, 5, 6, 0]
Rota do Picker 4: [0, 62, 41, 26, 8, 46, 45, 44, 1, 21, 81, 5, 6, 7, 43, 61, 23, 25, 27, 0]
Rota do Picker 5: [0, 21, 41, 43, 62, 93, 4, 83, 64, 25, 26, 82, 5, 81, 45, 63, 23, 61, 1, 0]

Caso de teste: SLAPRP_Guo_small_O100_alpha0.4_v10.txt

Distancia Total: 704.0
Quantidade de Pickers: 5
