Rota do Picker 1: [0, 21, 3, 23, 43, 83, 26, 46, 27, 10, 33, 39, 55, 75, 20, 76, 36, 14, 72, 32, 41, 2, 42, 19, 51, 13, 37, 11, 0]
Rota do Picker 2: [0, 36, 83, 3, 21, 61, 42, 4, 14, 11, 30, 10, 46, 26, 8, 27, 37, 13, 62, 2, 22, 23, 47, 40, 20, 75, 55, 32, 0]
Rota do Picker 3: [0, 20, 46, 3, 61, 21, 32, 55, 75, 39, 84, 26, 8, 9, 30, 10, 83, 62, 2, 42, 71, 51, 1, 23, 72, 37, 19, 52, 11, 0]
Rota do Picker 4: [0, 27, 8, 23, 21, 41, 11, 51, 32, 52, 37, 40, 39, 75, 55, 14, 36, 20, 43, 42, 2, 62, 46, 26, 3, 61, 0]
Rota do Picker 5: [0, 36, 32, 41, 61, 1, 23, 8, 30, 10, 46, 26, 27, 83, 43, 3, 21, 0]
Rota do Picker 6: [0, 2, 42, 3, 23, 83, 26, 8, 27, 61, 62, 22, 4, 41, 21, 32, 37, 19, 39, 20, 75, 13, 0]
Rota do Picker 7: [0, 46, 26, 45, 47, 23, 41, 1, 3, 43, 83, 8, 9, 89, 36, 20, 40, 33, 14, 51, 4, 30, 10, 27, 22, 2, 21, 61, 0]
Rota do Picker 8: [0, 3, 62, 42, 40, 20, 13, 14, 10, 8, 46, 26, 30, 9, 47, 27, 83, 23, 61, 21, 0]
Rota do Picker 9: [0, 21, 3, 23, 43, 83, 26, 46, 8, 20, 36, 14, 41, 27, 47, 30, 45, 4, 42, 22, 2, 0]
Rota do Picker 10: [0, 32, 62, 26, 3, 21, 41, 94, 20, 14, 37, 84, 46, 8, 9, 10, 30, 27, 67, 43, 23, 47, 45, 42, 2, 1, 0]
Rota do Picker 11: [0, 3, 21, 2, 22, 23, 83, 26, 10, 13, 33, 43, 42, 1, 46, 8, 9, 27, 45, 4, 41, 61, 11, 71, 0]
Rota do Picker 12: [0, 14, 62, 1, 21, 3, 23, 26, 46, 42, 83, 32, 77, 55, 11, 0]

Caso de teste: SLAPRP_Guo_small_O200_alpha0.3_v8.txt

Distancia Total: 1730.0
Quantidade de Pickers: 12
