Rota do Picker 1: [0, 41, 34, 95, 14, 16, 56, 96, 39, 19, 35, 15, 55, 20, 40, 3, 23, 43, 5, 74, 54, 52, 32, 12, 1, 0]
Rota do Picker 2: [0, 1, 61, 21, 13, 33, 53, 73, 93, 62, 82, 42, 4, 24, 16, 19, 18, 36, 96, 15, 71, 12, 52, 3, 0]
Rota do Picker 3: [0, 15, 75, 55, 35, 52, 22, 5, 3, 43, 21, 19, 13, 93, 73, 53, 96, 72, 32, 95, 20, 76, 56, 12, 1, 0]
Rota do Picker 4: [0, 12, 32, 14, 34, 54, 74, 18, 39, 19, 15, 35, 55, 57, 82, 42, 62, 4, 52, 36, 16, 53, 33, 13, 41, 21, 1, 0]
Rota do Picker 5: [0, 1, 21, 41, 16, 58, 38, 18, 93, 73, 53, 33, 13, 56, 40, 20, 19, 39, 96, 76, 36, 55, 35, 15, 32, 12, 5, 24, 52, 14, 0]
Rota do Picker 6: [0, 5, 3, 63, 23, 1, 21, 15, 14, 16, 36, 56, 77, 57, 92, 72, 12, 75, 95, 55, 35, 13, 33, 24, 4, 74, 54, 94, 34, 32, 52, 0]
Rota do Picker 7: [0, 1, 41, 21, 5, 3, 23, 16, 36, 56, 58, 39, 63, 43, 61, 13, 33, 53, 75, 18, 19, 74, 54, 34, 55, 35, 15, 72, 32, 12, 0]
Rota do Picker 8: [0, 1, 12, 32, 52, 16, 19, 4, 23, 43, 96, 36, 76, 18, 54, 34, 14, 93, 73, 33, 13, 21, 41, 62, 22, 82, 42, 56, 95, 55, 35, 15, 0]
Rota do Picker 9: [0, 1, 21, 61, 16, 52, 37, 17, 54, 34, 14, 13, 33, 53, 73, 32, 72, 12, 42, 3, 23, 22, 62, 0]
Rota do Picker 10: [0, 1, 14, 34, 54, 74, 94, 82, 62, 20, 21, 41, 19, 38, 55, 35, 15, 58, 3, 5, 36, 18, 16, 52, 32, 12, 0]
Rota do Picker 11: [0, 1, 51, 31, 71, 91, 24, 33, 13, 19, 4, 3, 23, 42, 57, 17, 16, 74, 41, 21, 61, 81, 15, 39, 14, 34, 93, 73, 53, 32, 12, 0]

Caso de teste: SLAPRP_Guo_small_O200_alpha0.4_v9.txt

Distancia Total: 1424.0
Quantidade de Pickers: 11
