Rota do Picker 1: [0, 44, 5, 83, 3, 27, 43, 23, 4, 61, 21, 6, 7, 25, 63, 81, 41, 1, 45, 24, 46, 62, 64, 8, 82, 0]
Rota do Picker 2: [0, 21, 41, 3, 23, 43, 5, 7, 8, 26, 64, 65, 25, 61, 63, 81, 1, 4, 27, 45, 46, 24, 6, 0]
Rota do Picker 3: [0, 81, 41, 1, 21, 61, 3, 23, 63, 7, 83, 44, 46, 25, 42, 43, 24, 4, 64, 62, 5, 0]
Rota do Picker 4: [0, 1, 21, 3, 44, 75, 65, 41, 61, 23, 43, 5, 6, 2, 42, 62, 26, 7, 27, 64, 24, 4, 25, 63, 83, 46, 0]
Rota do Picker 5: [0, 1, 41, 61, 4, 24, 64, 23, 63, 21, 6, 46, 27, 7, 26, 65, 45, 25, 5, 3, 81, 83, 8, 82, 44, 43, 0]
Rota do Picker 6: [0, 1, 41, 61, 81, 3, 64, 62, 65, 25, 45, 26, 63, 23, 21, 5, 7, 8, 44, 83, 4, 43, 0]
Rota do Picker 7: [0, 72, 12, 64, 56, 51, 11, 61, 41, 1, 46, 81, 3, 63, 43, 45, 5, 25, 21, 62, 4, 23, 83, 75, 0]
Rota do Picker 8: [0, 4, 82, 83, 43, 45, 64, 81, 44, 26, 62, 65, 61, 21, 25, 7, 8, 1, 23, 63, 27, 46, 6, 5, 3, 41, 0]
Rota do Picker 9: [0, 62, 3, 81, 21, 1, 26, 6, 44, 41, 4, 24, 23, 25, 43, 5, 65, 61, 63, 27, 8, 82, 0]
Rota do Picker 10: [0, 1, 45, 82, 27, 44, 61, 64, 5, 43, 46, 81, 83, 26, 25, 63, 23, 3, 62, 6, 24, 4, 41, 21, 0]
Rota do Picker 11: [0, 1, 41, 81, 3, 23, 5, 62, 44, 21, 61, 83, 6, 65, 43, 64, 25, 82, 24, 4, 63, 0]
Rota do Picker 12: [0, 64, 4, 8, 44, 62, 7, 61, 41, 25, 27, 26, 63, 23, 43, 65, 6, 5, 3, 21, 1, 45, 46, 0]
Rota do Picker 13: [0, 46, 63, 43, 26, 83, 44, 5, 1, 21, 61, 4, 6, 82, 64, 23, 27, 3, 81, 41, 24, 62, 65, 75, 0]

Caso de teste: SLAPRP_Guo_small_O200_alpha0.3_v6.txt

Distancia Total: 1890.0
Quantidade de Pickers: 13
