Rota do Picker 1: [0, 20, 17, 37, 13, 27, 7, 87, 26, 46, 8, 9, 30, 48, 45, 21, 2, 83, 10, 0]
Rota do Picker 2: [0, 13, 45, 89, 69, 8, 10, 48, 28, 7, 9, 46, 4, 20, 19, 59, 17, 26, 87, 27, 2, 21, 0]
Rota do Picker 3: [0, 3, 26, 7, 8, 9, 27, 46, 45, 17, 18, 19, 41, 21, 28, 40, 39, 75, 55, 12, 32, 57, 52, 20, 87, 47, 1, 0]
Rota do Picker 4: [0, 33, 45, 47, 87, 27, 9, 8, 46, 26, 48, 69, 30, 10, 7, 2, 22, 1, 83, 0]
Rota do Picker 5: [0, 1, 8, 27, 7, 87, 30, 9, 69, 89, 10, 48, 28, 3, 20, 40, 18, 52, 32, 22, 46, 26, 45, 2, 0]
Rota do Picker 6: [0, 27, 87, 30, 8, 26, 46, 9, 45, 7, 47, 2, 64, 41, 1, 32, 12, 0]
Rota do Picker 7: [0, 32, 48, 8, 30, 9, 27, 7, 28, 10, 2, 3, 46, 26, 47, 4, 21, 1, 0]
Rota do Picker 8: [0, 18, 20, 40, 17, 96, 55, 39, 57, 41, 27, 47, 10, 8, 32, 94, 74, 12, 45, 9, 48, 28, 46, 3, 0]
Rota do Picker 9: [0, 2, 17, 74, 13, 47, 27, 7, 87, 48, 89, 69, 9, 33, 32, 22, 45, 10, 8, 46, 26, 0]
Rota do Picker 10: [0, 1, 21, 41, 2, 17, 19, 39, 40, 20, 18, 55, 57, 36, 59, 74, 13, 12, 27, 45, 8, 30, 10, 89, 69, 9, 7, 22, 3, 0]
Rota do Picker 11: [0, 18, 12, 4, 1, 26, 46, 9, 89, 17, 19, 55, 20, 2, 33, 74, 94, 45, 48, 28, 8, 3, 10, 69, 30, 87, 47, 27, 21, 41, 7, 0]

Caso de teste: SLAPRP_Guo_small_O200_alpha0.4_v1.txt

Distancia Total: 1538.0
Quantidade de Pickers: 11
