Rota do Picker 1: [0, 12, 55, 74, 94, 52, 17, 37, 97, 40, 80, 60, 14, 1, 41, 18, 20, 39, 93, 22, 30, 50, 83, 0]
Rota do Picker 2: [0, 12, 14, 74, 17, 37, 18, 40, 19, 41, 30, 10, 45, 46, 26, 22, 23, 9, 70, 4, 52, 1, 66, 27, 76, 36, 55, 0]
Rota do Picker 3: [0, 21, 12, 52, 55, 18, 76, 83, 2, 26, 27, 30, 50, 46, 74, 80, 37, 97, 40, 20, 41, 1, 23, 42, 39, 36, 17, 22, 0]
Rota do Picker 4: [0, 83, 14, 94, 74, 37, 55, 12, 2, 42, 45, 27, 30, 10, 66, 46, 26, 51, 31, 11, 21, 76, 60, 39, 97, 17, 4, 22, 41, 0]
Rota do Picker 5: [0, 26, 45, 10, 9, 27, 30, 50, 66, 46, 19, 20, 18, 14, 13, 33, 93, 40, 80, 39, 12, 74, 55, 17, 31, 11, 1, 0]
Rota do Picker 6: [0, 26, 45, 27, 1, 12, 17, 37, 97, 39, 83, 46, 66, 30, 10, 2, 70, 50, 76, 55, 11, 74, 0]

Caso de teste: SLAPRP_Guo_small_O100_alpha0.3_v10.txt

Distancia Total: 1074.0
Quantidade de Pickers: 6
