Rota do Picker 1: [0, 1, 21, 23, 43, 63, 25, 61, 83, 34, 47, 6, 7, 4, 24, 73, 8, 44, 64, 53, 22, 0]
Rota do Picker 2: [0, 21, 5, 25, 43, 63, 8, 64, 44, 24, 27, 22, 7, 1, 4, 65, 62, 47, 42, 28, 23, 61, 45, 85, 46, 6, 0]
Rota do Picker 3: [0, 46, 23, 63, 74, 24, 71, 53, 73, 6, 93, 35, 64, 44, 22, 85, 16, 4, 55, 15, 51, 43, 33, 13, 61, 21, 1, 91, 81, 0]
Rota do Picker 4: [0, 1, 21, 61, 4, 24, 16, 36, 13, 52, 72, 43, 33, 53, 74, 14, 91, 55, 17, 81, 73, 71, 34, 54, 35, 15, 22, 93, 0]
Rota do Picker 5: [0, 21, 22, 5, 64, 44, 7, 81, 61, 4, 24, 8, 27, 53, 82, 62, 45, 65, 83, 25, 6, 63, 43, 23, 1, 0]
Rota do Picker 6: [0, 5, 25, 13, 33, 34, 63, 43, 74, 36, 44, 24, 4, 1, 64, 22, 6, 46, 15, 3, 84, 35, 23, 83, 55, 61, 53, 73, 21, 0]

Caso de teste: SLAPRP_Guo_small_O100_alpha0.2_v1.txt

Distancia Total: 1130.0
Quantidade de Pickers: 6
