Rota do Picker 1: [0, 12, 40, 60, 36, 37, 26, 89, 69, 10, 9, 47, 7, 45, 8, 27, 87, 46, 50, 30, 39, 57, 75, 55, 0]
Rota do Picker 2: [0, 45, 65, 8, 50, 87, 27, 67, 76, 60, 20, 37, 10, 9, 46, 26, 7, 1, 41, 0]
Rota do Picker 3: [0, 2, 8, 7, 27, 87, 26, 46, 45, 65, 30, 50, 98, 59, 39, 32, 21, 20, 40, 18, 74, 94, 11, 77, 93, 13, 36, 41, 1, 0]
Rota do Picker 4: [0, 2, 7, 45, 65, 47, 87, 27, 67, 89, 1, 41, 64, 30, 50, 10, 9, 8, 46, 26, 3, 0]
Rota do Picker 5: [0, 32, 10, 87, 27, 46, 26, 2, 22, 76, 36, 47, 30, 65, 45, 9, 8, 7, 21, 1, 0]
Rota do Picker 6: [0, 1, 21, 3, 83, 64, 8, 57, 36, 98, 12, 22, 2, 32, 65, 26, 46, 10, 30, 7, 27, 9, 69, 76, 74, 39, 20, 13, 93, 59, 60, 40, 18, 55, 31, 11, 0]
Rota do Picker 7: [0, 21, 7, 27, 87, 8, 9, 69, 45, 26, 46, 10, 30, 50, 3, 83, 13, 12, 93, 37, 77, 39, 57, 2, 0]
Rota do Picker 8: [0, 64, 2, 21, 40, 76, 37, 69, 9, 8, 27, 45, 46, 10, 87, 7, 41, 1, 0]
Rota do Picker 9: [0, 32, 94, 57, 47, 46, 26, 2, 64, 67, 27, 7, 11, 93, 18, 75, 55, 12, 40, 37, 1, 21, 50, 10, 9, 8, 41, 0]
Rota do Picker 10: [0, 36, 1, 21, 45, 8, 87, 47, 50, 10, 9, 67, 20, 57, 65, 46, 26, 27, 7, 22, 0]
Rota do Picker 11: [0, 7, 64, 22, 2, 27, 8, 9, 69, 30, 46, 3, 45, 65, 37, 57, 26, 87, 67, 10, 21, 1, 0]
Rota do Picker 12: [0, 7, 22, 32, 94, 47, 59, 98, 18, 36, 93, 13, 1, 21, 11, 76, 10, 50, 8, 30, 57, 60, 55, 19, 39, 74, 75, 12, 41, 0]

Caso de teste: SLAPRP_Guo_small_O200_alpha0.3_v10.txt

Distancia Total: 1954.0
Quantidade de Pickers: 12
