Rota do Picker 1: [0, 45, 46, 10, 68, 48, 8, 7, 67, 87, 27, 47, 37, 40, 60, 50, 30, 9, 69, 70, 26, 0]
Rota do Picker 2: [0, 21, 26, 46, 9, 68, 76, 97, 37, 45, 30, 87, 27, 7, 2, 8, 89, 10, 70, 67, 40, 19, 20, 1, 0]
Rota do Picker 3: [0, 1, 2, 64, 27, 9, 10, 26, 46, 7, 50, 70, 67, 48, 8, 68, 47, 11, 55, 75, 18, 59, 93, 89, 74, 20, 39, 98, 19, 13, 12, 31, 0]
Rota do Picker 4: [0, 11, 75, 74, 40, 76, 69, 89, 30, 70, 50, 48, 8, 7, 87, 47, 26, 46, 27, 67, 9, 10, 45, 64, 37, 18, 1, 0]
Rota do Picker 5: [0, 7, 27, 87, 9, 10, 69, 45, 48, 8, 68, 50, 30, 46, 26, 1, 0]
Rota do Picker 6: [0, 19, 10, 26, 21, 11, 31, 55, 18, 20, 93, 94, 76, 75, 12, 2, 83, 70, 46, 87, 27, 7, 8, 9, 69, 30, 37, 45, 47, 67, 0]

Caso de teste: SLAPRP_Guo_small_O100_alpha0.3_v7.txt

Distancia Total: 1052.0
Quantidade de Pickers: 6
