Rota do Picker 1: [0, 22, 13, 72, 32, 1, 15, 11, 52, 76, 55, 42, 33, 45, 21, 20, 34, 46, 26, 83, 3, 23, 0]
Rota do Picker 2: [0, 1, 22, 45, 21, 26, 76, 43, 30, 64, 3, 41, 20, 83, 46, 84, 4, 13, 9, 47, 7, 10, 11, 65, 14, 42, 5, 27, 0]
Rota do Picker 3: [0, 1, 3, 23, 83, 22, 11, 20, 40, 64, 55, 26, 94, 37, 13, 32, 34, 15, 76, 18, 72, 52, 97, 42, 21, 33, 0]
Rota do Picker 4: [0, 3, 83, 26, 97, 23, 46, 14, 62, 20, 76, 30, 10, 64, 4, 24, 34, 84, 1, 41, 22, 45, 21, 61, 42, 55, 27, 0]
Rota do Picker 5: [0, 22, 64, 84, 20, 1, 4, 55, 26, 0]
Rota do Picker 6: [0, 4, 45, 46, 30, 31, 11, 61, 34, 83, 23, 51, 10, 13, 41, 55, 43, 14, 7, 47, 33, 26, 15, 5, 20, 21, 3, 97, 84, 64, 62, 42, 22, 1, 0]
Rota do Picker 7: [0, 61, 43, 45, 13, 24, 22, 21, 46, 42, 84, 83, 41, 3, 23, 26, 1, 4, 64, 71, 5, 34, 0]
Rota do Picker 8: [0, 4, 26, 45, 13, 51, 20, 55, 10, 21, 41, 22, 42, 62, 61, 14, 33, 34, 83, 3, 15, 1, 64, 97, 0]
Rota do Picker 9: [0, 84, 47, 7, 62, 41, 46, 42, 1, 22, 26, 45, 5, 3, 61, 21, 13, 30, 10, 55, 27, 64, 4, 23, 83, 43, 0]
Rota do Picker 10: [0, 9, 27, 7, 43, 22, 26, 1, 45, 97, 10, 46, 84, 24, 21, 3, 23, 83, 30, 64, 42, 4, 20, 14, 5, 41, 0]
Rota do Picker 11: [0, 1, 22, 26, 46, 61, 5, 45, 50, 23, 30, 47, 4, 64, 24, 3, 10, 9, 27, 7, 21, 0]
Rota do Picker 12: [0, 26, 46, 20, 47, 7, 41, 50, 84, 64, 83, 23, 61, 42, 30, 1, 3, 5, 22, 10, 27, 45, 4, 21, 0]

Caso de teste: SLAPRP_Guo_small_O200_alpha0.4_v8.txt

Distancia Total: 2426.0
Quantidade de Pickers: 12
