Rota do Picker 1: [0, 12, 31, 55, 37, 57, 39, 59, 7, 96, 41, 13, 74, 94, 21, 18, 98, 40, 77, 93, 84, 19, 32, 75, 2, 22, 1, 20, 0]
Rota do Picker 2: [0, 49, 26, 47, 45, 69, 9, 46, 50, 65, 10, 87, 27, 7, 41, 30, 0]
Rota do Picker 3: [0, 89, 65, 7, 8, 9, 10, 46, 26, 27, 30, 45, 50, 69, 47, 49, 87, 64, 21, 0]
Rota do Picker 4: [0, 1, 31, 74, 18, 7, 27, 40, 22, 32, 98, 77, 50, 19, 59, 94, 96, 60, 51, 65, 39, 55, 57, 75, 93, 13, 21, 0]
Rota do Picker 5: [0, 1, 7, 8, 9, 69, 46, 87, 40, 27, 45, 41, 10, 30, 47, 22, 21, 2, 26, 49, 65, 89, 64, 19, 50, 0]
Rota do Picker 6: [0, 2, 7, 47, 10, 30, 46, 8, 69, 45, 87, 27, 9, 64, 50, 26, 49, 89, 0]
Rota do Picker 7: [0, 21, 7, 27, 87, 9, 69, 46, 40, 45, 8, 10, 96, 65, 2, 83, 41, 19, 26, 30, 49, 64, 1, 22, 47, 0]
Rota do Picker 8: [0, 1, 7, 27, 87, 9, 69, 45, 89, 8, 30, 64, 22, 26, 49, 46, 47, 10, 0]
Rota do Picker 9: [0, 21, 7, 27, 87, 26, 46, 30, 49, 64, 47, 45, 69, 9, 1, 22, 89, 65, 8, 0]
Rota do Picker 10: [0, 10, 26, 46, 27, 65, 49, 45, 50, 47, 64, 87, 69, 9, 8, 7, 2, 1, 41, 96, 0]
Rota do Picker 11: [0, 40, 9, 47, 64, 1, 3, 83, 31, 8, 96, 19, 46, 27, 65, 45, 87, 0]
Rota do Picker 12: [0, 21, 2, 26, 8, 27, 47, 30, 50, 65, 1, 9, 87, 45, 46, 7, 89, 41, 22, 96, 69, 10, 0]
Rota do Picker 13: [0, 21, 22, 26, 8, 9, 89, 65, 40, 64, 49, 50, 96, 46, 45, 84, 27, 1, 19, 10, 7, 83, 30, 87, 69, 47, 0]

Caso de teste: SLAPRP_Guo_small_O200_alpha0.2_v8.txt

Distancia Total: 2514.0
Quantidade de Pickers: 13
