Rota do Picker 1: [0, 3, 23, 43, 24, 16, 34, 55, 92, 72, 15, 35, 63, 6, 45, 5, 7, 46, 26, 4, 81, 61, 41, 21, 1, 0]
Rota do Picker 2: [0, 22, 62, 42, 23, 43, 63, 7, 93, 18, 16, 25, 27, 8, 4, 64, 24, 5, 41, 61, 21, 1, 0]
Rota do Picker 3: [0, 21, 61, 83, 63, 43, 23, 44, 6, 22, 42, 82, 64, 24, 7, 25, 5, 8, 26, 4, 41, 1, 0]
Rota do Picker 4: [0, 44, 3, 23, 43, 63, 24, 27, 4, 25, 26, 42, 62, 73, 75, 82, 6, 45, 5, 41, 21, 1, 0]
Rota do Picker 5: [0, 1, 4, 45, 81, 61, 41, 23, 42, 62, 5, 27, 8, 26, 6, 83, 63, 43, 65, 46, 22, 21, 24, 44, 64, 33, 93, 0]
Rota do Picker 6: [0, 1, 21, 41, 42, 62, 5, 4, 24, 7, 46, 56, 91, 55, 35, 44, 83, 82, 8, 45, 23, 3, 0]
Rota do Picker 7: [0, 21, 63, 42, 62, 22, 24, 4, 5, 6, 56, 36, 71, 51, 31, 75, 17, 16, 33, 25, 3, 23, 81, 61, 41, 1, 15, 52, 12, 0]
Rota do Picker 8: [0, 1, 21, 41, 61, 81, 53, 93, 33, 36, 56, 35, 73, 37, 55, 15, 26, 5, 64, 44, 82, 62, 42, 23, 3, 0]
Rota do Picker 9: [0, 21, 1, 41, 81, 4, 24, 44, 5, 8, 65, 45, 34, 56, 25, 63, 43, 6, 7, 46, 61, 0]
Rota do Picker 10: [0, 1, 21, 4, 24, 44, 43, 23, 83, 45, 65, 5, 7, 27, 26, 6, 22, 82, 62, 42, 41, 61, 15, 33, 0]
Rota do Picker 11: [0, 21, 82, 42, 1, 41, 44, 4, 24, 25, 65, 7, 6, 3, 22, 62, 61, 23, 43, 5, 45, 52, 0]
Rota do Picker 12: [0, 1, 21, 27, 25, 45, 44, 15, 18, 14, 46, 26, 22, 63, 3, 23, 43, 6, 5, 24, 4, 41, 81, 61, 0]

Caso de teste: SLAPRP_Guo_small_O200_alpha0.2_v7.txt

Distancia Total: 1398.0
Quantidade de Pickers: 12
