Rota do Picker 1: [0, 18, 10, 36, 76, 60, 28, 85, 64, 84, 40, 48, 69, 9, 47, 87, 12, 20, 41, 27, 46, 7, 65, 1, 57, 37, 2, 45, 26, 8, 21, 0]
Rota do Picker 2: [0, 8, 47, 45, 7, 87, 27, 10, 48, 69, 50, 89, 30, 9, 28, 46, 26, 1, 0]
Rota do Picker 3: [0, 37, 30, 10, 20, 48, 69, 21, 11, 65, 27, 7, 31, 84, 50, 57, 89, 9, 12, 85, 45, 28, 8, 46, 26, 1, 0]
Rota do Picker 4: [0, 40, 10, 87, 50, 89, 60, 31, 48, 69, 47, 7, 57, 28, 1, 38, 21, 9, 8, 20, 45, 27, 46, 26, 12, 0]
Rota do Picker 5: [0, 76, 8, 21, 31, 37, 57, 60, 38, 36, 59, 40, 98, 96, 39, 55, 18, 94, 74, 2, 17, 50, 20, 85, 1, 26, 0]
Rota do Picker 6: [0, 65, 85, 31, 8, 27, 47, 9, 10, 26, 30, 28, 50, 41, 46, 45, 87, 7, 0]

Caso de teste: SLAPRP_Guo_small_O100_alpha0.4_v3.txt

Distancia Total: 1360.0
Quantidade de Pickers: 6
