Rota do Picker 1: [0, 61, 14, 37, 72, 18, 15, 36, 17, 81, 55, 74, 73, 71, 91, 16, 82, 42, 41, 21, 75, 35, 23, 3, 1, 0]
Rota do Picker 2: [0, 1, 41, 61, 25, 45, 24, 4, 43, 63, 7, 3, 23, 5, 8, 82, 46, 21, 26, 27, 83, 64, 22, 6, 62, 42, 65, 0]
Rota do Picker 3: [0, 26, 1, 21, 41, 61, 5, 6, 63, 44, 24, 65, 82, 62, 42, 25, 2, 83, 45, 46, 72, 43, 23, 4, 0]
Rota do Picker 4: [0, 23, 25, 44, 41, 64, 46, 27, 42, 22, 21, 61, 5, 45, 26, 24, 4, 1, 8, 82, 3, 7, 63, 43, 62, 0]
Rota do Picker 5: [0, 81, 91, 11, 44, 41, 61, 23, 43, 5, 72, 42, 93, 73, 64, 24, 4, 21, 1, 63, 83, 92, 35, 0]
Rota do Picker 6: [0, 27, 22, 36, 17, 8, 7, 4, 83, 63, 42, 82, 24, 64, 5, 1, 72, 62, 25, 43, 23, 61, 41, 21, 6, 0]
Rota do Picker 7: [0, 1, 41, 61, 24, 6, 46, 23, 35, 72, 43, 63, 42, 5, 21, 82, 56, 27, 81, 65, 62, 3, 25, 45, 64, 22, 83, 0]

Caso de teste: SLAPRP_Guo_small_O100_alpha0.2_v10.txt

Distancia Total: 1176.0
Quantidade de Pickers: 7
