Rota do Picker 1: [0, 1, 0]
Rota do Picker 2: [0, 1, 0]
Rota do Picker 3: [0, 1, 0]
Rota do Picker 4: [0, 41, 81, 5, 65, 45, 26, 46, 62, 82, 7, 6, 25, 43, 23, 61, 21, 1, 0]
Rota do Picker 5: [0, 1, 21, 25, 45, 64, 2, 6, 24, 27, 26, 46, 43, 61, 41, 81, 23, 63, 83, 5, 82, 0]
Rota do Picker 6: [0, 41, 44, 25, 46, 62, 43, 23, 64, 8, 26, 6, 5, 61, 21, 1, 0]
Rota do Picker 7: [0, 1, 21, 24, 7, 8, 44, 64, 83, 63, 43, 23, 62, 82, 46, 26, 5, 25, 61, 41, 0]
Rota do Picker 8: [0, 1, 41, 61, 21, 62, 82, 25, 83, 6, 75, 35, 16, 14, 12, 11, 34, 18, 56, 27, 45, 42, 26, 24, 5, 43, 23, 63, 0]
Rota do Picker 9: [0, 1, 41, 21, 23, 44, 65, 5, 8, 0]
Rota do Picker 10: [0, 62, 41, 21, 61, 23, 63, 64, 24, 7, 27, 45, 43, 83, 44, 25, 5, 81, 1, 0]

Caso de teste: SLAPRP_Guo_small_O100_alpha0.2_v10.txt

Distancia Total: 658.0
Quantidade de Pickers: 10
