Rota do Picker 1: [0, 61, 22, 12, 32, 17, 94, 26, 47, 21, 42, 0]
Rota do Picker 2: [0, 21, 42, 13, 52, 17, 40, 19, 1, 41, 97, 47, 93, 57, 15, 22, 26, 94, 55, 20, 32, 12, 0]
Rota do Picker 3: [0, 13, 2, 19, 32, 52, 72, 93, 21, 41, 53, 1, 20, 26, 94, 40, 17, 12, 42, 22, 91, 0]
Rota do Picker 4: [0, 20, 22, 1, 72, 17, 57, 41, 4, 19, 26, 55, 15, 21, 42, 13, 34, 94, 61, 12, 32, 52, 93, 0]
Rota do Picker 5: [0, 21, 22, 13, 17, 26, 97, 94, 62, 15, 61, 20, 1, 53, 19, 42, 57, 41, 43, 14, 72, 12, 32, 52, 93, 40, 55, 2, 0]
Rota do Picker 6: [0, 41, 12, 32, 14, 94, 30, 34, 62, 45, 1, 9, 19, 2, 55, 20, 47, 52, 13, 93, 22, 42, 15, 21, 17, 26, 0]
Rota do Picker 7: [0, 21, 22, 42, 12, 32, 26, 15, 14, 62, 55, 24, 13, 61, 84, 47, 20, 34, 9, 27, 45, 4, 30, 93, 0]
Rota do Picker 8: [0, 42, 26, 9, 97, 84, 1, 47, 27, 22, 5, 30, 45, 10, 43, 21, 2, 62, 24, 41, 61, 0]
Rota do Picker 9: [0, 21, 61, 22, 42, 12, 32, 93, 20, 55, 94, 26, 1, 62, 47, 17, 13, 97, 0]
Rota do Picker 10: [0, 41, 61, 22, 42, 26, 45, 47, 62, 9, 21, 1, 24, 10, 34, 2, 84, 13, 27, 4, 30, 5, 14, 0]
Rota do Picker 11: [0, 83, 43, 1, 55, 45, 24, 10, 52, 32, 12, 9, 34, 47, 5, 22, 4, 21, 26, 84, 61, 27, 30, 13, 62, 42, 41, 0]
Rota do Picker 12: [0, 1, 21, 22, 45, 19, 47, 93, 13, 41, 32, 12, 42, 52, 26, 0]
Rota do Picker 13: [0, 17, 13, 42, 22, 26, 53, 72, 12, 21, 1, 2, 41, 91, 52, 43, 93, 32, 62, 45, 97, 55, 61, 47, 15, 0]

Caso de teste: SLAPRP_Guo_small_O200_alpha0.3_v5.txt

Distancia Total: 2514.0
Quantidade de Pickers: 13
