Rota do Picker 1: [0, 1, 2, 22, 10, 13, 31, 11, 32, 12, 21, 41, 61, 3, 23, 0]
Rota do Picker 2: [0, 1, 41, 2, 11, 33, 42, 10, 61, 21, 32, 12, 31, 51, 0]
Rota do Picker 3: [0, 11, 31, 51, 41, 61, 13, 14, 32, 12, 10, 21, 1, 2, 0]
Rota do Picker 4: [0, 21, 2, 10, 23, 3, 22, 1, 11, 31, 51, 12, 13, 0]
Rota do Picker 5: [0, 12, 32, 31, 11, 14, 33, 13, 61, 41, 2, 22, 4, 3, 23, 21, 1, 0]
Rota do Picker 6: [0, 1, 21, 12, 32, 11, 31, 51, 61, 42, 41, 2, 22, 10, 0]
Rota do Picker 7: [0, 1, 21, 2, 4, 3, 12, 13, 14, 32, 41, 61, 33, 11, 31, 0]
Rota do Picker 8: [0, 31, 22, 2, 42, 13, 14, 12, 3, 10, 4, 32, 11, 41, 21, 1, 0]
Rota do Picker 9: [0, 11, 31, 51, 13, 32, 12, 21, 41, 1, 3, 2, 0]
Rota do Picker 10: [0, 2, 1, 21, 41, 10, 31, 51, 12, 4, 23, 3, 13, 11, 32, 0]
Rota do Picker 11: [0, 1, 12, 32, 11, 3, 2, 21, 61, 41, 13, 14, 22, 42, 23, 4, 51, 31, 0]
Rota do Picker 12: [0, 2, 21, 1, 61, 23, 3, 22, 32, 13, 41, 51, 12, 4, 31, 11, 0]

Caso de teste: SLAPRP_Guo_small_O200_alpha0.2_v10.txt

Distancia Total: 770.0
Quantidade de Pickers: 12
