Rota do Picker 1: [0, 7, 8, 48, 9, 46, 45, 26, 27, 10, 84, 68, 70, 47, 87, 30, 50, 49, 0]
Rota do Picker 2: [0, 1, 45, 37, 40, 7, 93, 59, 80, 39, 31, 11, 55, 75, 18, 98, 36, 74, 0]
Rota do Picker 3: [0, 30, 8, 47, 64, 48, 7, 87, 1, 70, 46, 10, 50, 45, 9, 27, 26, 49, 17, 0]
Rota do Picker 4: [0, 45, 27, 46, 36, 96, 78, 40, 8, 19, 26, 7, 48, 9, 50, 76, 30, 10, 84, 37, 47, 17, 60, 0]
Rota do Picker 5: [0, 26, 8, 9, 49, 89, 36, 21, 48, 84, 47, 68, 10, 60, 1, 7, 27, 87, 45, 30, 50, 46, 37, 0]
Rota do Picker 6: [0, 76, 36, 49, 9, 8, 60, 45, 10, 27, 26, 50, 19, 1, 7, 46, 68, 70, 21, 37, 48, 89, 78, 87, 84, 30, 0]

Caso de teste: SLAPRP_Guo_small_O100_alpha0.4_v9.txt

Distancia Total: 1250.0
Quantidade de Pickers: 6
