Rota do Picker 1: [0, 48, 64, 11, 22, 89, 69, 2, 3, 84, 67, 42, 41, 45, 27, 9, 46, 26, 8, 7, 1, 23, 10, 0]
Rota do Picker 2: [0, 45, 2, 64, 84, 1, 87, 10, 69, 11, 65, 26, 21, 67, 36, 13, 23, 28, 19, 48, 46, 27, 9, 8, 7, 0]
Rota do Picker 3: [0, 99, 26, 46, 8, 28, 45, 19, 2, 9, 27, 87, 20, 40, 97, 48, 65, 69, 13, 7, 10, 1, 64, 84, 18, 32, 36, 23, 79, 67, 0]
Rota do Picker 4: [0, 45, 89, 69, 7, 2, 27, 87, 8, 46, 26, 48, 28, 9, 67, 84, 3, 10, 32, 13, 0]
Rota do Picker 5: [0, 87, 1, 48, 45, 22, 7, 27, 64, 9, 28, 8, 46, 26, 21, 41, 2, 10, 69, 89, 67, 84, 0]
Rota do Picker 6: [0, 8, 1, 23, 26, 46, 19, 79, 99, 7, 31, 21, 39, 17, 55, 40, 59, 20, 57, 97, 10, 11, 18, 94, 74, 2, 45, 51, 0]
Rota do Picker 7: [0, 74, 94, 28, 2, 46, 48, 36, 19, 11, 0]
Rota do Picker 8: [0, 42, 10, 28, 69, 65, 89, 32, 9, 84, 7, 27, 87, 26, 67, 8, 46, 45, 48, 0]
Rota do Picker 9: [0, 2, 45, 46, 27, 9, 48, 36, 21, 19, 26, 10, 28, 8, 65, 67, 7, 11, 84, 41, 87, 64, 1, 0]
Rota do Picker 10: [0, 7, 8, 9, 69, 89, 46, 45, 48, 84, 26, 27, 10, 28, 3, 67, 87, 0]
Rota do Picker 11: [0, 7, 8, 46, 27, 19, 79, 99, 94, 74, 21, 26, 36, 20, 1, 3, 65, 48, 28, 2, 45, 40, 0]
Rota do Picker 12: [0, 1, 8, 11, 2, 7, 27, 26, 45, 48, 36, 10, 46, 9, 40, 20, 3, 32, 84, 87, 67, 21, 28, 64, 22, 0]
Rota do Picker 13: [0, 41, 46, 7, 9, 36, 67, 21, 8, 27, 11, 97, 22, 65, 26, 20, 1, 19, 45, 89, 69, 3, 94, 32, 48, 84, 13, 28, 40, 2, 0]

Caso de teste: SLAPRP_Guo_small_O200_alpha0.2_v1.txt

Distancia Total: 2586.0
Quantidade de Pickers: 13
