Rota do Picker 1: [0, 1, 26, 46, 45, 9, 48, 28, 8, 10, 19, 55, 40, 94, 74, 98, 39, 17, 60, 36, 68, 30, 7, 2, 87, 27, 21, 0]
Rota do Picker 2: [0, 47, 87, 26, 46, 7, 9, 30, 48, 8, 27, 45, 50, 89, 69, 67, 36, 56, 17, 20, 64, 0]
Rota do Picker 3: [0, 45, 8, 9, 48, 28, 46, 26, 69, 89, 2, 37, 60, 11, 27, 7, 47, 87, 30, 10, 20, 40, 76, 96, 36, 0]
Rota do Picker 4: [0, 55, 20, 59, 18, 94, 74, 0]
Rota do Picker 5: [0, 1, 21, 28, 48, 30, 8, 69, 89, 45, 26, 46, 10, 9, 68, 47, 27, 7, 20, 18, 55, 36, 0]
Rota do Picker 6: [0, 1, 31, 11, 26, 50, 10, 46, 27, 48, 28, 68, 67, 30, 9, 89, 69, 8, 7, 21, 2, 83, 45, 0]

Caso de teste: SLAPRP_Guo_small_O100_alpha0.4_v5.txt

Distancia Total: 798.0
Quantidade de Pickers: 6
