SKUs: 40
Pedidos: 56

Primeiro pedido:
Order(1, [1, 6, 8, 24, 37])

Ultimo pedido:
Order(56, [2, 3, 4, 7, 8, 27])

Location(1, 1, -1, 20)
Location(2, 1, -2, 20)
Location(3, 1, -3, 20)
Location(4, 1, -4, 20)
Location(5, 1, -5, 20)
Location(6, 1, -6, 20)
Location(7, 1, -7, 20)
Location(8, 1, -8, 20)
Location(9, 1, -9, 20)
Location(10, 1, -10, 40)
Location(11, 1, 1, 20)
Location(12, 1, 2, 20)
Location(13, 1, 3, 20)
Location(14, 1, 4, 20)
Location(15, 1, 5, 20)
Location(16, 1, 6, 20)
Location(17, 1, 7, 20)
Location(18, 1, 8, 20)
Location(19, 1, 9, 20)
Location(20, 1, 10, 40)
Location(21, 2, -1, 20)
Location(22, 2, -2, 20)
Location(23, 2, -3, 20)
Location(24, 2, -4, 20)
Location(25, 2, -5, 20)
Location(26, 2, -6, 20)
Location(27, 2, -7, 20)
Location(28, 2, -8, 20)
Location(29, 2, -9, 20)
Location(30, 2, -10, 40)
Location(31, 2, 1, 20)
Location(32, 2, 2, 20)
Location(33, 2, 3, 20)
Location(34, 2, 4, 20)
Location(35, 2, 5, 20)
Location(36, 2, 6, 20)
Location(37, 2, 7, 20)
Location(38, 2, 8, 20)
Location(39, 2, 9, 20)
Location(40, 2, 10, 40)
Location(41, 3, -1, 20)
Location(42, 3, -2, 20)
Location(43, 3, -3, 20)
Location(44, 3, -4, 20)
Location(45, 3, -5, 20)
Location(46, 3, -6, 20)
Location(47, 3, -7, 20)
Location(48, 3, -8, 20)
Location(49, 3, -9, 20)
Location(50, 3, -10, 40)
Location(51, 3, 1, 20)
Location(52, 3, 2, 20)
Location(53, 3, 3, 20)
Location(54, 3, 4, 20)
Location(55, 3, 5, 20)
Location(56, 3, 6, 20)
Location(57, 3, 7, 20)
Location(58, 3, 8, 20)
Location(59, 3, 9, 20)
Location(60, 3, 10, 40)
Location(61, 4, -1, 20)
Location(62, 4, -2, 20)
Location(63, 4, -3, 20)
Location(64, 4, -4, 20)
Location(65, 4, -5, 20)
Location(66, 4, -6, 20)
Location(67, 4, -7, 20)
Location(68, 4, -8, 20)
Location(69, 4, -9, 20)
Location(70, 4, -10, 40)
Location(71, 4, 1, 20)
Location(72, 4, 2, 20)
Location(73, 4, 3, 20)
Location(74, 4, 4, 20)
Location(75, 4, 5, 20)
Location(76, 4, 6, 20)
Location(77, 4, 7, 20)
Location(78, 4, 8, 20)
Location(79, 4, 9, 20)
Location(80, 4, 10, 40)
Location(81, 5, -1, 20)
Location(82, 5, -2, 20)
Location(83, 5, -3, 20)
Location(84, 5, -4, 20)
Location(85, 5, -5, 20)
Location(86, 5, -6, 20)
Location(87, 5, -7, 20)
Location(88, 5, -8, 20)
Location(89, 5, -9, 20)
Location(90, 5, -10, 40)
Location(91, 5, 1, 20)
Location(92, 5, 2, 20)
Location(93, 5, 3, 20)
Location(94, 5, 4, 20)
Location(95, 5, 5, 20)
Location(96, 5, 6, 20)
Location(97, 5, 7, 20)
Location(98, 5, 8, 20)
Location(99, 5, 9, 20)
Location(100, 5, 10, 40)

Frequencias: [19, 29, 20, 24, 24, 26, 20, 27, 2, 0, 3, 2, 2, 5, 1, 3, 4, 1, 5, 1, 1, 3, 1, 4, 2, 2, 6, 2, 1, 2, 4, 3, 3, 1, 3, 2, 4, 2, 0, 0]

Matriz de coocorrencia: 
40×40 Matrix{Int64}:
  0  11   9  12  11  11   7   9  0  0  3  0  1  1  0  1  2  0  0  0  0  0  1  3  1  1  2  0  1  2  0  2  0  0  1  1  2  0  0  0
 11   0  14  17  16  16  13  12  1  0  1  2  1  3  0  3  1  1  3  1  1  2  0  2  1  2  4  1  1  2  2  1  2  1  1  1  3  1  0  0
  9  14   0  13  10  11  10   7  1  0  1  1  1  3  0  3  0  0  2  0  0  2  0  0  1  1  2  0  0  1  3  0  0  1  0  1  1  1  0  0
 12  17  13   0  14   9   7  12  1  0  2  2  0  3  0  1  3  0  2  0  1  2  1  1  2  2  5  0  0  1  2  1  1  1  0  0  3  1  0  0
 11  16  10  14   0  11  10  10  0  0  1  0  1  3  0  1  2  0  2  1  0  3  0  2  1  1  2  0  1  2  1  1  2  1  1  0  3  1  0  0
 11  16  11   9  11   0  10   8  1  0  1  1  1  3  0  1  1  1  2  0  0  1  0  2  1  0  2  1  1  2  1  1  1  1  2  1  2  0  0  0
  7  13  10   7  10  10   0  10  0  0  2  0  2  1  0  3  1  0  4  0  0  2  0  1  0  1  2  2  1  1  2  1  1  0  1  1  1  0  0  0
  9  12   7  12  10   8  10   0  1  0  2  1  1  2  0  2  3  0  2  1  0  2  1  2  1  1  3  1  0  1  2  2  1  0  1  0  2  2  0  0
  0   1   1   1   0   1   0   1  0  0  0  1  0  1  0  0  0  0  0  0  0  0  0  0  0  0  0  0  0  0  0  0  0  0  0  1  0  0  0  0
  0   0   0   0   0   0   0   0  0  0  0  0  0  0  0  0  0  0  0  0  0  0  0  0  0  0  0  0  0  0  0  0  0  0  0  0  0  0  0  0
  3   1   1   2   1   1   2   2  0  0  0  0  0  0  0  0  1  0  0  0  0  0  1  0  0  0  0  0  1  0  0  0  0  0  0  0  0  0  0  0
  0   2   1   2   0   1   0   1  1  0  0  0  0  1  0  0  0  0  0  0  1  0  0  0  1  0  1  0  0  0  0  0  1  0  0  0  0  0  0  0
  1   1   1   0   1   1   2   1  0  0  0  0  0  0  0  0  0  0  1  0  0  0  0  0  0  0  0  0  0  0  0  0  0  0  0  0  0  0  0  0
  1   3   3   3   3   3   1   2  1  0  0  1  0  0  0  0  1  0  0  0  0  0  0  0  0  0  1  0  0  1  0  0  0  0  0  0  0  1  0  0
  0   0   0   0   0   0   0   0  0  0  0  0  0  0  0  0  0  0  0  0  0  0  0  0  0  0  0  0  0  0  0  1  0  0  0  0  0  0  0  0
  1   3   3   1   1   1   3   2  0  0  0  0  0  0  0  0  0  0  1  0  0  1  0  0  0  0  0  0  0  0  1  0  0  0  0  1  0  0  0  0
  2   1   0   3   2   1   1   3  0  0  1  0  0  1  0  0  0  0  0  0  0  0  1  0  0  0  1  0  0  1  0  0  0  0  0  0  0  0  0  0
  0   1   0   0   0   1   0   0  0  0  0  0  0  0  0  0  0  0  0  0  0  0  0  0  0  0  0  0  0  0  0  0  0  0  0  0  0  0  0  0
  0   3   2   2   2   2   4   2  0  0  0  0  1  0  0  1  0  0  0  0  0  0  0  0  0  1  0  0  0  0  1  0  1  0  1  0  1  0  0  0
  0   1   0   0   1   0   0   1  0  0  0  0  0  0  0  0  0  0  0  0  0  0  0  0  0  0  0  0  0  0  0  0  0  0  0  0  0  0  0  0
  0   1   0   1   0   0   0   0  0  0  0  1  0  0  0  0  0  0  0  0  0  0  0  0  1  0  1  0  0  0  0  0  1  0  0  0  0  0  0  0
  0   2   2   2   3   1   2   2  0  0  0  0  0  0  0  1  0  0  0  0  0  0  0  0  0  0  0  0  0  0  1  0  0  0  0  0  1  0  0  0
  1   0   0   1   0   0   0   1  0  0  1  0  0  0  0  0  1  0  0  0  0  0  0  0  0  0  0  0  0  0  0  0  0  0  0  0  0  0  0  0
  3   2   0   1   2   2   1   2  0  0  0  0  0  0  0  0  0  0  0  0  0  0  0  0  0  0  0  0  0  0  0  0  0  0  2  0  2  0  0  0
  1   1   1   2   1   1   0   1  0  0  0  1  0  0  0  0  0  0  0  0  1  0  0  0  0  0  1  0  0  0  0  0  1  0  0  0  0  0  0  0
  1   2   1   2   1   0   1   1  0  0  0  0  0  0  0  0  0  0  1  0  0  0  0  0  0  0  0  0  0  0  0  0  0  0  0  0  1  0  0  0
  2   4   2   5   2   2   2   3  0  0  0  1  0  1  0  0  1  0  0  0  1  0  0  0  1  0  0  0  0  0  0  0  1  0  0  0  0  0  0  0
  0   1   0   0   0   1   2   1  0  0  0  0  0  0  0  0  0  0  0  0  0  0  0  0  0  0  0  0  0  0  0  0  0  0  0  0  0  0  0  0
  1   1   0   0   1   1   1   0  0  0  1  0  0  0  0  0  0  0  0  0  0  0  0  0  0  0  0  0  0  0  0  0  0  0  0  0  0  0  0  0
  2   2   1   1   2   2   1   1  0  0  0  0  0  1  0  0  1  0  0  0  0  0  0  0  0  0  0  0  0  0  0  0  0  0  0  0  0  0  0  0
  0   2   3   2   1   1   2   2  0  0  0  0  0  0  0  1  0  0  1  0  0  1  0  0  0  0  0  0  0  0  0  0  0  0  0  0  0  0  0  0
  2   1   0   1   1   1   1   2  0  0  0  0  0  0  1  0  0  0  0  0  0  0  0  0  0  0  0  0  0  0  0  0  0  0  0  0  0  0  0  0
  0   2   0   1   2   1   1   1  0  0  0  1  0  0  0  0  0  0  1  0  1  0  0  0  1  0  1  0  0  0  0  0  0  0  0  0  0  1  0  0
  0   1   1   1   1   1   0   0  0  0  0  0  0  0  0  0  0  0  0  0  0  0  0  0  0  0  0  0  0  0  0  0  0  0  0  0  0  0  0  0
  1   1   0   0   1   2   1   1  0  0  0  0  0  0  0  0  0  0  1  0  0  0  0  2  0  0  0  0  0  0  0  0  0  0  0  0  0  0  0  0
  1   1   1   0   0   1   1   0  1  0  0  0  0  0  0  1  0  0  0  0  0  0  0  0  0  0  0  0  0  0  0  0  0  0  0  0  0  0  0  0
  2   3   1   3   3   2   1   2  0  0  0  0  0  0  0  0  0  0  1  0  0  1  0  2  0  1  0  0  0  0  0  0  0  0  0  0  0  0  0  0
  0   1   1   1   1   0   0   2  0  0  0  0  0  1  0  0  0  0  0  0  0  0  0  0  0  0  0  0  0  0  0  0  1  0  0  0  0  0  0  0
  0   0   0   0   0   0   0   0  0  0  0  0  0  0  0  0  0  0  0  0  0  0  0  0  0  0  0  0  0  0  0  0  0  0  0  0  0  0  0  0
  0   0   0   0   0   0   0   0  0  0  0  0  0  0  0  0  0  0  0  0  0  0  0  0  0  0  0  0  0  0  0  0  0  0  0  0  0  0  0  0
SKU(19, 175.0, 0.07)
SKU(29, 189.0, 0.08)
SKU(20, 84.0, 0.21)
SKU(24, 145.0, 0.1)
SKU(24, 118.0, 0.13)
SKU(26, 175.0, 0.08)
SKU(20, 159.0, 0.07)
SKU(27, 152.0, 0.11)
SKU(2, 50.0, 0.09)
SKU(0, 15.0, 0.21)
SKU(3, 53.0, 0.11)
SKU(2, 37.0, 0.12)
SKU(2, 29.0, 0.19)
SKU(5, 83.0, 0.07)
SKU(1, 64.0, 0.05)
SKU(3, 58.0, 0.09)
SKU(4, 66.0, 0.08)
SKU(1, 29.0, 0.12)
SKU(5, 37.0, 0.26)
SKU(1, 23.0, 0.17)
SKU(1, 57.0, 0.07)
SKU(3, 32.0, 0.16)
SKU(1, 32.0, 0.1)
SKU(4, 106.0, 0.05)
SKU(2, 44.0, 0.11)
SKU(2, 51.0, 0.09)
SKU(6, 63.0, 0.13)
SKU(2, 34.0, 0.16)
SKU(1, 51.0, 0.06)
SKU(2, 98.0, 0.04)
SKU(4, 40.0, 0.15)
SKU(3, 81.0, 0.06)
SKU(3, 70.0, 0.07)
SKU(1, 69.0, 0.05)
SKU(3, 37.0, 0.12)
SKU(2, 25.0, 0.16)
SKU(4, 109.0, 0.04)
SKU(2, 30.0, 0.14)
SKU(0, 26.0, 0.08)
SKU(0, 20.0, 0.12)

Posicao 1 (Corredor 1, Prateleira -1)
   SKU 4 -> 1
   SKU 6 -> 170
   SKU 7 -> 90

Posicao 2 (Corredor 1, Prateleira -2)
   SKU 3 -> 53
   SKU 24 -> 89
   SKU 37 -> 109

Posicao 3 (Corredor 1, Prateleira -3)
   SKU 3 -> 31
   SKU 11 -> 53
   SKU 14 -> 83

Posicao 4 (Corredor 1, Prateleira -4)
   SKU 23 -> 32

Posicao 11 (Corredor 1, Prateleira 1)
   SKU 2 -> 189
   SKU 6 -> 5
   SKU 7 -> 64

Posicao 12 (Corredor 1, Prateleira 2)
   SKU 4 -> 102
   SKU 8 -> 81
   SKU 24 -> 17

Posicao 13 (Corredor 1, Prateleira 3)
   SKU 9 -> 50
   SKU 25 -> 44
   SKU 30 -> 98

Posicao 21 (Corredor 2, Prateleira -1)
   SKU 5 -> 118
   SKU 7 -> 5
   SKU 8 -> 39

Posicao 22 (Corredor 2, Prateleira -2)
   SKU 27 -> 63
   SKU 31 -> 40
   SKU 35 -> 37

Posicao 23 (Corredor 2, Prateleira -3)
   SKU 13 -> 29
   SKU 29 -> 51
   SKU 38 -> 30

Posicao 31 (Corredor 2, Prateleira 1)
   SKU 1 -> 175
   SKU 4 -> 42
   SKU 8 -> 32

Posicao 32 (Corredor 2, Prateleira 2)
   SKU 16 -> 58
   SKU 17 -> 66
   SKU 33 -> 70

Posicao 33 (Corredor 2, Prateleira 3)
   SKU 21 -> 57
   SKU 28 -> 34

Posicao 41 (Corredor 3, Prateleira -1)
   SKU 22 -> 32
   SKU 32 -> 81
   SKU 34 -> 69

Posicao 42 (Corredor 3, Prateleira -2)
   SKU 18 -> 29
   SKU 20 -> 23
   SKU 36 -> 25

Posicao 51 (Corredor 3, Prateleira 1)
   SKU 12 -> 37
   SKU 19 -> 37
   SKU 26 -> 51

Posicao 61 (Corredor 4, Prateleira -1)
   SKU 15 -> 64

Posicao 100 (Corredor 5, Prateleira 10)
   SKU 10 -> 15
   SKU 39 -> 26
   SKU 40 -> 20

