Rota do Picker 1: [0, 1, 21, 4, 5, 3, 7, 45, 83, 6, 22, 42, 64, 46, 27, 65, 23, 25, 62, 24, 8, 26, 63, 0]
Rota do Picker 2: [0, 21, 41, 23, 43, 42, 52, 62, 82, 64, 83, 81, 22, 63, 61, 5, 24, 44, 3, 1, 45, 0]
Rota do Picker 3: [0, 1, 21, 5, 25, 82, 22, 61, 81, 83, 64, 62, 46, 8, 44, 41, 43, 63, 26, 6, 42, 24, 4, 23, 3, 0]
Rota do Picker 4: [0, 1, 21, 52, 92, 34, 65, 61, 42, 17, 15, 73, 41, 36, 56, 74, 91, 14, 55, 32, 12, 13, 35, 37, 51, 93, 53, 22, 71, 0]
Rota do Picker 5: [0, 21, 4, 5, 3, 73, 93, 55, 53, 92, 72, 64, 25, 8, 23, 14, 56, 82, 22, 81, 61, 42, 62, 24, 63, 45, 33, 1, 43, 52, 41, 7, 0]
Rota do Picker 6: [0, 24, 82, 6, 4, 5, 83, 45, 52, 25, 27, 22, 64, 62, 65, 41, 44, 63, 3, 23, 42, 81, 7, 43, 21, 26, 61, 1, 0]
Rota do Picker 7: [0, 1, 3, 23, 43, 5, 42, 83, 44, 82, 26, 25, 65, 64, 24, 21, 63, 4, 46, 22, 7, 62, 41, 45, 52, 8, 81, 0]
Rota do Picker 8: [0, 21, 5, 26, 52, 93, 4, 81, 8, 64, 82, 27, 3, 23, 65, 61, 24, 62, 1, 44, 45, 42, 63, 43, 22, 41, 0]
Rota do Picker 9: [0, 24, 3, 5, 43, 23, 4, 1, 25, 44, 42, 82, 26, 45, 63, 64, 27, 8, 46, 62, 21, 7, 6, 61, 41, 83, 0]
Rota do Picker 10: [0, 61, 3, 81, 43, 23, 26, 62, 63, 64, 44, 25, 45, 27, 52, 82, 24, 5, 42, 22, 41, 21, 1, 0]
Rota do Picker 11: [0, 21, 3, 23, 4, 24, 46, 5, 7, 25, 52, 83, 42, 45, 8, 65, 6, 27, 44, 1, 62, 26, 63, 43, 82, 0]

Caso de teste: SLAPRP_Guo_small_O200_alpha0.4_v9.txt

Distancia Total: 1948.0
Quantidade de Pickers: 11
