Rota do Picker 1: [0, 1, 21, 32, 17, 39, 78, 4, 24, 37, 14, 97, 20, 40, 2, 42, 62, 33, 15, 30, 10, 89, 47, 8, 46, 26, 22, 0]
Rota do Picker 2: [0, 4, 10, 8, 42, 22, 2, 1, 61, 21, 47, 26, 46, 30, 45, 20, 40, 19, 36, 32, 17, 39, 9, 14, 11, 0]
Rota do Picker 3: [0, 1, 23, 83, 9, 68, 2, 8, 26, 45, 46, 10, 30, 22, 42, 43, 24, 4, 61, 41, 21, 0]
Rota do Picker 4: [0, 1, 21, 41, 3, 83, 62, 22, 42, 8, 26, 45, 5, 43, 23, 24, 36, 96, 14, 94, 34, 2, 0]
Rota do Picker 5: [0, 1, 21, 41, 22, 42, 5, 23, 83, 43, 19, 39, 17, 11, 71, 3, 4, 46, 13, 37, 40, 20, 14, 34, 52, 72, 32, 94, 0]
Rota do Picker 6: [0, 1, 21, 22, 42, 26, 45, 30, 68, 8, 3, 84, 24, 15, 40, 78, 43, 47, 10, 46, 2, 0]
Rota do Picker 7: [0, 1, 21, 41, 8, 10, 3, 20, 40, 17, 15, 62, 42, 22, 2, 78, 39, 32, 53, 13, 33, 37, 97, 5, 30, 51, 34, 0]
Rota do Picker 8: [0, 2, 45, 9, 10, 3, 42, 22, 1, 21, 41, 4, 8, 26, 33, 53, 14, 83, 43, 5, 89, 30, 46, 61, 15, 39, 19, 24, 62, 96, 17, 0]
Rota do Picker 9: [0, 1, 22, 42, 2, 8, 45, 84, 62, 43, 4, 24, 33, 20, 78, 97, 17, 36, 14, 5, 46, 26, 21, 0]
Rota do Picker 10: [0, 1, 2, 21, 22, 42, 8, 24, 4, 45, 46, 26, 84, 68, 5, 19, 40, 78, 11, 0]
Rota do Picker 11: [0, 1, 21, 41, 61, 8, 9, 17, 78, 14, 42, 22, 2, 5, 30, 10, 46, 26, 96, 36, 39, 62, 13, 11, 0]
Rota do Picker 12: [0, 34, 32, 1, 21, 3, 22, 42, 11, 72, 14, 97, 17, 4, 46, 2, 0]

Caso de teste: SLAPRP_Guo_small_O200_alpha0.2_v4.txt

Distancia Total: 1748.0
Quantidade de Pickers: 12
