Rota do Picker 1: [0, 1, 11, 31, 12, 2, 41, 20, 33, 32, 52, 4, 21, 3, 23, 51, 0]
Rota do Picker 2: [0, 1, 2, 3, 12, 13, 20, 52, 61, 21, 23, 11, 31, 51, 0]
Rota do Picker 3: [0, 20, 13, 32, 12, 1, 2, 22, 52, 51, 31, 11, 21, 0]
Rota do Picker 4: [0, 41, 21, 1, 11, 13, 20, 32, 12, 51, 31, 2, 23, 3, 0]
Rota do Picker 5: [0, 1, 21, 12, 51, 23, 4, 22, 2, 31, 11, 13, 33, 52, 32, 3, 41, 0]
Rota do Picker 6: [0, 31, 51, 11, 32, 20, 33, 12, 41, 61, 3, 2, 21, 1, 0]
Rota do Picker 7: [0, 21, 41, 32, 13, 33, 12, 23, 3, 22, 51, 31, 11, 2, 1, 0]
Rota do Picker 8: [0, 21, 3, 31, 11, 51, 13, 12, 32, 61, 2, 22, 41, 1, 0]
Rota do Picker 9: [0, 32, 21, 1, 41, 61, 13, 12, 20, 11, 3, 22, 2, 31, 0]
Rota do Picker 10: [0, 1, 21, 11, 31, 23, 41, 2, 22, 61, 33, 13, 32, 12, 51, 0]
Rota do Picker 11: [0, 31, 21, 1, 2, 22, 13, 20, 11, 32, 12, 0]
Rota do Picker 12: [0, 1, 21, 41, 3, 23, 32, 52, 22, 2, 11, 51, 31, 20, 12, 0]
Rota do Picker 13: [0, 32, 12, 31, 11, 13, 33, 51, 41, 1, 21, 2, 3, 0]

Caso de teste: SLAPRP_Guo_small_O200_alpha0.3_v6.txt

Distancia Total: 800.0
Quantidade de Pickers: 13
