Rota do Picker 1: [0, 54, 44, 24, 42, 22, 16, 27, 43, 3, 1, 21, 5, 25, 36, 65, 82, 62, 81, 61, 41, 73, 84, 6, 74, 83, 23, 4, 45, 17, 0]
Rota do Picker 2: [0, 62, 4, 24, 1, 61, 25, 27, 85, 7, 84, 22, 42, 45, 82, 5, 43, 23, 3, 41, 21, 52, 33, 44, 83, 0]
Rota do Picker 3: [0, 1, 61, 3, 12, 71, 91, 16, 43, 73, 81, 44, 55, 15, 25, 5, 41, 17, 7, 21, 2, 22, 42, 37, 8, 23, 54, 74, 0]
Rota do Picker 4: [0, 5, 25, 85, 15, 74, 27, 8, 91, 71, 44, 21, 81, 4, 6, 36, 42, 43, 83, 46, 62, 82, 16, 23, 1, 41, 61, 22, 65, 17, 3, 24, 7, 54, 0]
Rota do Picker 5: [0, 1, 21, 6, 3, 61, 42, 22, 7, 63, 24, 44, 46, 85, 4, 5, 25, 45, 64, 37, 84, 65, 41, 82, 83, 43, 23, 0]
Rota do Picker 6: [0, 1, 21, 41, 61, 81, 36, 0]
Rota do Picker 7: [0, 13, 53, 65, 85, 1, 21, 41, 61, 81, 3, 74, 4, 24, 64, 35, 55, 31, 11, 91, 71, 5, 43, 17, 37, 36, 23, 0]
Rota do Picker 8: [0, 44, 85, 5, 8, 65, 45, 25, 61, 41, 1, 43, 84, 6, 23, 47, 27, 46, 26, 21, 4, 7, 24, 82, 42, 22, 64, 3, 0]
Rota do Picker 9: [0, 21, 42, 5, 6, 82, 61, 81, 3, 45, 65, 46, 27, 4, 8, 84, 1, 43, 22, 44, 24, 41, 25, 23, 63, 7, 85, 64, 0]
Rota do Picker 10: [0, 17, 16, 83, 43, 23, 21, 1, 41, 71, 91, 61, 81, 73, 34, 54, 0]
Rota do Picker 11: [0, 16, 1, 21, 41, 61, 24, 44, 36, 27, 63, 23, 3, 42, 73, 33, 65, 5, 25, 54, 74, 81, 82, 43, 6, 91, 71, 7, 13, 4, 0]
Rota do Picker 12: [0, 16, 25, 7, 83, 43, 3, 5, 22, 61, 41, 21, 1, 24, 84, 82, 44, 64, 4, 23, 6, 65, 42, 63, 81, 0]
Rota do Picker 13: [0, 21, 71, 91, 16, 6, 5, 45, 36, 33, 54, 34, 32, 12, 17, 53, 72, 94, 51, 37, 74, 3, 44, 61, 81, 15, 14, 82, 42, 41, 1, 0]

Caso de teste: SLAPRP_Guo_small_O200_alpha0.4_v2.txt

Distancia Total: 2266.0
Quantidade de Pickers: 13
