Rota do Picker 1: [0, 1, 41, 81, 3, 13, 6, 25, 93, 74, 24, 23, 43, 83, 4, 62, 34, 14, 44, 33, 82, 63, 53, 17, 16, 71, 5, 61, 21, 0]
Rota do Picker 2: [0, 17, 5, 33, 13, 3, 21, 61, 53, 82, 81, 62, 16, 25, 83, 56, 34, 14, 4, 41, 1, 0]
Rota do Picker 3: [0, 19, 77, 17, 21, 75, 71, 61, 35, 15, 14, 34, 74, 57, 81, 56, 18, 41, 76, 38, 36, 16, 53, 33, 13, 3, 1, 0]
Rota do Picker 4: [0, 5, 34, 74, 41, 4, 16, 36, 17, 14, 3, 21, 1, 25, 76, 33, 13, 81, 19, 43, 53, 56, 71, 75, 38, 62, 22, 18, 96, 77, 37, 93, 42, 0]
Rota do Picker 5: [0, 44, 63, 82, 5, 42, 33, 93, 53, 4, 14, 71, 1, 81, 16, 13, 25, 3, 61, 41, 21, 43, 34, 74, 0]
Rota do Picker 6: [0, 53, 1, 41, 13, 33, 16, 36, 17, 63, 74, 34, 43, 31, 51, 42, 4, 75, 20, 14, 44, 3, 81, 61, 21, 38, 56, 25, 5, 0]
Rota do Picker 7: [0, 1, 21, 13, 33, 77, 34, 61, 74, 14, 41, 37, 17, 81, 3, 42, 53, 76, 62, 63, 71, 16, 56, 5, 36, 0]
Rota do Picker 8: [0, 74, 34, 14, 61, 16, 33, 13, 3, 41, 21, 1, 37, 17, 62, 44, 38, 6, 81, 53, 57, 76, 42, 25, 0]
Rota do Picker 9: [0, 62, 16, 81, 38, 82, 57, 71, 44, 53, 33, 13, 63, 3, 41, 21, 4, 56, 25, 42, 19, 34, 14, 6, 61, 1, 5, 23, 43, 91, 0]
Rota do Picker 10: [0, 18, 16, 71, 41, 1, 57, 34, 14, 61, 21, 13, 33, 53, 38, 76, 43, 36, 96, 56, 37, 17, 19, 42, 93, 81, 5, 74, 3, 0]
Rota do Picker 11: [0, 16, 42, 76, 57, 34, 14, 61, 18, 41, 17, 77, 81, 71, 36, 96, 37, 93, 3, 62, 56, 92, 52, 63, 19, 53, 21, 33, 13, 1, 0]
Rota do Picker 12: [0, 1, 21, 3, 14, 34, 74, 18, 41, 16, 53, 33, 13, 81, 61, 76, 43, 25, 57, 77, 42, 38, 71, 17, 36, 56, 0]

Caso de teste: SLAPRP_Guo_small_O200_alpha0.2_v6.txt

Distancia Total: 2622.0
Quantidade de Pickers: 12
