Rota do Picker 1: [0, 46, 10, 18, 8, 27, 45, 17, 32, 26, 65, 85, 22, 48, 28, 40, 50, 41, 87, 67, 37, 60, 2, 1, 7, 30, 20, 9, 97, 55, 0]
Rota do Picker 2: [0, 7, 8, 9, 27, 18, 20, 40, 0]
Rota do Picker 3: [0, 8, 28, 18, 36, 32, 0]
Rota do Picker 4: [0, 68, 27, 11, 13, 55, 75, 28, 36, 98, 59, 40, 57, 31, 60, 39, 17, 12, 7, 10, 3, 20, 8, 45, 18, 94, 74, 21, 46, 0]
Rota do Picker 5: [0, 40, 7, 26, 46, 28, 65, 30, 32, 10, 18, 37, 89, 69, 41, 50, 21, 68, 67, 12, 85, 87, 27, 45, 9, 48, 8, 1, 0]
Rota do Picker 6: [0, 46, 7, 87, 45, 65, 27, 9, 1, 8, 50, 26, 10, 28, 68, 89, 69, 30, 67, 0]
Rota do Picker 7: [0, 13, 85, 26, 65, 68, 37, 48, 67, 7, 40, 10, 46, 1, 60, 18, 30, 9, 28, 8, 41, 22, 50, 17, 45, 87, 27, 0]
Rota do Picker 8: [0, 2, 22, 27, 26, 45, 18, 60, 69, 13, 40, 87, 57, 7, 85, 32, 20, 30, 65, 12, 46, 8, 9, 37, 97, 0]

Caso de teste: SLAPRP_Guo_small_O100_alpha0.2_v9.txt

Distancia Total: 1738.0
Quantidade de Pickers: 8
