Rota do Picker 1: [0, 1, 0]
Rota do Picker 2: [0, 1, 0]
Rota do Picker 3: [0, 1, 4, 0]
Rota do Picker 4: [0, 53, 15, 81, 61, 41, 21, 1, 63, 43, 23, 4, 7, 27, 45, 5, 24, 44, 46, 26, 0]
Rota do Picker 5: [0, 1, 21, 41, 61, 23, 3, 24, 64, 43, 35, 75, 16, 4, 5, 6, 63, 83, 22, 42, 62, 82, 36, 91, 55, 15, 92, 52, 0]
Rota do Picker 6: [0, 1, 6, 4, 24, 83, 43, 22, 21, 41, 5, 8, 46, 25, 45, 26, 63, 23, 3, 0]
Rota do Picker 7: [0, 1, 44, 24, 62, 42, 22, 21, 41, 61, 27, 26, 3, 25, 45, 5, 83, 43, 23, 7, 8, 6, 4, 63, 0]
Rota do Picker 8: [0, 21, 41, 61, 42, 62, 36, 56, 15, 55, 44, 24, 4, 27, 6, 26, 82, 22, 46, 5, 23, 43, 1, 0]
Rota do Picker 9: [0, 42, 62, 22, 46, 64, 8, 7, 4, 23, 43, 63, 44, 25, 45, 5, 21, 41, 61, 81, 1, 0]
Rota do Picker 10: [0, 21, 1, 41, 61, 15, 53, 16, 18, 74, 93, 73, 56, 36, 17, 37, 33, 0]
Rota do Picker 11: [0, 1, 21, 41, 61, 81, 43, 23, 22, 42, 62, 82, 44, 24, 4, 64, 27, 7, 8, 6, 25, 5, 46, 0]
Rota do Picker 12: [0, 1, 41, 21, 23, 3, 63, 43, 6, 46, 24, 4, 42, 22, 61, 81, 52, 92, 32, 15, 35, 55, 75, 73, 74, 34, 17, 16, 71, 51, 0]
Rota do Picker 13: [0, 1, 21, 41, 61, 24, 44, 64, 5, 63, 43, 45, 27, 7, 26, 46, 83, 23, 4, 82, 62, 42, 22, 0]
Rota do Picker 14: [0, 1, 21, 41, 81, 14, 56, 72, 0]
Rota do Picker 15: [0, 21, 1, 24, 44, 45, 65, 23, 43, 81, 61, 41, 5, 25, 6, 83, 63, 27, 7, 62, 82, 92, 72, 52, 0]

Caso de teste: SLAPRP_Guo_small_O200_alpha0.2_v6.txt

Distancia Total: 1116.0
Quantidade de Pickers: 15
