Rota do Picker 1: [0, 37, 81, 61, 16, 43, 3, 12, 53, 73, 65, 56, 63, 23, 74, 54, 36, 11, 92, 14, 18, 32, 55, 15, 94, 93, 52, 42, 41, 21, 1, 0]
Rota do Picker 2: [0, 21, 41, 3, 82, 42, 22, 1, 23, 43, 4, 63, 83, 61, 81, 64, 6, 24, 84, 16, 46, 0]
Rota do Picker 3: [0, 55, 83, 16, 44, 1, 3, 23, 43, 63, 4, 56, 41, 6, 46, 36, 82, 62, 21, 94, 64, 42, 2, 54, 7, 61, 81, 15, 27, 35, 0]
Rota do Picker 4: [0, 41, 61, 25, 64, 84, 27, 7, 8, 63, 21, 44, 24, 4, 65, 83, 1, 45, 6, 3, 43, 5, 23, 46, 26, 0]
Rota do Picker 5: [0, 43, 91, 71, 7, 74, 15, 14, 1, 36, 41, 61, 81, 12, 16, 64, 5, 37, 21, 3, 23, 4, 24, 17, 62, 82, 0]
Rota do Picker 6: [0, 6, 83, 44, 24, 5, 45, 27, 63, 61, 26, 7, 25, 65, 3, 21, 43, 23, 4, 41, 1, 81, 0]

Caso de teste: SLAPRP_Guo_small_O100_alpha0.2_v8.txt

Distancia Total: 1094.0
Quantidade de Pickers: 6
