Rota do Picker 1: [0, 22, 8, 20, 45, 21, 32, 75, 96, 10, 51, 41, 18, 37, 17, 71, 14, 64, 2, 77, 11, 3, 1, 7, 13, 9, 0]
Rota do Picker 2: [0, 21, 61, 3, 84, 45, 67, 47, 27, 7, 22, 9, 26, 83, 4, 8, 30, 23, 13, 65, 2, 10, 0]
Rota do Picker 3: [0, 26, 47, 42, 45, 9, 7, 22, 21, 27, 1, 30, 8, 84, 64, 4, 10, 61, 83, 3, 23, 67, 41, 0]
Rota do Picker 4: [0, 20, 30, 27, 7, 21, 2, 22, 26, 8, 45, 41, 3, 83, 65, 17, 61, 1, 23, 47, 51, 13, 11, 9, 43, 14, 0]
Rota do Picker 5: [0, 52, 21, 13, 59, 51, 75, 39, 41, 84, 76, 94, 96, 10, 20, 32, 1, 3, 11, 33, 18, 77, 22, 17, 79, 65, 0]
Rota do Picker 6: [0, 22, 13, 94, 1, 39, 78, 40, 52, 96, 17, 75, 79, 61, 65, 76, 21, 32, 18, 59, 41, 20, 77, 0]
Rota do Picker 7: [0, 21, 3, 4, 22, 17, 45, 8, 26, 52, 13, 9, 7, 83, 10, 20, 47, 27, 2, 42, 33, 65, 64, 1, 23, 0]
Rota do Picker 8: [0, 41, 3, 83, 84, 20, 21, 26, 17, 22, 45, 11, 64, 10, 33, 4, 47, 2, 7, 27, 14, 1, 23, 13, 8, 52, 0]
Rota do Picker 9: [0, 21, 41, 3, 7, 9, 26, 22, 61, 8, 45, 27, 2, 10, 83, 30, 67, 23, 20, 65, 64, 52, 47, 51, 84, 1, 4, 0]
Rota do Picker 10: [0, 45, 26, 22, 9, 27, 7, 43, 3, 65, 67, 21, 83, 47, 10, 4, 8, 1, 0]
Rota do Picker 11: [0, 7, 22, 9, 8, 83, 23, 27, 47, 67, 13, 1, 43, 64, 30, 10, 45, 26, 4, 3, 21, 0]
Rota do Picker 12: [0, 3, 23, 83, 22, 26, 8, 17, 27, 67, 7, 47, 84, 2, 10, 45, 1, 42, 52, 9, 64, 4, 21, 0]

Caso de teste: SLAPRP_Guo_small_O200_alpha0.2_v1.txt

Distancia Total: 2494.0
Quantidade de Pickers: 12
