Rota do Picker 1: [0, 1, 21, 41, 13, 33, 94, 72, 52, 23, 3, 37, 74, 14, 24, 63, 31, 4, 53, 44, 54, 76, 36, 34, 92, 18, 51, 55, 35, 17, 61, 32, 0]
Rota do Picker 2: [0, 1, 21, 41, 61, 81, 33, 53, 3, 23, 14, 34, 0]
Rota do Picker 3: [0, 1, 41, 3, 23, 14, 34, 37, 26, 72, 42, 22, 54, 52, 63, 74, 6, 35, 43, 21, 0]
Rota do Picker 4: [0, 21, 41, 61, 13, 81, 34, 4, 94, 14, 5, 37, 43, 23, 3, 45, 33, 1, 0]
Rota do Picker 5: [0, 1, 21, 61, 3, 43, 14, 41, 44, 84, 36, 62, 25, 23, 6, 64, 7, 83, 75, 82, 4, 24, 12, 22, 42, 5, 34, 0]

Caso de teste: SLAPRP_Guo_small_O50_alpha0.4_v5.txt

Distancia Total: 792.0
Quantidade de Pickers: 5
