Rota do Picker 1: [0, 46, 10, 8, 45, 30, 9, 87, 27, 7, 26, 67, 68, 47, 50, 65, 70, 0]
Rota do Picker 2: [0, 60, 10, 31, 9, 45, 2, 96, 27, 8, 7, 67, 46, 17, 36, 37, 26, 30, 47, 20, 89, 29, 50, 70, 40, 87, 1, 68, 0]
Rota do Picker 3: [0, 70, 89, 68, 29, 26, 30, 65, 7, 8, 10, 46, 45, 87, 27, 67, 9, 50, 2, 0]
Rota do Picker 4: [0, 70, 46, 67, 27, 21, 36, 87, 45, 10, 29, 9, 8, 7, 30, 26, 50, 1, 47, 0]
Rota do Picker 5: [0, 2, 46, 30, 37, 60, 31, 93, 95, 70, 12, 74, 75, 7, 10, 68, 50, 96, 27, 26, 20, 40, 17, 9, 8, 45, 11, 1, 98, 18, 94, 0]
Rota do Picker 6: [0, 2, 17, 36, 40, 10, 80, 74, 31, 60, 37, 8, 21, 11, 95, 99, 18, 59, 1, 30, 77, 94, 70, 50, 7, 98, 20, 19, 75, 93, 12, 76, 29, 0]
Rota do Picker 7: [0, 45, 8, 27, 87, 46, 37, 60, 10, 7, 96, 70, 9, 1, 21, 65, 89, 40, 2, 26, 50, 20, 36, 67, 68, 17, 0]
Rota do Picker 8: [0, 46, 70, 7, 47, 87, 27, 50, 30, 67, 68, 10, 89, 29, 9, 8, 26, 65, 45, 0]
Rota do Picker 9: [0, 7, 27, 67, 87, 9, 45, 96, 10, 70, 40, 26, 2, 17, 30, 47, 20, 50, 89, 46, 68, 8, 29, 37, 0]
Rota do Picker 10: [0, 1, 27, 50, 67, 96, 21, 7, 8, 29, 10, 46, 89, 65, 47, 37, 87, 45, 70, 30, 9, 26, 0]
Rota do Picker 11: [0, 17, 67, 30, 47, 10, 37, 60, 20, 65, 1, 21, 26, 27, 87, 96, 9, 70, 36, 40, 45, 46, 68, 8, 7, 2, 0]
Rota do Picker 12: [0, 21, 7, 27, 67, 68, 17, 60, 10, 36, 96, 50, 1, 40, 65, 70, 26, 20, 87, 46, 9, 37, 8, 45, 30, 0]

Caso de teste: SLAPRP_Guo_small_O200_alpha0.3_v7.txt

Distancia Total: 2952.0
Quantidade de Pickers: 12
