Rota do Picker 1: [0, 19, 45, 48, 28, 8, 7, 27, 46, 26, 20, 40, 60, 37, 76, 9, 30, 10, 0]
Rota do Picker 2: [0, 45, 48, 50, 10, 28, 8, 30, 89, 69, 9, 27, 46, 26, 7, 67, 76, 39, 57, 18, 60, 40, 94, 74, 59, 37, 55, 0]
Rota do Picker 3: [0, 31, 60, 40, 45, 9, 48, 28, 30, 10, 8, 46, 26, 7, 27, 1, 0]
Rota do Picker 4: [0, 12, 48, 28, 9, 30, 10, 8, 47, 67, 89, 69, 21, 41, 64, 65, 45, 46, 26, 27, 7, 0]
Rota do Picker 5: [0, 45, 65, 50, 10, 87, 67, 27, 47, 7, 8, 19, 76, 12, 46, 26, 28, 89, 9, 30, 21, 1, 41, 0]
Rota do Picker 6: [0, 21, 26, 46, 10, 7, 27, 67, 87, 9, 45, 65, 8, 30, 49, 3, 20, 40, 18, 55, 76, 0]
Rota do Picker 7: [0, 1, 26, 46, 7, 9, 45, 3, 60, 76, 37, 97, 40, 20, 30, 50, 8, 27, 87, 41, 10, 65, 0]
Rota do Picker 8: [0, 21, 89, 49, 10, 30, 69, 9, 65, 45, 27, 7, 26, 46, 28, 48, 8, 2, 0]
Rota do Picker 9: [0, 21, 28, 48, 9, 2, 26, 46, 10, 50, 7, 45, 65, 74, 37, 57, 59, 40, 20, 19, 18, 55, 1, 30, 8, 67, 27, 47, 87, 31, 0]
Rota do Picker 10: [0, 83, 21, 8, 30, 50, 10, 9, 48, 28, 46, 2, 41, 67, 49, 60, 97, 96, 87, 7, 27, 45, 65, 26, 47, 1, 0]
Rota do Picker 11: [0, 65, 83, 3, 10, 8, 7, 27, 87, 67, 69, 9, 64, 84, 28, 48, 45, 36, 57, 1, 21, 2, 74, 94, 76, 97, 18, 20, 40, 55, 12, 41, 0]

Caso de teste: SLAPRP_Guo_small_O200_alpha0.4_v5.txt

Distancia Total: 1548.0
Quantidade de Pickers: 11
