Rota do Picker 1: [0, 1, 0]
Rota do Picker 2: [0, 1, 0]
Rota do Picker 3: [0, 1, 0]
Rota do Picker 4: [0, 1, 26, 46, 66, 8, 9, 76, 97, 36, 96, 65, 45, 64, 84, 50, 30, 40, 20, 55, 13, 12, 21, 10, 7, 27, 87, 0]
Rota do Picker 5: [0, 30, 10, 12, 20, 65, 66, 46, 26, 76, 96, 59, 19, 39, 77, 57, 74, 55, 9, 7, 28, 8, 45, 1, 0]
Rota do Picker 6: [0, 2, 7, 27, 46, 66, 8, 10, 26, 9, 45, 65, 55, 32, 13, 11, 36, 76, 96, 97, 19, 42, 22, 21, 1, 0]
Rota do Picker 7: [0, 1, 26, 55, 74, 94, 21, 41, 11, 10, 9, 8, 46, 27, 7, 87, 67, 47, 39, 20, 97, 77, 60, 40, 18, 76, 13, 42, 0]
Rota do Picker 8: [0, 21, 1, 7, 27, 8, 46, 66, 9, 45, 26, 67, 20, 97, 57, 22, 47, 87, 55, 96, 77, 18, 39, 19, 37, 32, 12, 0]
Rota do Picker 9: [0, 1, 7, 22, 41, 45, 9, 30, 66, 26, 46, 8, 50, 11, 32, 84, 67, 87, 47, 27, 28, 2, 36, 60, 20, 31, 0]
Rota do Picker 10: [0, 41, 21, 8, 10, 30, 50, 28, 27, 3, 36, 55, 22, 42, 87, 47, 7, 9, 45, 66, 46, 26, 2, 1, 0]
Rota do Picker 11: [0, 1, 21, 41, 46, 7, 76, 96, 36, 20, 40, 39, 19, 47, 87, 27, 30, 50, 10, 26, 28, 8, 9, 66, 45, 42, 2, 0]
Rota do Picker 12: [0, 21, 41, 1, 3, 27, 8, 28, 45, 26, 46, 66, 7, 10, 30, 9, 20, 19, 76, 36, 51, 31, 55, 0]
Rota do Picker 13: [0, 1, 2, 7, 27, 26, 66, 42, 22, 46, 41, 21, 30, 55, 19, 39, 52, 32, 59, 37, 77, 97, 8, 50, 9, 3, 60, 13, 12, 11, 0]
Rota do Picker 14: [0, 21, 1, 45, 46, 66, 7, 27, 8, 50, 9, 10, 30, 28, 13, 55, 36, 40, 20, 0]

Caso de teste: SLAPRP_Guo_small_O200_alpha0.4_v5.txt

Distancia Total: 1708.0
Quantidade de Pickers: 14
