Rota do Picker 1: [0, 21, 1, 2, 96, 13, 45, 28, 46, 26, 27, 7, 8, 9, 69, 89, 50, 10, 39, 18, 20, 60, 40, 0]
Rota do Picker 2: [0, 22, 47, 7, 27, 50, 10, 8, 46, 26, 3, 64, 9, 87, 65, 45, 28, 41, 21, 18, 96, 32, 31, 1, 0]
Rota do Picker 3: [0, 11, 7, 10, 30, 46, 47, 27, 26, 8, 28, 9, 49, 69, 89, 45, 18, 40, 0]
Rota do Picker 4: [0, 26, 46, 8, 9, 49, 89, 69, 45, 65, 28, 10, 30, 47, 7, 27, 18, 40, 1, 21, 0]
Rota do Picker 5: [0, 1, 21, 27, 50, 22, 7, 8, 49, 89, 69, 45, 26, 9, 10, 28, 46, 77, 57, 51, 31, 0]
Rota do Picker 6: [0, 26, 46, 8, 9, 89, 49, 7, 87, 45, 65, 10, 30, 47, 27, 2, 21, 0]
Rota do Picker 7: [0, 64, 8, 27, 30, 65, 32, 31, 22, 87, 89, 69, 10, 9, 7, 26, 41, 1, 2, 96, 19, 18, 45, 46, 21, 0]
Rota do Picker 8: [0, 1, 2, 8, 28, 9, 69, 18, 94, 13, 87, 27, 47, 7, 3, 22, 30, 10, 39, 57, 20, 19, 55, 51, 31, 46, 21, 0]
Rota do Picker 9: [0, 13, 18, 65, 26, 47, 27, 32, 21, 40, 31, 22, 46, 7, 8, 9, 69, 89, 30, 45, 41, 1, 0]
Rota do Picker 10: [0, 27, 49, 9, 8, 7, 87, 47, 26, 50, 10, 2, 22, 31, 32, 19, 30, 46, 45, 0]
Rota do Picker 11: [0, 1, 27, 69, 49, 9, 50, 40, 57, 37, 13, 74, 94, 18, 98, 55, 12, 31, 7, 30, 10, 28, 45, 65, 26, 46, 47, 87, 8, 2, 0]
Rota do Picker 12: [0, 31, 39, 57, 12, 20, 60, 59, 19, 55, 0]
Rota do Picker 13: [0, 65, 2, 45, 27, 50, 30, 69, 9, 8, 7, 46, 26, 87, 47, 22, 18, 19, 13, 97, 57, 40, 39, 51, 31, 0]

Caso de teste: SLAPRP_Guo_small_O200_alpha0.2_v8.txt

Distancia Total: 1730.0
Quantidade de Pickers: 13
