Rota do Picker 1: [0, 43, 44, 25, 83, 23, 61, 26, 5, 3, 81, 21, 1, 8, 7, 41, 65, 64, 46, 27, 6, 0]
Rota do Picker 2: [0, 81, 61, 41, 21, 1, 0]
Rota do Picker 3: [0, 27, 43, 23, 61, 1, 64, 5, 41, 21, 3, 25, 83, 81, 63, 65, 45, 0]
Rota do Picker 4: [0, 21, 27, 43, 45, 44, 81, 6, 82, 1, 41, 23, 5, 61, 3, 7, 26, 25, 0]
Rota do Picker 5: [0, 1, 21, 41, 61, 23, 26, 45, 7, 63, 6, 65, 44, 46, 82, 8, 43, 64, 25, 5, 3, 27, 0]
Rota do Picker 6: [0, 1, 21, 41, 3, 23, 61, 5, 27, 46, 7, 43, 83, 26, 82, 25, 45, 44, 64, 8, 65, 6, 63, 0]
Rota do Picker 7: [0, 1, 21, 41, 61, 82, 63, 44, 81, 3, 23, 43, 5, 64, 0]
Rota do Picker 8: [0, 65, 26, 81, 44, 46, 63, 82, 83, 6, 7, 1, 25, 5, 43, 23, 61, 41, 21, 3, 45, 0]
Rota do Picker 9: [0, 82, 1, 21, 61, 43, 41, 23, 81, 62, 42, 2, 5, 83, 63, 44, 3, 0]
Rota do Picker 10: [0, 1, 21, 41, 61, 3, 23, 6, 5, 82, 26, 81, 44, 25, 43, 83, 64, 0]
Rota do Picker 11: [0, 8, 23, 61, 63, 64, 26, 21, 81, 62, 27, 45, 7, 1, 83, 82, 6, 65, 25, 41, 44, 5, 43, 3, 0]
Rota do Picker 12: [0, 1, 21, 41, 11, 14, 34, 55, 18, 12, 72, 16, 0]

Caso de teste: SLAPRP_Guo_small_O200_alpha0.3_v3.txt

Distancia Total: 1306.0
Quantidade de Pickers: 12
