Rota do Picker 1: [0, 93, 5, 3, 62, 42, 22, 2, 1, 21, 41, 61, 6, 7, 27, 24, 64, 4, 43, 23, 63, 81, 25, 74, 0]
Rota do Picker 2: [0, 21, 8, 46, 7, 23, 3, 41, 5, 62, 81, 61, 1, 82, 42, 27, 44, 64, 24, 4, 26, 6, 83, 63, 43, 0]
Rota do Picker 3: [0, 3, 23, 82, 42, 43, 83, 63, 62, 25, 24, 4, 26, 61, 41, 21, 1, 5, 45, 6, 52, 72, 91, 0]
Rota do Picker 4: [0, 1, 15, 74, 41, 21, 61, 81, 6, 26, 46, 3, 4, 25, 5, 63, 43, 23, 65, 45, 8, 13, 14, 34, 52, 0]
Rota do Picker 5: [0, 21, 41, 61, 4, 44, 24, 3, 73, 52, 81, 1, 5, 7, 8, 6, 93, 36, 75, 18, 37, 17, 32, 54, 34, 14, 11, 0]
Rota do Picker 6: [0, 21, 1, 65, 3, 23, 43, 5, 25, 45, 7, 8, 46, 82, 62, 42, 41, 81, 61, 12, 0]

Caso de teste: SLAPRP_Guo_small_O100_alpha0.2_v7.txt

Distancia Total: 686.0
Quantidade de Pickers: 6
