SKUs: 40
Pedidos: 100

Primeiro pedido:
Order(1, [5, 8, 11])

Ultimo pedido:
Order(100, [1, 7, 10, 36])

Location(1, 1, -1, 20)
Location(2, 1, -2, 20)
Location(3, 1, -3, 20)
Location(4, 1, -4, 20)
Location(5, 1, -5, 20)
Location(6, 1, -6, 20)
Location(7, 1, -7, 20)
Location(8, 1, -8, 20)
Location(9, 1, -9, 20)
Location(10, 1, -10, 40)
Location(11, 1, 1, 20)
Location(12, 1, 2, 20)
Location(13, 1, 3, 20)
Location(14, 1, 4, 20)
Location(15, 1, 5, 20)
Location(16, 1, 6, 20)
Location(17, 1, 7, 20)
Location(18, 1, 8, 20)
Location(19, 1, 9, 20)
Location(20, 1, 10, 40)
Location(21, 2, -1, 20)
Location(22, 2, -2, 20)
Location(23, 2, -3, 20)
Location(24, 2, -4, 20)
Location(25, 2, -5, 20)
Location(26, 2, -6, 20)
Location(27, 2, -7, 20)
Location(28, 2, -8, 20)
Location(29, 2, -9, 20)
Location(30, 2, -10, 40)
Location(31, 2, 1, 20)
Location(32, 2, 2, 20)
Location(33, 2, 3, 20)
Location(34, 2, 4, 20)
Location(35, 2, 5, 20)
Location(36, 2, 6, 20)
Location(37, 2, 7, 20)
Location(38, 2, 8, 20)
Location(39, 2, 9, 20)
Location(40, 2, 10, 40)
Location(41, 3, -1, 20)
Location(42, 3, -2, 20)
Location(43, 3, -3, 20)
Location(44, 3, -4, 20)
Location(45, 3, -5, 20)
Location(46, 3, -6, 20)
Location(47, 3, -7, 20)
Location(48, 3, -8, 20)
Location(49, 3, -9, 20)
Location(50, 3, -10, 40)
Location(51, 3, 1, 20)
Location(52, 3, 2, 20)
Location(53, 3, 3, 20)
Location(54, 3, 4, 20)
Location(55, 3, 5, 20)
Location(56, 3, 6, 20)
Location(57, 3, 7, 20)
Location(58, 3, 8, 20)
Location(59, 3, 9, 20)
Location(60, 3, 10, 40)
Location(61, 4, -1, 20)
Location(62, 4, -2, 20)
Location(63, 4, -3, 20)
Location(64, 4, -4, 20)
Location(65, 4, -5, 20)
Location(66, 4, -6, 20)
Location(67, 4, -7, 20)
Location(68, 4, -8, 20)
Location(69, 4, -9, 20)
Location(70, 4, -10, 40)
Location(71, 4, 1, 20)
Location(72, 4, 2, 20)
Location(73, 4, 3, 20)
Location(74, 4, 4, 20)
Location(75, 4, 5, 20)
Location(76, 4, 6, 20)
Location(77, 4, 7, 20)
Location(78, 4, 8, 20)
Location(79, 4, 9, 20)
Location(80, 4, 10, 40)
Location(81, 5, -1, 20)
Location(82, 5, -2, 20)
Location(83, 5, -3, 20)
Location(84, 5, -4, 20)
Location(85, 5, -5, 20)
Location(86, 5, -6, 20)
Location(87, 5, -7, 20)
Location(88, 5, -8, 20)
Location(89, 5, -9, 20)
Location(90, 5, -10, 40)
Location(91, 5, 1, 20)
Location(92, 5, 2, 20)
Location(93, 5, 3, 20)
Location(94, 5, 4, 20)
Location(95, 5, 5, 20)
Location(96, 5, 6, 20)
Location(97, 5, 7, 20)
Location(98, 5, 8, 20)
Location(99, 5, 9, 20)
Location(100, 5, 10, 40)

Frequencias: [49, 46, 47, 45, 59, 47, 40, 45, 5, 3, 7, 2, 6, 4, 7, 6, 7, 8, 1, 6, 8, 4, 4, 3, 2, 4, 8, 4, 8, 4, 1, 5, 7, 8, 0, 7, 3, 9, 0, 0]

Matriz de coocorrencia: 
40×40 Matrix{Int64}:
  0  25  30  28  30  27  25  24  3  2  2  0  4  1  4  5  3  3  0  3  1  1  3  1  2  2  2  2  3  4  0  1  3  4  0  3  2  6  0  0
 25   0  26  23  33  24  19  24  2  0  2  1  4  3  3  1  2  3  0  3  6  2  1  1  2  2  1  4  3  1  1  3  3  3  0  3  1  6  0  0
 30  26   0  22  30  27  21  29  2  1  2  0  2  2  4  3  3  3  0  3  4  1  1  1  1  2  4  2  3  3  1  3  3  3  0  2  1  5  0  0
 28  23  22   0  28  24  24  24  2  0  3  1  2  3  3  3  5  7  1  2  1  2  3  3  2  0  4  3  4  3  1  2  5  4  0  1  3  6  0  0
 30  33  30  28   0  27  24  28  3  0  3  1  4  0  4  1  4  8  0  4  4  1  1  1  0  2  1  3  4  1  0  3  3  1  0  2  2  6  0  0
 27  24  27  24  27   0  23  26  2  2  4  1  3  2  4  3  2  2  1  4  3  3  1  1  0  3  3  2  4  3  0  1  3  5  0  2  2  4  0  0
 25  19  21  24  24  23   0  24  1  2  3  0  1  1  5  3  5  4  0  3  2  2  3  0  1  2  4  1  1  2  0  0  3  2  0  2  1  4  0  0
 24  24  29  24  28  26  24   0  2  1  4  1  2  2  4  0  2  3  1  3  3  2  0  3  1  3  4  1  1  3  1  1  2  4  0  1  2  4  0  0
  3   2   2   2   3   2   1   2  0  0  0  1  1  0  1  0  0  0  0  1  0  0  0  1  0  0  1  0  1  0  0  1  0  1  0  0  0  0  0  0
  2   0   1   0   0   2   2   1  0  0  0  0  0  0  0  0  1  0  0  0  0  0  0  0  0  0  1  0  1  0  0  0  1  0  0  1  0  0  0  0
  2   2   2   3   3   4   3   4  0  0  0  0  0  1  0  0  0  1  0  0  1  1  0  0  0  1  1  1  0  0  0  0  0  0  0  0  0  1  0  0
  0   1   0   1   1   1   0   1  1  0  0  0  0  0  0  0  0  0  0  0  0  0  0  0  0  0  0  0  1  0  0  0  0  0  0  0  0  0  0  0
  4   4   2   2   4   3   1   2  1  0  0  0  0  0  0  1  0  0  0  0  0  0  0  0  0  0  0  0  1  0  0  1  0  1  0  0  0  0  0  0
  1   3   2   3   0   2   1   2  0  0  1  0  0  0  0  0  0  0  0  0  1  1  0  0  1  0  1  0  0  0  0  0  1  0  0  1  0  1  0  0
  4   3   4   3   4   4   5   4  1  0  0  0  0  0  0  0  0  1  0  1  0  1  0  0  0  1  1  0  0  0  0  0  0  0  0  1  0  0  0  0
  5   1   3   3   1   3   3   0  0  0  0  0  1  0  0  0  2  1  0  0  0  1  1  0  0  0  0  0  2  0  0  0  0  0  0  0  0  0  0  0
  3   2   3   5   4   2   5   2  0  1  0  0  0  0  0  2  0  1  0  0  0  0  0  0  1  0  0  1  3  0  0  0  1  0  0  0  0  1  0  0
  3   3   3   7   8   2   4   3  0  0  1  0  0  0  1  1  1  0  0  0  1  0  0  0  0  0  1  0  1  0  0  1  1  0  0  1  0  1  0  0
  0   0   0   1   0   1   0   1  0  0  0  0  0  0  0  0  0  0  0  0  1  0  0  1  0  0  0  0  1  0  0  0  0  0  0  0  1  0  0  0
  3   3   3   2   4   4   3   3  1  0  0  0  0  0  1  0  0  0  0  0  1  0  0  1  0  1  0  1  0  0  0  0  0  1  0  2  0  1  0  0
  1   6   4   1   4   3   2   3  0  0  1  0  0  1  0  0  0  1  1  1  0  0  0  1  0  0  0  0  1  0  0  0  0  0  0  1  1  0  0  0
  1   2   1   2   1   3   2   2  0  0  1  0  0  1  1  1  0  0  0  0  0  0  0  0  0  0  0  0  0  0  0  0  0  0  0  0  0  0  0  0
  3   1   1   3   1   1   3   0  0  0  0  0  0  0  0  1  0  0  0  0  0  0  0  0  0  0  0  0  1  1  0  0  1  0  0  0  0  0  0  0
  1   1   1   3   1   1   0   3  1  0  0  0  0  0  0  0  0  0  1  1  1  0  0  0  0  0  0  0  1  0  1  0  1  1  0  0  1  0  0  0
  2   2   1   2   0   0   1   1  0  0  0  0  0  1  0  0  1  0  0  0  0  0  0  0  0  0  0  0  0  0  0  0  0  0  0  1  0  0  0  0
  2   2   2   0   2   3   2   3  0  0  1  0  0  0  1  0  0  0  0  1  0  0  0  0  0  0  0  0  0  0  0  1  0  1  0  1  0  0  0  0
  2   1   4   4   1   3   4   4  1  1  1  0  0  1  1  0  0  1  0  0  0  0  0  0  0  0  0  0  0  0  0  1  1  0  0  0  0  1  0  0
  2   4   2   3   3   2   1   1  0  0  1  0  0  0  0  0  1  0  0  1  0  0  0  0  0  0  0  0  0  0  0  0  0  0  0  0  0  2  0  0
  3   3   3   4   4   4   1   1  1  1  0  1  1  0  0  2  3  1  1  0  1  0  1  1  0  0  0  0  0  0  0  1  1  0  0  0  1  1  0  0
  4   1   3   3   1   3   2   3  0  0  0  0  0  0  0  0  0  0  0  0  0  0  1  0  0  0  0  0  0  0  0  0  1  1  0  0  0  0  0  0
  0   1   1   1   0   0   0   1  0  0  0  0  0  0  0  0  0  0  0  0  0  0  0  1  0  0  0  0  0  0  0  0  1  1  0  0  0  0  0  0
  1   3   3   2   3   1   0   1  1  0  0  0  1  0  0  0  0  1  0  0  0  0  0  0  0  1  1  0  1  0  0  0  0  1  0  0  0  0  0  0
  3   3   3   5   3   3   3   2  0  1  0  0  0  1  0  0  1  1  0  0  0  0  1  1  0  0  1  0  1  1  1  0  0  1  0  0  1  1  0  0
  4   3   3   4   1   5   2   4  1  0  0  0  1  0  0  0  0  0  0  1  0  0  0  1  0  1  0  0  0  1  1  1  1  0  0  0  0  0  0  0
  0   0   0   0   0   0   0   0  0  0  0  0  0  0  0  0  0  0  0  0  0  0  0  0  0  0  0  0  0  0  0  0  0  0  0  0  0  0  0  0
  3   3   2   1   2   2   2   1  0  1  0  0  0  1  1  0  0  1  0  2  1  0  0  0  1  1  0  0  0  0  0  0  0  0  0  0  0  0  0  0
  2   1   1   3   2   2   1   2  0  0  0  0  0  0  0  0  0  0  1  0  1  0  0  1  0  0  0  0  1  0  0  0  1  0  0  0  0  1  0  0
  6   6   5   6   6   4   4   4  0  0  1  0  0  1  0  0  1  1  0  1  0  0  0  0  0  0  1  2  1  0  0  0  1  0  0  0  1  0  0  0
  0   0   0   0   0   0   0   0  0  0  0  0  0  0  0  0  0  0  0  0  0  0  0  0  0  0  0  0  0  0  0  0  0  0  0  0  0  0  0  0
  0   0   0   0   0   0   0   0  0  0  0  0  0  0  0  0  0  0  0  0  0  0  0  0  0  0  0  0  0  0  0  0  0  0  0  0  0  0  0  0
SKU(49, 204.0, 0.07)
SKU(46, 178.0, 0.08)
SKU(47, 103.0, 0.21)
SKU(45, 147.0, 0.1)
SKU(59, 147.0, 0.13)
SKU(47, 175.0, 0.08)
SKU(40, 176.0, 0.07)
SKU(45, 140.0, 0.11)
SKU(5, 51.0, 0.09)
SKU(3, 23.0, 0.21)
SKU(7, 49.0, 0.11)
SKU(2, 32.0, 0.12)
SKU(6, 31.0, 0.19)
SKU(4, 53.0, 0.07)
SKU(7, 94.0, 0.05)
SKU(6, 59.0, 0.09)
SKU(7, 53.0, 0.08)
SKU(8, 54.0, 0.12)
SKU(1, 14.0, 0.26)
SKU(6, 34.0, 0.17)
SKU(8, 76.0, 0.07)
SKU(4, 31.0, 0.16)
SKU(4, 43.0, 0.1)
SKU(3, 64.0, 0.05)
SKU(2, 33.0, 0.11)
SKU(4, 47.0, 0.09)
SKU(8, 49.0, 0.13)
SKU(4, 33.0, 0.16)
SKU(8, 87.0, 0.06)
SKU(4, 78.0, 0.04)
SKU(1, 19.0, 0.15)
SKU(5, 69.0, 0.06)
SKU(7, 71.0, 0.07)
SKU(8, 100.0, 0.05)
SKU(0, 11.0, 0.12)
SKU(7, 32.0, 0.16)
SKU(3, 69.0, 0.04)
SKU(9, 44.0, 0.14)
SKU(0, 16.0, 0.08)
SKU(0, 14.0, 0.12)

Posicao 1 (Corredor 1, Prateleira -1)
   SKU 1 -> 204
   SKU 6 -> 68
   SKU 7 -> 4

Posicao 2 (Corredor 1, Prateleira -2)
   SKU 8 -> 132
   SKU 15 -> 5
   SKU 29 -> 87

Posicao 3 (Corredor 1, Prateleira -3)
   SKU 11 -> 49
   SKU 18 -> 54
   SKU 24 -> 64

Posicao 4 (Corredor 1, Prateleira -4)
   SKU 31 -> 19

Posicao 10 (Corredor 1, Prateleira -10)
   SKU 3 -> 103

Posicao 11 (Corredor 1, Prateleira 1)
   SKU 6 -> 107
   SKU 7 -> 163

Posicao 12 (Corredor 1, Prateleira 2)
   SKU 2 -> 178
   SKU 7 -> 9
   SKU 34 -> 100

Posicao 13 (Corredor 1, Prateleira 3)
   SKU 23 -> 43
   SKU 30 -> 78
   SKU 38 -> 44

Posicao 14 (Corredor 1, Prateleira 4)
   SKU 25 -> 33

Posicao 21 (Corredor 2, Prateleira -1)
   SKU 5 -> 147
   SKU 8 -> 8

Posicao 22 (Corredor 2, Prateleira -2)
   SKU 14 -> 53
   SKU 36 -> 32
   SKU 37 -> 69

Posicao 31 (Corredor 2, Prateleira 1)
   SKU 4 -> 147
   SKU 15 -> 89
   SKU 21 -> 12

Posicao 32 (Corredor 2, Prateleira 2)
   SKU 20 -> 34
   SKU 26 -> 47
   SKU 32 -> 69

Posicao 41 (Corredor 3, Prateleira -1)
   SKU 17 -> 53
   SKU 21 -> 64
   SKU 27 -> 49

Posicao 42 (Corredor 3, Prateleira -2)
   SKU 13 -> 31

Posicao 51 (Corredor 3, Prateleira 1)
   SKU 9 -> 51
   SKU 16 -> 59
   SKU 33 -> 71

Posicao 52 (Corredor 3, Prateleira 2)
   SKU 10 -> 23
   SKU 28 -> 33

Posicao 61 (Corredor 4, Prateleira -1)
   SKU 19 -> 14

Posicao 71 (Corredor 4, Prateleira 1)
   SKU 12 -> 32
   SKU 22 -> 31

Posicao 100 (Corredor 5, Prateleira 10)
   SKU 35 -> 11
   SKU 39 -> 16
   SKU 40 -> 14

