Rota do Picker 1: [0, 21, 51, 71, 12, 52, 72, 17, 37, 76, 31, 11, 4, 47, 67, 30, 39, 59, 0]
Rota do Picker 2: [0, 11, 31, 12, 13, 36, 76, 39, 17, 21, 41, 1, 10, 30, 34, 2, 4, 40, 37, 0]
Rota do Picker 3: [0, 1, 21, 36, 76, 39, 40, 20, 33, 45, 30, 10, 27, 46, 26, 7, 2, 23, 12, 17, 51, 0]
Rota do Picker 4: [0, 11, 12, 34, 94, 20, 19, 17, 37, 30, 10, 9, 51, 33, 13, 31, 76, 61, 41, 1, 4, 43, 83, 3, 0]
Rota do Picker 5: [0, 2, 22, 12, 94, 13, 17, 37, 20, 40, 19, 39, 59, 34, 9, 52, 72, 11, 45, 10, 27, 7, 41, 0]
Rota do Picker 6: [0, 51, 71, 12, 19, 39, 59, 37, 10, 4, 22, 1, 3, 31, 18, 40, 17, 76, 36, 14, 13, 21, 0]
Rota do Picker 7: [0, 7, 11, 31, 20, 40, 37, 10, 27, 45, 22, 2, 71, 51, 17, 18, 19, 9, 41, 21, 1, 12, 14, 33, 76, 0]
Rota do Picker 8: [0, 12, 21, 22, 42, 26, 41, 40, 17, 37, 20, 39, 76, 11, 18, 2, 45, 47, 7, 3, 23, 43, 83, 0]
Rota do Picker 9: [0, 42, 30, 10, 27, 47, 4, 46, 26, 67, 7, 45, 1, 41, 94, 34, 22, 21, 0]
Rota do Picker 10: [0, 12, 17, 36, 34, 31, 18, 19, 21, 41, 37, 39, 33, 13, 51, 71, 67, 14, 94, 52, 72, 11, 1, 22, 42, 0]
Rota do Picker 11: [0, 12, 11, 37, 57, 14, 33, 13, 1, 21, 34, 72, 52, 76, 51, 23, 83, 22, 4, 26, 46, 7, 27, 3, 2, 0]

Caso de teste: SLAPRP_Guo_small_O200_alpha0.3_v1.txt

Distancia Total: 1444.0
Quantidade de Pickers: 11
