Rota do Picker 1: [0, 80, 60, 8, 21, 41, 75, 40, 19, 59, 39, 1, 97, 70, 98, 20, 55, 74, 94, 18, 27, 30, 36, 2, 46, 26, 45, 0]
Rota do Picker 2: [0, 1, 8, 9, 27, 46, 45, 48, 50, 87, 7, 2, 28, 26, 21, 70, 10, 22, 30, 47, 0]
Rota do Picker 3: [0, 97, 87, 27, 7, 96, 80, 45, 28, 55, 40, 19, 48, 46, 8, 26, 68, 51, 10, 30, 41, 21, 20, 9, 0]
Rota do Picker 4: [0, 3, 46, 27, 22, 37, 80, 60, 48, 9, 7, 40, 19, 45, 10, 28, 8, 21, 20, 30, 55, 1, 89, 96, 26, 50, 70, 0]
Rota do Picker 5: [0, 40, 87, 19, 27, 46, 9, 8, 96, 1, 7, 48, 10, 20, 50, 45, 37, 30, 2, 22, 60, 28, 26, 21, 0]
Rota do Picker 6: [0, 7, 9, 50, 89, 26, 28, 10, 47, 87, 70, 45, 30, 48, 46, 27, 8, 0]

Caso de teste: SLAPRP_Guo_small_O100_alpha0.4_v4.txt

Distancia Total: 1434.0
Quantidade de Pickers: 6
