Rota do Picker 1: [0, 1, 21, 41, 3, 22, 14, 34, 54, 17, 96, 15, 44, 5, 25, 43, 4, 13, 53, 73, 37, 38, 18, 81, 0]
Rota do Picker 2: [0, 73, 13, 22, 5, 3, 41, 1, 61, 15, 18, 37, 75, 55, 35, 94, 74, 34, 53, 54, 14, 44, 6, 21, 0]
Rota do Picker 3: [0, 38, 13, 41, 21, 1, 61, 3, 5, 94, 75, 55, 15, 23, 4, 44, 43, 63, 58, 34, 14, 17, 62, 22, 0]
Rota do Picker 4: [0, 21, 41, 23, 5, 15, 37, 38, 73, 53, 13, 61, 81, 55, 19, 76, 16, 22, 43, 3, 1, 0]
Rota do Picker 5: [0, 1, 3, 4, 15, 18, 17, 13, 73, 53, 61, 41, 21, 81, 11, 35, 63, 23, 43, 0]
Rota do Picker 6: [0, 53, 13, 81, 41, 2, 22, 42, 73, 37, 17, 94, 4, 5, 23, 61, 21, 15, 54, 34, 14, 6, 3, 1, 0]
Rota do Picker 7: [0, 21, 3, 23, 22, 6, 16, 73, 13, 15, 35, 38, 18, 57, 19, 94, 34, 14, 5, 81, 41, 1, 0]
Rota do Picker 8: [0, 1, 21, 41, 81, 3, 96, 13, 53, 73, 18, 75, 95, 94, 54, 57, 17, 14, 62, 22, 43, 63, 91, 0]
Rota do Picker 9: [0, 1, 41, 21, 13, 53, 73, 63, 3, 14, 34, 77, 42, 22, 19, 96, 16, 17, 57, 82, 6, 0]
Rota do Picker 10: [0, 21, 1, 43, 3, 22, 5, 93, 73, 53, 13, 14, 15, 0]
Rota do Picker 11: [0, 21, 3, 4, 13, 53, 62, 61, 81, 41, 1, 22, 24, 6, 5, 25, 14, 34, 17, 77, 37, 82, 0]
Rota do Picker 12: [0, 91, 21, 1, 41, 3, 24, 44, 13, 57, 17, 75, 15, 16, 76, 38, 58, 43, 23, 34, 14, 61, 82, 62, 22, 0]

Caso de teste: SLAPRP_Guo_small_O200_alpha0.2_v4.txt

Distancia Total: 1412.0
Quantidade de Pickers: 12
