Rota do Picker 1: [0, 6, 63, 82, 7, 26, 21, 8, 46, 27, 61, 62, 25, 5, 41, 45, 44, 43, 23, 1, 0]
Rota do Picker 2: [0, 81, 83, 64, 6, 27, 82, 25, 45, 7, 5, 65, 1, 21, 41, 61, 43, 8, 23, 63, 26, 0]
Rota do Picker 3: [0, 1, 21, 41, 61, 23, 43, 6, 25, 63, 62, 5, 27, 81, 45, 82, 26, 83, 0]
Rota do Picker 4: [0, 21, 41, 43, 61, 23, 5, 6, 82, 26, 63, 1, 46, 64, 44, 81, 25, 8, 4, 24, 65, 45, 7, 83, 0]
Rota do Picker 5: [0, 62, 1, 21, 41, 61, 43, 63, 44, 7, 64, 82, 23, 45, 5, 81, 0]
Rota do Picker 6: [0, 21, 41, 5, 7, 18, 43, 81, 83, 37, 82, 62, 23, 61, 1, 0]

Caso de teste: SLAPRP_Guo_small_O100_alpha0.3_v9.txt

Distancia Total: 770.0
Quantidade de Pickers: 6
