Rota do Picker 1: [0, 12, 32, 55, 76, 20, 8, 50, 3, 23, 18, 60, 94, 74, 46, 78, 1, 41, 28, 56, 10, 37, 14, 0]
Rota do Picker 2: [0, 20, 26, 46, 28, 9, 76, 70, 3, 8, 27, 66, 30, 10, 50, 48, 45, 0]
Rota do Picker 3: [0, 11, 31, 13, 55, 28, 27, 26, 46, 74, 94, 20, 70, 48, 3, 1, 2, 12, 32, 37, 8, 68, 45, 10, 14, 76, 60, 50, 66, 4, 78, 9, 0]
Rota do Picker 4: [0, 12, 32, 55, 76, 51, 28, 48, 0]
Rota do Picker 5: [0, 8, 9, 27, 74, 94, 56, 78, 21, 41, 45, 4, 28, 48, 10, 70, 20, 3, 22, 30, 66, 1, 76, 23, 46, 26, 0]

Caso de teste: SLAPRP_Guo_small_O50_alpha0.3_v4.txt

Distancia Total: 980.0
Quantidade de Pickers: 5
