Rota do Picker 1: [0, 61, 4, 24, 44, 7, 26, 63, 72, 1, 6, 25, 62, 83, 27, 41, 46, 81, 8, 3, 23, 5, 42, 82, 21, 22, 45, 64, 0]
Rota do Picker 2: [0, 6, 83, 63, 41, 3, 23, 43, 5, 45, 44, 42, 1, 21, 25, 24, 64, 65, 4, 26, 46, 84, 81, 62, 53, 8, 27, 0]
Rota do Picker 3: [0, 1, 3, 23, 6, 82, 65, 62, 42, 45, 25, 4, 61, 44, 24, 5, 22, 41, 21, 72, 26, 0]
Rota do Picker 4: [0, 82, 45, 72, 65, 61, 21, 41, 4, 5, 34, 1, 53, 56, 63, 26, 24, 62, 42, 23, 3, 22, 44, 64, 54, 25, 81, 7, 74, 0]
Rota do Picker 5: [0, 41, 22, 42, 5, 24, 34, 56, 7, 27, 44, 6, 82, 25, 53, 64, 4, 21, 61, 81, 3, 63, 26, 23, 43, 74, 1, 45, 0]
Rota do Picker 6: [0, 44, 65, 53, 6, 43, 63, 27, 81, 61, 72, 45, 23, 83, 7, 82, 8, 21, 3, 4, 24, 42, 62, 26, 1, 41, 22, 5, 25, 46, 84, 0]
Rota do Picker 7: [0, 1, 21, 41, 22, 52, 72, 61, 81, 3, 15, 0]
Rota do Picker 8: [0, 41, 3, 4, 24, 5, 6, 42, 84, 43, 23, 65, 21, 83, 8, 22, 45, 25, 1, 64, 44, 82, 62, 27, 46, 34, 7, 26, 61, 0]
Rota do Picker 9: [0, 34, 71, 55, 36, 51, 43, 23, 91, 74, 92, 72, 61, 21, 1, 41, 33, 53, 3, 4, 24, 93, 18, 0]
Rota do Picker 10: [0, 1, 21, 13, 93, 31, 34, 92, 61, 53, 81, 15, 36, 74, 55, 41, 16, 17, 72, 18, 33, 91, 73, 75, 35, 32, 12, 37, 56, 0]
Rota do Picker 11: [0, 21, 61, 3, 23, 72, 74, 1, 63, 83, 34, 56, 65, 44, 41, 81, 53, 45, 55, 43, 42, 4, 24, 5, 15, 22, 25, 33, 93, 0]
Rota do Picker 12: [0, 8, 7, 3, 45, 27, 42, 65, 44, 83, 6, 46, 25, 5, 24, 4, 21, 82, 26, 23, 41, 1, 63, 64, 62, 0]
Rota do Picker 13: [0, 61, 62, 82, 72, 15, 7, 16, 22, 43, 23, 53, 46, 81, 26, 6, 41, 1, 21, 4, 5, 25, 65, 74, 42, 44, 24, 3, 8, 33, 27, 0]
Rota do Picker 14: [0, 1, 2, 3, 43, 15, 92, 44, 34, 24, 4, 81, 61, 41, 25, 72, 83, 73, 5, 23, 6, 21, 33, 53, 7, 26, 22, 42, 62, 64, 0]

Caso de teste: SLAPRP_Guo_small_O200_alpha0.2_v3.txt

Distancia Total: 2682.0
Quantidade de Pickers: 14
