Rota do Picker 1: [0, 1, 21, 3, 6, 33, 4, 24, 44, 7, 16, 28, 41, 85, 45, 83, 22, 46, 73, 9, 15, 65, 25, 63, 43, 53, 8, 5, 23, 14, 0]
Rota do Picker 2: [0, 3, 22, 16, 9, 93, 23, 41, 15, 5, 45, 34, 21, 24, 25, 35, 33, 61, 12, 43, 4, 73, 1, 63, 83, 54, 42, 62, 53, 0]
Rota do Picker 3: [0, 3, 23, 43, 63, 46, 62, 45, 26, 61, 7, 15, 83, 8, 53, 66, 22, 65, 84, 85, 25, 5, 9, 6, 47, 44, 24, 4, 41, 21, 1, 82, 0]
Rota do Picker 4: [0, 3, 14, 53, 15, 16, 6, 21, 41, 0]
Rota do Picker 5: [0, 1, 21, 6, 53, 35, 16, 5, 22, 3, 23, 73, 0]
Rota do Picker 6: [0, 65, 3, 47, 7, 61, 41, 1, 63, 6, 26, 44, 4, 85, 25, 53, 9, 86, 66, 21, 46, 23, 24, 28, 43, 8, 67, 45, 5, 0]
Rota do Picker 7: [0, 33, 65, 45, 22, 83, 85, 25, 61, 5, 93, 86, 26, 6, 24, 4, 21, 46, 63, 43, 23, 3, 41, 1, 8, 34, 0]
Rota do Picker 8: [0, 65, 45, 29, 41, 28, 4, 24, 8, 1, 47, 66, 21, 25, 26, 43, 5, 46, 61, 6, 7, 9, 22, 3, 63, 85, 0]
Rota do Picker 9: [0, 22, 8, 83, 86, 4, 1, 26, 6, 63, 43, 66, 46, 41, 61, 7, 67, 45, 5, 23, 3, 21, 24, 25, 27, 47, 16, 44, 73, 0]
Rota do Picker 10: [0, 16, 63, 85, 54, 62, 42, 81, 61, 41, 33, 66, 46, 45, 15, 22, 6, 53, 25, 21, 93, 5, 3, 1, 23, 43, 83, 82, 0]
Rota do Picker 11: [0, 21, 63, 83, 61, 25, 33, 15, 7, 5, 23, 3, 1, 45, 54, 22, 9, 8, 34, 53, 4, 41, 24, 81, 44, 47, 67, 46, 6, 43, 13, 66, 62, 0]
Rota do Picker 12: [0, 44, 24, 4, 53, 9, 16, 6, 43, 23, 41, 1, 5, 73, 21, 47, 61, 25, 71, 91, 14, 8, 54, 15, 22, 83, 63, 3, 35, 0]

Caso de teste: SLAPRP_Guo_small_O200_alpha0.4_v8.txt

Distancia Total: 2386.0
Quantidade de Pickers: 12
