Rota do Picker 1: [0, 45, 65, 26, 46, 8, 28, 30, 50, 9, 18, 20, 40, 60, 47, 27, 68, 7, 1, 51, 97, 0]
Rota do Picker 2: [0, 2, 26, 46, 9, 30, 50, 28, 45, 8, 10, 18, 76, 96, 11, 3, 7, 27, 36, 74, 94, 40, 20, 51, 1, 0]
Rota do Picker 3: [0, 21, 41, 3, 46, 9, 29, 10, 45, 65, 87, 7, 36, 37, 96, 76, 11, 26, 8, 28, 47, 27, 22, 0]
Rota do Picker 4: [0, 3, 26, 46, 8, 27, 87, 30, 45, 21, 41, 7, 18, 31, 11, 36, 76, 68, 28, 9, 29, 20, 40, 60, 1, 0]
Rota do Picker 5: [0, 1, 26, 46, 8, 68, 27, 13, 36, 18, 39, 19, 75, 51, 11, 31, 7, 89, 9, 50, 30, 10, 45, 40, 60, 20, 41, 21, 74, 94, 98, 95, 2, 0]
Rota do Picker 6: [0, 21, 26, 7, 27, 46, 18, 20, 60, 22, 45, 9, 28, 8, 50, 10, 3, 2, 11, 31, 0]
Rota do Picker 7: [0, 3, 50, 10, 46, 26, 21, 1, 12, 32, 8, 9, 30, 68, 28, 47, 65, 51, 31, 2, 7, 27, 87, 45, 18, 39, 40, 20, 76, 36, 52, 0]
Rota do Picker 8: [0, 1, 8, 28, 68, 50, 18, 31, 51, 75, 95, 36, 9, 7, 21, 41, 65, 45, 89, 30, 10, 87, 27, 46, 26, 3, 0]
Rota do Picker 9: [0, 51, 52, 1, 46, 10, 89, 22, 40, 2, 87, 27, 64, 3, 7, 50, 30, 68, 21, 41, 8, 28, 9, 45, 18, 60, 20, 0]
Rota do Picker 10: [0, 8, 28, 68, 87, 65, 45, 27, 10, 30, 50, 9, 29, 40, 84, 64, 21, 41, 1, 26, 46, 7, 31, 51, 76, 96, 18, 19, 77, 52, 0]
Rota do Picker 11: [0, 41, 10, 47, 9, 68, 8, 64, 76, 97, 11, 13, 59, 18, 20, 45, 46, 26, 27, 7, 2, 0]
Rota do Picker 12: [0, 96, 76, 22, 45, 50, 30, 10, 87, 27, 9, 8, 46, 26, 7, 31, 18, 37, 52, 0]
Rota do Picker 13: [0, 51, 20, 18, 98, 22, 1, 26, 46, 9, 28, 68, 45, 8, 30, 10, 29, 21, 97, 37, 19, 39, 60, 13, 0]

Caso de teste: SLAPRP_Guo_small_O200_alpha0.2_v3.txt

Distancia Total: 2100.0
Quantidade de Pickers: 13
