Rota do Picker 1: [0, 1, 21, 41, 61, 5, 27, 7, 25, 65, 45, 43, 23, 6, 26, 44, 64, 46, 63, 83, 81, 0]
Rota do Picker 2: [0, 1, 21, 26, 8, 24, 74, 56, 7, 6, 65, 5, 43, 23, 81, 61, 41, 0]
Rota do Picker 3: [0, 21, 23, 7, 62, 42, 82, 83, 43, 45, 25, 5, 63, 64, 61, 41, 1, 0]
Rota do Picker 4: [0, 1, 41, 61, 81, 6, 25, 5, 44, 4, 62, 82, 12, 35, 18, 46, 27, 26, 63, 23, 21, 0]
Rota do Picker 5: [0, 21, 61, 82, 8, 25, 63, 83, 5, 6, 7, 74, 73, 33, 56, 64, 23, 41, 1, 62, 43, 0]
Rota do Picker 6: [0, 41, 44, 46, 5, 61, 81, 21, 1, 0]

Caso de teste: SLAPRP_Guo_small_O100_alpha0.3_v1.txt

Distancia Total: 566.0
Quantidade de Pickers: 6
