Rota do Picker 1: [0, 61, 22, 32, 15, 75, 94, 40, 93, 1, 12, 17, 77, 21, 41, 20, 37, 13, 36, 53, 14, 81, 19, 72, 0]
Rota do Picker 2: [0, 32, 93, 12, 42, 22, 1, 0]
Rota do Picker 3: [0, 21, 94, 77, 17, 32, 12, 22, 1, 40, 75, 14, 62, 42, 91, 72, 81, 15, 36, 93, 37, 41, 61, 13, 0]
Rota do Picker 4: [0, 15, 75, 5, 10, 94, 20, 17, 19, 40, 14, 62, 42, 41, 1, 32, 61, 21, 22, 12, 93, 4, 24, 45, 0]
Rota do Picker 5: [0, 22, 12, 32, 17, 19, 94, 10, 1, 93, 75, 21, 91, 24, 14, 3, 61, 2, 42, 77, 81, 36, 72, 0]
Rota do Picker 6: [0, 12, 32, 93, 20, 24, 21, 22, 17, 40, 61, 77, 72, 15, 36, 19, 94, 13, 41, 34, 75, 37, 1, 52, 0]
Rota do Picker 7: [0, 21, 26, 46, 27, 5, 24, 61, 30, 2, 8, 43, 36, 10, 45, 22, 1, 0]
Rota do Picker 8: [0, 83, 43, 24, 5, 62, 2, 23, 61, 46, 41, 10, 14, 27, 42, 1, 91, 26, 21, 12, 8, 45, 4, 22, 36, 0]
Rota do Picker 9: [0, 42, 21, 1, 41, 22, 62, 32, 93, 75, 61, 12, 19, 36, 45, 26, 0]
Rota do Picker 10: [0, 45, 5, 1, 8, 22, 21, 26, 27, 30, 62, 41, 43, 4, 2, 24, 10, 12, 61, 46, 0]
Rota do Picker 11: [0, 21, 61, 22, 32, 93, 14, 8, 83, 1, 26, 10, 81, 36, 20, 41, 62, 46, 13, 19, 43, 5, 2, 15, 91, 12, 23, 3, 0]
Rota do Picker 12: [0, 1, 8, 14, 20, 10, 43, 41, 81, 30, 27, 21, 2, 12, 19, 24, 3, 61, 22, 5, 45, 26, 34, 36, 83, 0]

Caso de teste: SLAPRP_Guo_small_O200_alpha0.3_v3.txt

Distancia Total: 2100.0
Quantidade de Pickers: 12
