SKUs: 40
Pedidos: 203

Primeiro pedido:
Order(1, [3, 15])

Ultimo pedido:
Order(203, [1, 2, 3, 4, 5, 7, 8])

Location(1, 1, -1, 20)
Location(2, 1, -2, 20)
Location(3, 1, -3, 20)
Location(4, 1, -4, 20)
Location(5, 1, -5, 20)
Location(6, 1, -6, 20)
Location(7, 1, -7, 20)
Location(8, 1, -8, 20)
Location(9, 1, -9, 20)
Location(10, 1, -10, 40)
Location(11, 1, 1, 20)
Location(12, 1, 2, 20)
Location(13, 1, 3, 20)
Location(14, 1, 4, 20)
Location(15, 1, 5, 20)
Location(16, 1, 6, 20)
Location(17, 1, 7, 20)
Location(18, 1, 8, 20)
Location(19, 1, 9, 20)
Location(20, 1, 10, 40)
Location(21, 2, -1, 20)
Location(22, 2, -2, 20)
Location(23, 2, -3, 20)
Location(24, 2, -4, 20)
Location(25, 2, -5, 20)
Location(26, 2, -6, 20)
Location(27, 2, -7, 20)
Location(28, 2, -8, 20)
Location(29, 2, -9, 20)
Location(30, 2, -10, 40)
Location(31, 2, 1, 20)
Location(32, 2, 2, 20)
Location(33, 2, 3, 20)
Location(34, 2, 4, 20)
Location(35, 2, 5, 20)
Location(36, 2, 6, 20)
Location(37, 2, 7, 20)
Location(38, 2, 8, 20)
Location(39, 2, 9, 20)
Location(40, 2, 10, 40)
Location(41, 3, -1, 20)
Location(42, 3, -2, 20)
Location(43, 3, -3, 20)
Location(44, 3, -4, 20)
Location(45, 3, -5, 20)
Location(46, 3, -6, 20)
Location(47, 3, -7, 20)
Location(48, 3, -8, 20)
Location(49, 3, -9, 20)
Location(50, 3, -10, 40)
Location(51, 3, 1, 20)
Location(52, 3, 2, 20)
Location(53, 3, 3, 20)
Location(54, 3, 4, 20)
Location(55, 3, 5, 20)
Location(56, 3, 6, 20)
Location(57, 3, 7, 20)
Location(58, 3, 8, 20)
Location(59, 3, 9, 20)
Location(60, 3, 10, 40)
Location(61, 4, -1, 20)
Location(62, 4, -2, 20)
Location(63, 4, -3, 20)
Location(64, 4, -4, 20)
Location(65, 4, -5, 20)
Location(66, 4, -6, 20)
Location(67, 4, -7, 20)
Location(68, 4, -8, 20)
Location(69, 4, -9, 20)
Location(70, 4, -10, 40)
Location(71, 4, 1, 20)
Location(72, 4, 2, 20)
Location(73, 4, 3, 20)
Location(74, 4, 4, 20)
Location(75, 4, 5, 20)
Location(76, 4, 6, 20)
Location(77, 4, 7, 20)
Location(78, 4, 8, 20)
Location(79, 4, 9, 20)
Location(80, 4, 10, 40)
Location(81, 5, -1, 20)
Location(82, 5, -2, 20)
Location(83, 5, -3, 20)
Location(84, 5, -4, 20)
Location(85, 5, -5, 20)
Location(86, 5, -6, 20)
Location(87, 5, -7, 20)
Location(88, 5, -8, 20)
Location(89, 5, -9, 20)
Location(90, 5, -10, 40)
Location(91, 5, 1, 20)
Location(92, 5, 2, 20)
Location(93, 5, 3, 20)
Location(94, 5, 4, 20)
Location(95, 5, 5, 20)
Location(96, 5, 6, 20)
Location(97, 5, 7, 20)
Location(98, 5, 8, 20)
Location(99, 5, 9, 20)
Location(100, 5, 10, 40)

Frequencias: [106, 106, 94, 89, 87, 92, 90, 93, 10, 8, 9, 7, 10, 13, 15, 12, 11, 10, 9, 12, 12, 8, 10, 16, 9, 14, 6, 12, 12, 9, 6, 9, 14, 16, 9, 13, 16, 17, 0, 0]

Matriz de coocorrencia: 
40×40 Matrix{Int64}:
  0  52  55  57  51  57  56  53  8  6  4  3  7  6  4  9  5  6  3  7  4  2  4  4  5  6  4  7  6  5  2  4  6   8  1  4   8  11  0  0
 52   0  58  49  52  53  46  53  5  4  5  5  8  8  4  2  4  5  2  6  8  4  4  5  5  4  1  9  4  4  3  5  5   5  5  6   9  10  0  0
 55  58   0  43  45  52  49  54  1  4  4  3  4  5  7  4  6  2  4  4  6  1  4  6  3  3  2  3  5  4  2  2  7   6  4  4   7   6  0  0
 57  49  43   0  40  44  48  42  5  3  4  2  6  8  5  3  5  7  3  5  4  2  5  8  5  6  3  7  5  4  2  5  9   6  3  1  10   7  0  0
 51  52  45  40   0  44  45  47  5  2  5  2  3  3  7  3  6  7  4  8  7  1  3  8  2  8  2  6  3  4  0  5  6   6  5  3   4  11  0  0
 57  53  52  44  44   0  45  47  5  5  7  4  5  5  5  4  3  2  6  7  6  4  4  5  1  5  3  6  7  4  2  3  6   8  3  3   9  10  0  0
 56  46  49  48  45  45   0  46  2  5  4  1  3  4  8  4  6  5  5  6  4  3  7  6  2  7  3  6  4  5  0  4  5   4  8  5   7   9  0  0
 53  53  54  42  47  47  46   0  7  3  6  5  5  5  7  3  3  3  3  4  7  4  2  6  3  9  2  5  3  5  4  2  7  11  2  6   6   9  0  0
  8   5   1   5   5   5   2   7  0  0  1  1  2  0  1  1  1  0  0  2  0  0  0  2  0  0  1  1  1  0  0  0  1   1  0  0   1   2  0  0
  6   4   4   3   2   5   5   3  0  0  0  1  0  1  0  0  2  0  0  1  0  0  0  0  1  0  1  0  2  0  0  1  1   0  1  1   1   1  0  0
  4   5   4   4   5   7   4   6  1  0  0  0  0  2  1  1  0  0  1  0  0  1  2  1  0  3  1  1  0  0  0  0  1   0  1  0   0   2  0  0
  3   5   3   2   2   4   1   5  1  1  0  0  0  0  0  0  0  0  0  0  0  1  0  0  0  1  0  1  2  0  1  0  0   1  0  0   0   0  0  0
  7   8   4   6   3   5   3   5  2  0  0  0  0  0  0  1  0  1  0  0  1  0  1  1  0  0  0  2  1  0  0  1  0   1  0  0   2   1  0  0
  6   8   5   8   3   5   4   5  0  1  2  0  0  0  0  2  0  0  0  1  2  1  0  2  3  1  1  0  1  0  0  1  2   0  1  1   2   1  0  0
  4   4   7   5   7   5   8   7  1  0  1  0  0  0  0  1  2  1  1  1  0  2  1  1  1  1  1  1  0  1  0  1  0   0  1  1   0   1  0  0
  9   2   4   3   3   4   4   3  1  0  1  0  1  2  1  0  1  0  0  0  0  2  1  1  1  1  1  0  3  0  1  0  0   0  0  1   1   1  0  0
  5   4   6   5   6   3   6   3  1  2  0  0  0  0  2  1  0  0  0  1  0  0  0  1  2  0  0  1  3  0  1  1  1   0  1  0   0   3  0  0
  6   5   2   7   7   2   5   3  0  0  0  0  1  0  1  0  0  0  0  0  1  0  3  1  1  1  1  0  0  0  0  0  1   0  1  1   2   1  0  0
  3   2   4   3   4   6   5   3  0  0  1  0  0  0  1  0  0  0  0  1  1  0  2  1  0  0  0  0  1  0  1  1  0   1  0  1   2   1  0  0
  7   6   4   5   8   7   6   4  2  1  0  0  0  1  1  0  1  0  1  0  1  0  0  2  1  1  0  1  0  1  0  2  0   1  0  2   0   3  0  0
  4   8   6   4   7   6   4   7  0  0  0  0  1  2  0  0  0  1  1  1  0  0  0  2  0  1  0  0  2  0  0  0  0   2  0  1   2   1  0  0
  2   4   1   2   1   4   3   4  0  0  1  1  0  1  2  2  0  0  0  0  0  0  0  0  0  0  0  0  0  0  0  0  0   1  0  0   0   0  0  0
  4   4   4   5   3   4   7   2  0  0  2  0  1  0  1  1  0  3  2  0  0  0  0  1  0  0  0  0  1  1  0  0  1   1  1  0   1   0  0  0
  4   5   6   8   8   5   6   6  2  0  1  0  1  2  1  1  1  1  1  2  2  0  1  0  0  1  0  2  1  1  1  1  1   1  0  0   2   0  0  0
  5   5   3   5   2   1   2   3  0  1  0  0  0  3  1  1  2  1  0  1  0  0  0  0  0  0  1  0  1  0  0  1  1   1  1  1   1   0  0  0
  6   4   3   6   8   5   7   9  0  0  3  1  0  1  1  1  0  1  0  1  1  0  0  1  0  0  1  1  0  0  1  2  1   2  2  1   1   0  0  0
  4   1   2   3   2   3   3   2  1  1  1  0  0  1  1  1  0  1  0  0  0  0  0  0  1  1  0  0  0  0  0  0  1   1  0  0   0   2  0  0
  7   9   3   7   6   6   6   5  1  0  1  1  2  0  1  0  1  0  0  1  0  0  0  2  0  1  0  0  0  2  1  0  0   0  0  0   0   3  0  0
  6   4   5   5   3   7   4   3  1  2  0  2  1  1  0  3  3  0  1  0  2  0  1  1  1  0  0  0  0  0  0  0  2   0  0  0   2   1  0  0
  5   4   4   4   4   4   5   5  0  0  0  0  0  0  1  0  0  0  0  1  0  0  1  1  0  0  0  2  0  0  0  0  1   1  0  1   0   1  0  0
  2   3   2   2   0   2   0   4  0  0  0  1  0  0  0  1  1  0  1  0  0  0  0  1  0  1  0  1  0  0  0  0  2   1  0  2   0   1  0  0
  4   5   2   5   5   3   4   2  0  1  0  0  1  1  1  0  1  0  1  2  0  0  0  1  1  2  0  0  0  0  0  0  0   1  2  0   1   0  0  0
  6   5   7   9   6   6   5   7  1  1  1  0  0  2  0  0  1  1  0  0  0  0  1  1  1  1  1  0  2  1  2  0  0   1  0  0   1   1  0  0
  8   5   6   6   6   8   4  11  1  0  0  1  1  0  0  0  0  0  1  1  2  1  1  1  1  2  1  0  0  1  1  1  1   0  0  0   0   0  0  0
  1   5   4   3   5   3   8   2  0  1  1  0  0  1  1  0  1  1  0  0  0  0  1  0  1  2  0  0  0  0  0  2  0   0  0  0   2   0  0  0
  4   6   4   1   3   3   5   6  0  1  0  0  0  1  1  1  0  1  1  2  1  0  0  0  1  1  0  0  0  1  2  0  0   0  0  0   0   1  0  0
  8   9   7  10   4   9   7   6  1  1  0  0  2  2  0  1  0  2  2  0  2  0  1  2  1  1  0  0  2  0  0  1  1   0  2  0   0   1  0  0
 11  10   6   7  11  10   9   9  2  1  2  0  1  1  1  1  3  1  1  3  1  0  0  0  0  0  2  3  1  1  1  0  1   0  0  1   1   0  0  0
  0   0   0   0   0   0   0   0  0  0  0  0  0  0  0  0  0  0  0  0  0  0  0  0  0  0  0  0  0  0  0  0  0   0  0  0   0   0  0  0
  0   0   0   0   0   0   0   0  0  0  0  0  0  0  0  0  0  0  0  0  0  0  0  0  0  0  0  0  0  0  0  0  0   0  0  0   0   0  0  0
SKU(106, 212.0, 0.07)
SKU(106, 191.0, 0.08)
SKU(94, 134.0, 0.21)
SKU(89, 151.0, 0.1)
SKU(87, 141.0, 0.13)
SKU(92, 170.0, 0.08)
SKU(90, 184.0, 0.07)
SKU(93, 159.0, 0.11)
SKU(10, 41.0, 0.09)
SKU(8, 19.0, 0.21)
SKU(9, 31.0, 0.11)
SKU(7, 37.0, 0.12)
SKU(10, 29.0, 0.19)
SKU(13, 69.0, 0.07)
SKU(15, 83.0, 0.05)
SKU(12, 48.0, 0.09)
SKU(11, 54.0, 0.08)
SKU(10, 28.0, 0.12)
SKU(9, 22.0, 0.26)
SKU(12, 28.0, 0.17)
SKU(12, 60.0, 0.07)
SKU(8, 30.0, 0.16)
SKU(10, 37.0, 0.1)
SKU(16, 92.0, 0.05)
SKU(9, 41.0, 0.11)
SKU(14, 52.0, 0.09)
SKU(6, 23.0, 0.13)
SKU(12, 34.0, 0.16)
SKU(12, 71.0, 0.06)
SKU(9, 72.0, 0.04)
SKU(6, 20.0, 0.15)
SKU(9, 54.0, 0.06)
SKU(14, 67.0, 0.07)
SKU(16, 88.0, 0.05)
SKU(9, 33.0, 0.12)
SKU(13, 30.0, 0.16)
SKU(16, 94.0, 0.04)
SKU(17, 36.0, 0.14)
SKU(0, 10.0, 0.08)
SKU(0, 9.0, 0.12)

Posicao 1 (Corredor 1, Prateleira -1)
   SKU 1 -> 212
   SKU 2 -> 64

Posicao 2 (Corredor 1, Prateleira -2)
   SKU 8 -> 159
   SKU 24 -> 1
   SKU 37 -> 61

Posicao 3 (Corredor 1, Prateleira -3)
   SKU 21 -> 60
   SKU 25 -> 41
   SKU 33 -> 67

Posicao 4 (Corredor 1, Prateleira -4)
   SKU 19 -> 22

Posicao 10 (Corredor 1, Prateleira -10)
   SKU 3 -> 134

Posicao 11 (Corredor 1, Prateleira 1)
   SKU 2 -> 127
   SKU 7 -> 140

Posicao 12 (Corredor 1, Prateleira 2)
   SKU 5 -> 141
   SKU 7 -> 5
   SKU 37 -> 33

Posicao 13 (Corredor 1, Prateleira 3)
   SKU 16 -> 48
   SKU 24 -> 91
   SKU 29 -> 71

Posicao 21 (Corredor 2, Prateleira -1)
   SKU 4 -> 151
   SKU 15 -> 83
   SKU 34 -> 15

Posicao 22 (Corredor 2, Prateleira -2)
   SKU 17 -> 54
   SKU 30 -> 72
   SKU 36 -> 30

Posicao 23 (Corredor 2, Prateleira -3)
   SKU 12 -> 37

Posicao 31 (Corredor 2, Prateleira 1)
   SKU 6 -> 170
   SKU 7 -> 39
   SKU 34 -> 73

Posicao 32 (Corredor 2, Prateleira 2)
   SKU 23 -> 37
   SKU 28 -> 34
   SKU 32 -> 54

Posicao 33 (Corredor 2, Prateleira 3)
   SKU 13 -> 29

Posicao 41 (Corredor 3, Prateleira -1)
   SKU 14 -> 69
   SKU 26 -> 52
   SKU 38 -> 36

Posicao 51 (Corredor 3, Prateleira 1)
   SKU 9 -> 41
   SKU 20 -> 28
   SKU 35 -> 33

Posicao 52 (Corredor 3, Prateleira 2)
   SKU 10 -> 19
   SKU 11 -> 31
   SKU 22 -> 30

Posicao 61 (Corredor 4, Prateleira -1)
   SKU 27 -> 23

Posicao 71 (Corredor 4, Prateleira 1)
   SKU 18 -> 28
   SKU 31 -> 20

Posicao 100 (Corredor 5, Prateleira 10)
   SKU 39 -> 10
   SKU 40 -> 9

