Rota do Picker 1: [0, 41, 23, 24, 13, 35, 0]
Rota do Picker 2: [0, 93, 13, 22, 15, 43, 36, 34, 1, 18, 32, 62, 53, 41, 10, 77, 17, 14, 21, 8, 67, 19, 20, 0]
Rota do Picker 3: [0, 21, 22, 26, 27, 37, 41, 43, 30, 67, 13, 4, 23, 46, 24, 3, 8, 62, 61, 17, 0]
Rota do Picker 4: [0, 41, 76, 9, 46, 84, 24, 67, 30, 8, 23, 3, 27, 22, 10, 47, 26, 62, 21, 4, 1, 0]
Rota do Picker 5: [0, 20, 17, 27, 26, 62, 22, 21, 46, 3, 23, 0]
Rota do Picker 6: [0, 21, 41, 61, 22, 53, 1, 26, 46, 76, 20, 8, 14, 23, 27, 37, 67, 47, 17, 10, 55, 15, 84, 5, 3, 62, 0]
Rota do Picker 7: [0, 21, 41, 8, 27, 24, 1, 3, 23, 61, 62, 30, 26, 22, 46, 17, 10, 4, 43, 0]
Rota do Picker 8: [0, 21, 22, 62, 24, 84, 26, 20, 47, 36, 8, 30, 14, 81, 1, 43, 15, 10, 46, 37, 41, 27, 17, 0]

Caso de teste: SLAPRP_Guo_small_O100_alpha0.3_v5.txt

Distancia Total: 1328.0
Quantidade de Pickers: 8
