Rota do Picker 1: [0, 21, 41, 43, 26, 27, 64, 4, 24, 44, 65, 45, 23, 81, 61, 1, 0]
Rota do Picker 2: [0, 21, 24, 64, 43, 82, 44, 81, 61, 1, 27, 6, 26, 65, 4, 8, 7, 23, 41, 0]
Rota do Picker 3: [0, 62, 46, 45, 63, 43, 23, 41, 21, 81, 61, 1, 25, 64, 24, 4, 44, 26, 7, 75, 0]
Rota do Picker 4: [0, 1, 21, 41, 61, 43, 23, 24, 27, 7, 6, 8, 44, 64, 45, 25, 62, 42, 0]
Rota do Picker 5: [0, 1, 21, 41, 61, 43, 7, 8, 26, 45, 25, 46, 6, 23, 83, 24, 82, 0]
Rota do Picker 6: [0, 1, 8, 44, 43, 63, 83, 23, 25, 65, 45, 26, 24, 4, 61, 41, 21, 0]
Rota do Picker 7: [0, 1, 41, 61, 81, 21, 64, 44, 6, 46, 27, 83, 63, 43, 23, 24, 4, 26, 7, 25, 0]
Rota do Picker 8: [0, 1, 21, 41, 61, 81, 43, 23, 5, 45, 4, 24, 65, 6, 44, 82, 0]
Rota do Picker 9: [0, 21, 41, 61, 1, 23, 43, 83, 46, 8, 7, 27, 6, 44, 64, 24, 4, 0]
Rota do Picker 10: [0, 75, 93, 17, 31, 23, 63, 83, 43, 3, 4, 6, 26, 8, 24, 64, 81, 61, 41, 21, 1, 65, 7, 0]
Rota do Picker 11: [0, 1, 21, 41, 81, 25, 27, 7, 4, 24, 46, 26, 6, 82, 23, 43, 61, 0]
Rota do Picker 12: [0, 1, 81, 61, 41, 21, 0]

Caso de teste: SLAPRP_Guo_small_O200_alpha0.2_v6.txt

Distancia Total: 892.0
Quantidade de Pickers: 12
