Rota do Picker 1: [0, 12, 21, 26, 17, 1, 74, 61, 5, 36, 63, 34, 71, 91, 54, 92, 35, 15, 42, 22, 14, 93, 3, 33, 16, 56, 52, 53, 13, 32, 41, 72, 0]
Rota do Picker 2: [0, 17, 21, 35, 15, 43, 3, 1, 41, 23, 14, 61, 91, 71, 55, 24, 4, 5, 54, 56, 0]
Rota do Picker 3: [0, 6, 4, 65, 63, 23, 41, 61, 81, 8, 43, 44, 14, 24, 45, 5, 3, 21, 1, 42, 0]
Rota do Picker 4: [0, 44, 25, 5, 43, 6, 17, 92, 7, 16, 1, 61, 94, 3, 23, 54, 36, 14, 64, 34, 63, 13, 33, 55, 15, 71, 24, 4, 41, 21, 74, 0]
Rota do Picker 5: [0, 4, 44, 23, 43, 64, 45, 5, 41, 8, 42, 62, 46, 6, 65, 25, 26, 83, 63, 15, 24, 27, 7, 3, 21, 1, 0]
Rota do Picker 6: [0, 1, 21, 41, 4, 24, 16, 44, 45, 26, 84, 3, 74, 8, 5, 94, 36, 65, 83, 43, 23, 61, 81, 63, 42, 14, 32, 13, 53, 0]

Caso de teste: SLAPRP_Guo_small_O100_alpha0.3_v1.txt

Distancia Total: 1144.0
Quantidade de Pickers: 6
