Rota do Picker 1: [0, 83, 0]
Rota do Picker 2: [0, 64, 9, 69, 7, 8, 49, 79, 20, 18, 36, 13, 96, 47, 45, 93, 51, 17, 19, 77, 57, 21, 94, 59, 55, 11, 0]
Rota do Picker 3: [0, 83, 75, 18, 9, 49, 50, 30, 69, 27, 87, 22, 57, 36, 96, 17, 77, 37, 84, 7, 47, 66, 45, 8, 10, 64, 31, 11, 94, 55, 32, 12, 1, 0]
Rota do Picker 4: [0, 12, 13, 18, 37, 77, 59, 11, 51, 55, 75, 30, 64, 84, 27, 19, 78, 57, 93, 40, 47, 7, 9, 10, 60, 79, 1, 0]
Rota do Picker 5: [0, 9, 64, 84, 66, 49, 83, 20, 60, 37, 10, 21, 1, 69, 30, 46, 8, 50, 87, 27, 7, 11, 0]
Rota do Picker 6: [0, 11, 55, 75, 18, 59, 94, 64, 45, 51, 31, 77, 57, 37, 12, 7, 47, 9, 10, 50, 30, 79, 60, 96, 93, 0]
Rota do Picker 7: [0, 11, 20, 36, 0]

Caso de teste: SLAPRP_Guo_small_O100_alpha0.4_v9.txt

Distancia Total: 1120.0
Quantidade de Pickers: 7
