SKUs: 40
Pedidos: 201

Primeiro pedido:
Order(1, [1, 5, 6, 13, 16, 33, 38])

Ultimo pedido:
Order(201, [1, 2, 3, 4, 6, 7, 8, 18])

Location(1, 1, -1, 20)
Location(2, 1, -2, 20)
Location(3, 1, -3, 20)
Location(4, 1, -4, 20)
Location(5, 1, -5, 20)
Location(6, 1, -6, 20)
Location(7, 1, -7, 20)
Location(8, 1, -8, 20)
Location(9, 1, -9, 20)
Location(10, 1, -10, 40)
Location(11, 1, 1, 20)
Location(12, 1, 2, 20)
Location(13, 1, 3, 20)
Location(14, 1, 4, 20)
Location(15, 1, 5, 20)
Location(16, 1, 6, 20)
Location(17, 1, 7, 20)
Location(18, 1, 8, 20)
Location(19, 1, 9, 20)
Location(20, 1, 10, 40)
Location(21, 2, -1, 20)
Location(22, 2, -2, 20)
Location(23, 2, -3, 20)
Location(24, 2, -4, 20)
Location(25, 2, -5, 20)
Location(26, 2, -6, 20)
Location(27, 2, -7, 20)
Location(28, 2, -8, 20)
Location(29, 2, -9, 20)
Location(30, 2, -10, 40)
Location(31, 2, 1, 20)
Location(32, 2, 2, 20)
Location(33, 2, 3, 20)
Location(34, 2, 4, 20)
Location(35, 2, 5, 20)
Location(36, 2, 6, 20)
Location(37, 2, 7, 20)
Location(38, 2, 8, 20)
Location(39, 2, 9, 20)
Location(40, 2, 10, 40)
Location(41, 3, -1, 20)
Location(42, 3, -2, 20)
Location(43, 3, -3, 20)
Location(44, 3, -4, 20)
Location(45, 3, -5, 20)
Location(46, 3, -6, 20)
Location(47, 3, -7, 20)
Location(48, 3, -8, 20)
Location(49, 3, -9, 20)
Location(50, 3, -10, 40)
Location(51, 3, 1, 20)
Location(52, 3, 2, 20)
Location(53, 3, 3, 20)
Location(54, 3, 4, 20)
Location(55, 3, 5, 20)
Location(56, 3, 6, 20)
Location(57, 3, 7, 20)
Location(58, 3, 8, 20)
Location(59, 3, 9, 20)
Location(60, 3, 10, 40)
Location(61, 4, -1, 20)
Location(62, 4, -2, 20)
Location(63, 4, -3, 20)
Location(64, 4, -4, 20)
Location(65, 4, -5, 20)
Location(66, 4, -6, 20)
Location(67, 4, -7, 20)
Location(68, 4, -8, 20)
Location(69, 4, -9, 20)
Location(70, 4, -10, 40)
Location(71, 4, 1, 20)
Location(72, 4, 2, 20)
Location(73, 4, 3, 20)
Location(74, 4, 4, 20)
Location(75, 4, 5, 20)
Location(76, 4, 6, 20)
Location(77, 4, 7, 20)
Location(78, 4, 8, 20)
Location(79, 4, 9, 20)
Location(80, 4, 10, 40)
Location(81, 5, -1, 20)
Location(82, 5, -2, 20)
Location(83, 5, -3, 20)
Location(84, 5, -4, 20)
Location(85, 5, -5, 20)
Location(86, 5, -6, 20)
Location(87, 5, -7, 20)
Location(88, 5, -8, 20)
Location(89, 5, -9, 20)
Location(90, 5, -10, 40)
Location(91, 5, 1, 20)
Location(92, 5, 2, 20)
Location(93, 5, 3, 20)
Location(94, 5, 4, 20)
Location(95, 5, 5, 20)
Location(96, 5, 6, 20)
Location(97, 5, 7, 20)
Location(98, 5, 8, 20)
Location(99, 5, 9, 20)
Location(100, 5, 10, 40)

Frequencias: [90, 116, 98, 94, 90, 81, 97, 72, 6, 5, 10, 11, 6, 7, 8, 6, 12, 6, 12, 11, 11, 7, 7, 10, 15, 7, 8, 14, 9, 7, 4, 10, 8, 6, 9, 5, 9, 15, 0, 0]

Matriz de coocorrencia: 
40×40 Matrix{Int64}:
  0  57  44  46  51  44  48  39  4  4  8  4  4  1  4  3  5  3  5   7  4  3  4  4   6  3  2  5  3  6  0  6  1  1  4  4  3  8  0  0
 57   0  55  63  50  55  57  43  3  3  6  6  4  3  6  2  5  5  8   5  5  6  2  6   6  5  4  6  7  6  4  6  5  3  6  4  6  5  0  0
 44  55   0  45  47  43  53  38  2  1  5  6  2  2  4  3  3  3  6   4  4  2  1  4   7  4  4  4  4  3  4  4  3  3  7  2  4  8  0  0
 46  63  45   0  43  42  50  38  1  3  4  2  2  3  4  1  6  3  8  10  8  5  4  5  11  5  6  5  1  2  2  5  4  2  4  1  6  6  0  0
 51  50  47  43   0  41  46  40  5  0  6  6  4  4  5  3  5  3  8   6  6  1  2  4  10  3  4  6  4  4  1  6  4  5  2  2  4  5  0  0
 44  55  43  42  41   0  43  30  3  2  5  4  3  2  3  2  4  2  6   6  4  2  3  3   3  1  2  4  6  6  1  8  3  3  4  3  5  5  0  0
 48  57  53  50  46  43   0  44  4  2  8  5  4  2  4  3  2  1  5   4  7  2  4  2  10  3  3  6  6  3  2  8  2  3  4  3  6  6  0  0
 39  43  38  38  40  30  44   0  4  2  4  3  1  2  4  1  5  3  6   3  4  2  4  2   7  2  5  5  3  2  3  7  5  3  6  1  3  4  0  0
  4   3   2   1   5   3   4   4  0  0  1  1  0  0  0  0  0  0  0   0  1  0  0  0   0  0  0  0  0  0  0  1  0  0  0  0  0  0  0  0
  4   3   1   3   0   2   2   2  0  0  0  0  1  0  0  0  0  0  0   1  0  0  0  1   0  0  0  0  0  1  0  0  0  0  0  0  0  0  0  0
  8   6   5   4   6   5   8   4  1  0  0  0  0  0  0  1  0  0  0   0  1  0  0  0   1  0  0  0  1  0  0  1  0  0  0  1  0  0  0  0
  4   6   6   2   6   4   5   3  1  0  0  0  0  1  1  1  1  0  0   0  1  0  1  0   1  0  1  2  0  0  0  0  1  0  0  0  0  0  0  0
  4   4   2   2   4   3   4   1  0  1  0  0  0  0  0  1  0  1  0   0  0  0  1  0   0  0  0  0  2  1  0  0  1  0  0  0  0  1  0  0
  1   3   2   3   4   2   2   2  0  0  0  1  0  0  0  1  1  0  1   0  1  1  0  1   0  0  1  2  0  1  0  0  0  1  0  0  0  1  0  0
  4   6   4   4   5   3   4   4  0  0  0  1  0  0  0  0  1  0  0   1  0  0  0  0   0  1  0  0  0  0  1  1  0  0  0  0  0  0  0  0
  3   2   3   1   3   2   3   1  0  0  1  1  1  1  0  0  0  0  2   0  1  0  0  1   0  0  0  1  0  0  1  0  1  1  0  1  0  1  0  0
  5   5   3   6   5   4   2   5  0  0  0  1  0  1  1  0  0  1  1   0  0  0  2  1   2  0  2  1  0  1  0  0  0  0  0  0  0  1  0  0
  3   5   3   3   3   2   1   3  0  0  0  0  1  0  0  0  1  0  1   0  0  0  0  1   1  1  0  0  1  0  0  0  1  1  0  0  0  0  0  0
  5   8   6   8   8   6   5   6  0  0  0  0  0  1  0  2  1  1  0   0  2  0  1  2   0  1  0  1  0  0  1  1  1  2  0  1  2  0  0  0
  7   5   4  10   6   6   4   3  0  1  0  0  0  0  1  0  0  0  0   0  1  0  1  0   0  0  1  0  1  0  0  0  0  0  0  0  1  0  0  0
  4   5   4   8   6   4   7   4  1  0  1  1  0  1  0  1  0  0  2   1  0  0  0  2   4  0  1  2  0  0  0  0  1  1  0  0  1  0  0  0
  3   6   2   5   1   2   2   2  0  0  0  0  0  1  0  0  0  0  0   0  0  0  0  0   1  1  0  1  0  0  0  0  0  0  0  0  2  2  0  0
  4   2   1   4   2   3   4   4  0  0  0  1  1  0  0  0  2  0  1   1  0  0  0  0   0  0  0  0  0  0  0  1  0  0  1  0  0  0  0  0
  4   6   4   5   4   3   2   2  0  1  0  0  0  1  0  1  1  1  2   0  2  0  0  0   1  1  0  1  0  1  0  0  0  1  1  0  0  0  0  0
  6   6   7  11  10   3  10   7  0  0  1  1  0  0  0  0  2  1  0   0  4  1  0  1   0  0  1  2  0  0  0  0  1  1  0  0  0  1  0  0
  3   5   4   5   3   1   3   2  0  0  0  0  0  0  1  0  0  1  1   0  0  1  0  1   0  0  0  0  0  0  0  0  0  0  0  0  2  0  0  0
  2   4   4   6   4   2   3   5  0  0  0  1  0  1  0  0  2  0  0   1  1  0  0  0   1  0  0  0  0  0  0  0  2  0  0  0  0  1  0  0
  5   6   4   5   6   4   6   5  0  0  0  2  0  2  0  1  1  0  1   0  2  1  0  1   2  0  0  0  0  0  0  0  1  1  0  0  0  0  0  0
  3   7   4   1   4   6   6   3  0  0  1  0  2  0  0  0  0  1  0   1  0  0  0  0   0  0  0  0  0  1  0  1  0  1  0  0  0  0  0  0
  6   6   3   2   4   6   3   2  0  1  0  0  1  1  0  0  1  0  0   0  0  0  0  1   0  0  0  0  1  0  0  0  0  1  0  0  0  0  0  0
  0   4   4   2   1   1   2   3  0  0  0  0  0  0  1  1  0  0  1   0  0  0  0  0   0  0  0  0  0  0  0  0  0  0  1  0  0  0  0  0
  6   6   4   5   6   8   8   7  1  0  1  0  0  0  1  0  0  0  1   0  0  0  1  0   0  0  0  0  1  0  0  0  0  2  0  0  0  1  0  0
  1   5   3   4   4   3   2   5  0  0  0  1  1  0  0  1  0  1  1   0  1  0  0  0   1  0  2  1  0  0  0  0  0  1  0  0  0  2  0  0
  1   3   3   2   5   3   3   3  0  0  0  0  0  1  0  1  0  1  2   0  1  0  0  1   1  0  0  1  1  1  0  2  1  0  0  0  0  0  0  0
  4   6   7   4   2   4   4   6  0  0  0  0  0  0  0  0  0  0  0   0  0  0  1  1   0  0  0  0  0  0  1  0  0  0  0  0  0  1  0  0
  4   4   2   1   2   3   3   1  0  0  1  0  0  0  0  1  0  0  1   0  0  0  0  0   0  0  0  0  0  0  0  0  0  0  0  0  0  0  0  0
  3   6   4   6   4   5   6   3  0  0  0  0  0  0  0  0  0  0  2   1  1  2  0  0   0  2  0  0  0  0  0  0  0  0  0  0  0  0  0  0
  8   5   8   6   5   5   6   4  0  0  0  0  1  1  0  1  1  0  0   0  0  2  0  0   1  0  1  0  0  0  0  1  2  0  1  0  0  0  0  0
  0   0   0   0   0   0   0   0  0  0  0  0  0  0  0  0  0  0  0   0  0  0  0  0   0  0  0  0  0  0  0  0  0  0  0  0  0  0  0  0
  0   0   0   0   0   0   0   0  0  0  0  0  0  0  0  0  0  0  0   0  0  0  0  0   0  0  0  0  0  0  0  0  0  0  0  0  0  0  0  0
SKU(90, 198.0, 0.07)
SKU(116, 225.0, 0.08)
SKU(98, 135.0, 0.21)
SKU(94, 171.0, 0.1)
SKU(90, 147.0, 0.13)
SKU(81, 168.0, 0.08)
SKU(97, 207.0, 0.07)
SKU(72, 133.0, 0.11)
SKU(6, 38.0, 0.09)
SKU(5, 21.0, 0.21)
SKU(10, 43.0, 0.11)
SKU(11, 50.0, 0.12)
SKU(6, 18.0, 0.19)
SKU(7, 45.0, 0.07)
SKU(8, 68.0, 0.05)
SKU(6, 38.0, 0.09)
SKU(12, 53.0, 0.08)
SKU(6, 27.0, 0.12)
SKU(12, 27.0, 0.26)
SKU(11, 32.0, 0.17)
SKU(11, 63.0, 0.07)
SKU(7, 26.0, 0.16)
SKU(7, 47.0, 0.1)
SKU(10, 69.0, 0.05)
SKU(15, 52.0, 0.11)
SKU(7, 39.0, 0.09)
SKU(8, 34.0, 0.13)
SKU(14, 42.0, 0.16)
SKU(9, 62.0, 0.06)
SKU(7, 65.0, 0.04)
SKU(4, 20.0, 0.15)
SKU(10, 66.0, 0.06)
SKU(8, 56.0, 0.07)
SKU(6, 58.0, 0.05)
SKU(9, 29.0, 0.12)
SKU(5, 20.0, 0.16)
SKU(9, 76.0, 0.04)
SKU(15, 38.0, 0.14)
SKU(0, 10.0, 0.08)
SKU(0, 9.0, 0.12)

extremidades das matrizes:
S_hat: (-0.2791670479107445, 0.7938519043779266)
S_hat * P: (-0.23777072628162796, 0.648550411293547)
W * S_hat: (-0.0752858200921843, 1.264303879699284)
W * S_hat * P: (-0.017133900727786918, 1.0339405636859316)
correlacao{S_hat, S_hat_hat} = 0.9577097595081935

Posicao 1 (Corredor 1, Prateleira -1)
   SKU 2 -> 222
   SKU 7 -> 32

Posicao 2 (Corredor 1, Prateleira -2)
   SKU 3 -> 17
   SKU 5 -> 37
   SKU 8 -> 105

Posicao 3 (Corredor 1, Prateleira -3)
   SKU 17 -> 53
   SKU 21 -> 63
   SKU 25 -> 52

Posicao 11 (Corredor 1, Prateleira 1)
   SKU 1 -> 107
   SKU 2 -> 3
   SKU 7 -> 175

Posicao 12 (Corredor 1, Prateleira 2)
   SKU 5 -> 110
   SKU 30 -> 65
   SKU 37 -> 76

Posicao 13 (Corredor 1, Prateleira 3)
   SKU 19 -> 27
   SKU 20 -> 32
   SKU 23 -> 47

Posicao 21 (Corredor 2, Prateleira -1)
   SKU 1 -> 91
   SKU 4 -> 5
   SKU 6 -> 164

Posicao 22 (Corredor 2, Prateleira -2)
   SKU 3 -> 65
   SKU 15 -> 68
   SKU 34 -> 58

Posicao 23 (Corredor 2, Prateleira -3)
   SKU 14 -> 45
   SKU 26 -> 39
   SKU 27 -> 34

Posicao 31 (Corredor 2, Prateleira 1)
   SKU 4 -> 166
   SKU 6 -> 4
   SKU 8 -> 28

Posicao 32 (Corredor 2, Prateleira 2)
   SKU 3 -> 53
   SKU 24 -> 69
   SKU 32 -> 66

Posicao 33 (Corredor 2, Prateleira 3)
   SKU 18 -> 27
   SKU 22 -> 26
   SKU 31 -> 20

Posicao 41 (Corredor 3, Prateleira -1)
   SKU 12 -> 50
   SKU 28 -> 42
   SKU 29 -> 62

Posicao 42 (Corredor 3, Prateleira -2)
   SKU 9 -> 38
   SKU 16 -> 38
   SKU 35 -> 29

Posicao 51 (Corredor 3, Prateleira 1)
   SKU 11 -> 43
   SKU 33 -> 56
   SKU 38 -> 38

Posicao 52 (Corredor 3, Prateleira 2)
   SKU 10 -> 21
   SKU 13 -> 18
   SKU 36 -> 20

Posicao 67 (Corredor 4, Prateleira -7)
   SKU 40 -> 9

Posicao 95 (Corredor 5, Prateleira 5)
   SKU 39 -> 10

