Rota do Picker 1: [0, 1, 44, 27, 8, 25, 43, 41, 7, 26, 6, 23, 61, 21, 5, 3, 65, 64, 22, 46, 45, 83, 0]
Rota do Picker 2: [0, 65, 64, 7, 63, 5, 25, 6, 27, 22, 83, 62, 3, 46, 82, 43, 23, 61, 41, 21, 1, 81, 0]
Rota do Picker 3: [0, 1, 21, 61, 23, 43, 5, 18, 24, 41, 25, 36, 7, 64, 44, 81, 82, 62, 63, 22, 42, 65, 3, 45, 0]
Rota do Picker 4: [0, 62, 42, 22, 63, 24, 5, 61, 41, 21, 1, 3, 23, 43, 44, 7, 27, 64, 83, 6, 81, 25, 82, 0]
Rota do Picker 5: [0, 82, 22, 23, 61, 1, 21, 81, 3, 65, 41, 43, 5, 64, 4, 62, 7, 45, 63, 0]
Rota do Picker 6: [0, 21, 61, 3, 23, 43, 83, 5, 44, 46, 22, 62, 6, 63, 64, 45, 82, 7, 25, 41, 81, 26, 27, 1, 24, 8, 0]
Rota do Picker 7: [0, 83, 27, 7, 5, 25, 22, 62, 44, 45, 23, 81, 46, 6, 63, 1, 64, 8, 43, 3, 61, 41, 21, 82, 0]
Rota do Picker 8: [0, 83, 22, 82, 26, 42, 7, 46, 43, 6, 63, 64, 44, 3, 81, 62, 25, 23, 21, 24, 5, 61, 41, 1, 75, 37, 45, 0]
Rota do Picker 9: [0, 24, 5, 41, 64, 43, 23, 61, 21, 1, 81, 62, 22, 44, 7, 3, 6, 63, 26, 45, 0]
Rota do Picker 10: [0, 18, 13, 22, 37, 1, 15, 12, 21, 31, 71, 72, 0]
Rota do Picker 11: [0, 1, 21, 41, 3, 23, 43, 5, 37, 36, 64, 61, 63, 22, 62, 25, 83, 42, 24, 26, 46, 81, 0]
Rota do Picker 12: [0, 6, 43, 21, 61, 26, 46, 63, 83, 45, 81, 44, 23, 22, 8, 64, 65, 62, 24, 7, 41, 5, 1, 3, 0]

Caso de teste: SLAPRP_Guo_small_O200_alpha0.4_v5.txt

Distancia Total: 1740.0
Quantidade de Pickers: 12
