Rota do Picker 1: [0, 1, 22, 42, 8, 28, 9, 30, 18, 76, 45, 10, 46, 26, 27, 3, 7, 87, 36, 37, 97, 93, 33, 23, 0]
Rota do Picker 2: [0, 83, 65, 87, 30, 8, 46, 45, 4, 3, 40, 20, 18, 9, 28, 10, 64, 7, 26, 27, 37, 94, 0]
Rota do Picker 3: [0, 26, 10, 83, 28, 8, 41, 21, 64, 65, 42, 22, 1, 3, 9, 30, 20, 77, 57, 17, 18, 55, 51, 11, 67, 87, 45, 27, 7, 40, 37, 36, 32, 13, 0]
Rota do Picker 4: [0, 26, 46, 64, 27, 67, 87, 76, 94, 40, 20, 18, 33, 23, 83, 2, 8, 28, 7, 9, 10, 42, 0]
Rota do Picker 5: [0, 20, 31, 45, 65, 47, 27, 7, 18, 94, 89, 30, 23, 83, 87, 67, 26, 46, 8, 9, 10, 22, 0]
Rota do Picker 6: [0, 1, 26, 23, 83, 8, 32, 12, 17, 20, 39, 59, 40, 37, 33, 52, 11, 57, 41, 22, 42, 36, 18, 77, 13, 55, 97, 94, 96, 76, 31, 0]
Rota do Picker 7: [0, 22, 7, 87, 76, 14, 27, 46, 42, 28, 8, 26, 0]

Caso de teste: SLAPRP_Guo_small_O100_alpha0.2_v10.txt

Distancia Total: 1218.0
Quantidade de Pickers: 7
