Rota do Picker 1: [0, 1, 0]
Rota do Picker 2: [0, 1, 21, 11, 31, 51, 12, 23, 4, 3, 41, 52, 32, 13, 33, 42, 22, 2, 0]
Rota do Picker 3: [0, 33, 32, 11, 2, 42, 22, 41, 21, 1, 12, 13, 31, 0]
Rota do Picker 4: [0, 21, 41, 1, 11, 12, 32, 52, 31, 51, 23, 2, 22, 42, 0]
Rota do Picker 5: [0, 11, 12, 3, 22, 4, 42, 2, 32, 33, 13, 51, 31, 21, 1, 0]
Rota do Picker 6: [0, 2, 3, 23, 42, 12, 13, 32, 51, 31, 11, 1, 21, 22, 0]
Rota do Picker 7: [0, 2, 22, 1, 21, 41, 11, 31, 51, 12, 32, 52, 33, 0]
Rota do Picker 8: [0, 12, 32, 13, 11, 31, 51, 4, 2, 22, 3, 41, 21, 1, 0]
Rota do Picker 9: [0, 1, 21, 41, 3, 22, 2, 11, 31, 12, 32, 13, 33, 0]
Rota do Picker 10: [0, 11, 31, 51, 32, 33, 1, 21, 41, 12, 52, 13, 4, 3, 22, 2, 0]
Rota do Picker 11: [0, 11, 51, 12, 32, 42, 22, 2, 3, 23, 31, 21, 1, 13, 33, 0]
Rota do Picker 12: [0, 1, 23, 2, 22, 21, 41, 11, 31, 51, 3, 52, 32, 33, 13, 12, 0]
Rota do Picker 13: [0, 2, 1, 21, 41, 12, 11, 0]

Caso de teste: SLAPRP_Guo_small_O200_alpha0.2_v4.txt

Distancia Total: 564.0
Quantidade de Pickers: 13
