Rota do Picker 1: [0, 3, 23, 25, 8, 13, 33, 1, 4, 24, 6, 15, 72, 64, 44, 21, 83, 61, 81, 84, 43, 63, 85, 36, 0]
Rota do Picker 2: [0, 61, 22, 44, 7, 8, 13, 16, 21, 4, 24, 6, 71, 91, 65, 81, 43, 63, 32, 46, 72, 23, 3, 1, 5, 27, 15, 35, 0]
Rota do Picker 3: [0, 1, 21, 12, 32, 51, 71, 13, 53, 72, 33, 66, 45, 73, 17, 22, 44, 34, 54, 74, 35, 52, 16, 91, 36, 55, 15, 43, 23, 61, 5, 25, 0]
Rota do Picker 4: [0, 7, 43, 26, 84, 24, 61, 45, 83, 22, 46, 65, 81, 27, 6, 64, 44, 4, 63, 47, 5, 23, 3, 21, 1, 73, 92, 0]
Rota do Picker 5: [0, 21, 61, 81, 13, 33, 6, 0]
Rota do Picker 6: [0, 21, 3, 4, 24, 17, 35, 0]
Rota do Picker 7: [0, 1, 21, 4, 6, 66, 34, 8, 43, 63, 23, 61, 5, 84, 83, 65, 81, 7, 25, 44, 24, 73, 26, 3, 0]
Rota do Picker 8: [0, 93, 61, 52, 72, 36, 74, 34, 54, 23, 17, 35, 91, 51, 55, 22, 53, 15, 32, 73, 13, 33, 16, 21, 1, 5, 0]
Rota do Picker 9: [0, 1, 3, 23, 44, 84, 13, 16, 73, 92, 6, 17, 53, 71, 24, 4, 22, 82, 74, 35, 7, 27, 54, 46, 63, 72, 91, 36, 5, 43, 61, 21, 0]
Rota do Picker 10: [0, 26, 7, 13, 1, 22, 24, 64, 21, 61, 4, 43, 63, 85, 46, 73, 23, 44, 72, 5, 66, 27, 6, 83, 2, 3, 84, 0]
Rota do Picker 11: [0, 54, 14, 24, 4, 72, 62, 42, 26, 35, 73, 33, 13, 32, 1, 21, 61, 34, 74, 91, 17, 83, 43, 52, 46, 0]
Rota do Picker 12: [0, 61, 23, 43, 55, 45, 5, 73, 63, 53, 33, 26, 74, 27, 15, 66, 36, 84, 44, 3, 65, 52, 72, 32, 6, 24, 4, 21, 1, 46, 13, 93, 0]
Rota do Picker 13: [0, 6, 26, 35, 45, 72, 83, 81, 5, 16, 22, 33, 8, 34, 63, 23, 13, 74, 54, 24, 43, 3, 61, 32, 52, 92, 73, 15, 44, 4, 21, 1, 0]
Rota do Picker 14: [0, 8, 63, 24, 4, 65, 84, 44, 6, 25, 43, 23, 21, 1, 5, 26, 46, 7, 47, 22, 64, 3, 83, 27, 66, 0]

Caso de teste: SLAPRP_Guo_small_O200_alpha0.3_v4.txt

Distancia Total: 2560.0
Quantidade de Pickers: 14
