Rota do Picker 1: [0, 44, 16, 52, 12, 63, 43, 3, 74, 54, 34, 24, 4, 41, 21, 1, 32, 0]
Rota do Picker 2: [0, 1, 21, 41, 32, 54, 74, 24, 36, 16, 34, 14, 42, 5, 15, 93, 73, 33, 13, 76, 25, 61, 12, 92, 57, 3, 43, 52, 19, 17, 18, 83, 35, 75, 94, 0]
Rota do Picker 3: [0, 43, 76, 57, 42, 95, 53, 23, 14, 61, 36, 52, 16, 31, 17, 44, 54, 34, 33, 13, 3, 41, 21, 37, 19, 32, 12, 1, 74, 5, 0]
Rota do Picker 4: [0, 22, 12, 32, 52, 18, 38, 34, 76, 43, 14, 16, 95, 17, 37, 41, 57, 96, 56, 19, 3, 74, 54, 20, 36, 55, 53, 75, 35, 15, 33, 13, 1, 0]
Rota do Picker 5: [0, 1, 4, 14, 34, 44, 12, 32, 5, 25, 3, 22, 43, 16, 63, 61, 21, 82, 0]
Rota do Picker 6: [0, 21, 3, 23, 63, 34, 38, 41, 16, 6, 81, 14, 61, 4, 17, 57, 12, 32, 43, 53, 25, 52, 73, 33, 13, 82, 42, 22, 1, 93, 24, 0]
Rota do Picker 7: [0, 37, 35, 1, 77, 17, 72, 52, 32, 12, 75, 19, 94, 96, 56, 54, 76, 36, 74, 16, 18, 34, 57, 61, 41, 21, 55, 15, 53, 33, 13, 14, 44, 0]
Rota do Picker 8: [0, 83, 56, 3, 52, 41, 21, 1, 24, 44, 5, 14, 34, 12, 43, 62, 17, 6, 4, 92, 81, 61, 71, 91, 42, 22, 25, 16, 32, 23, 0]
Rota do Picker 9: [0, 1, 12, 52, 73, 93, 34, 16, 5, 75, 4, 94, 74, 44, 54, 95, 23, 14, 76, 38, 17, 62, 22, 25, 57, 37, 36, 3, 71, 15, 35, 56, 53, 33, 13, 41, 21, 0]
Rota do Picker 10: [0, 17, 36, 16, 41, 21, 77, 57, 52, 32, 12, 1, 56, 13, 33, 53, 55, 76, 43, 92, 18, 15, 35, 34, 54, 74, 19, 0]
Rota do Picker 11: [0, 21, 3, 43, 32, 34, 38, 95, 92, 52, 12, 74, 14, 37, 1, 77, 17, 33, 13, 22, 76, 73, 53, 4, 35, 54, 94, 36, 41, 16, 18, 24, 5, 55, 0]
Rota do Picker 12: [0, 24, 96, 36, 41, 13, 33, 53, 73, 56, 18, 52, 74, 95, 32, 19, 92, 12, 35, 75, 5, 61, 81, 55, 17, 21, 57, 38, 6, 54, 34, 14, 1, 16, 0]
Rota do Picker 13: [0, 21, 41, 13, 33, 53, 73, 25, 52, 1, 54, 74, 56, 42, 22, 12, 32, 34, 16, 75, 5, 15, 44, 93, 95, 57, 19, 6, 3, 76, 82, 0]

Caso de teste: SLAPRP_Guo_small_O200_alpha0.2_v6.txt

Distancia Total: 2840.0
Quantidade de Pickers: 13
