Rota do Picker 1: [0, 2, 45, 30, 10, 7, 46, 26, 89, 69, 9, 8, 28, 49, 22, 83, 27, 47, 48, 36, 76, 11, 0]
Rota do Picker 2: [0, 2, 45, 50, 69, 89, 30, 76, 57, 37, 18, 40, 9, 28, 8, 46, 26, 47, 27, 7, 22, 11, 0]
Rota do Picker 3: [0, 21, 8, 10, 45, 26, 46, 47, 87, 9, 50, 48, 20, 40, 97, 96, 3, 22, 51, 11, 30, 27, 7, 28, 37, 36, 1, 0]
Rota do Picker 4: [0, 1, 74, 55, 3, 7, 45, 87, 27, 8, 46, 26, 65, 22, 2, 28, 30, 69, 49, 9, 40, 60, 13, 21, 36, 20, 39, 59, 98, 18, 37, 11, 0]
Rota do Picker 5: [0, 10, 9, 69, 2, 7, 26, 46, 49, 36, 40, 20, 18, 83, 45, 48, 28, 39, 77, 57, 32, 27, 30, 89, 8, 12, 1, 0]
Rota do Picker 6: [0, 45, 8, 10, 27, 46, 26, 7, 9, 69, 49, 50, 30, 12, 55, 75, 3, 47, 28, 2, 98, 18, 94, 74, 0]
Rota do Picker 7: [0, 1, 83, 45, 8, 28, 20, 96, 36, 37, 69, 49, 9, 67, 26, 46, 27, 47, 87, 2, 3, 11, 0]
Rota do Picker 8: [0, 2, 18, 60, 40, 20, 87, 47, 7, 26, 46, 27, 45, 3, 48, 89, 69, 9, 50, 30, 10, 8, 67, 1, 21, 0]
Rota do Picker 9: [0, 83, 3, 0]
Rota do Picker 10: [0, 55, 18, 60, 20, 13, 40, 2, 45, 46, 26, 8, 67, 47, 27, 7, 10, 9, 49, 37, 51, 0]
Rota do Picker 11: [0, 55, 21, 76, 39, 59, 18, 97, 36, 74, 94, 13, 60, 40, 20, 30, 27, 7, 51, 31, 11, 0]
Rota do Picker 12: [0, 1, 47, 37, 11, 32, 28, 48, 45, 21, 67, 10, 50, 49, 9, 26, 46, 22, 2, 27, 87, 7, 8, 0]

Caso de teste: SLAPRP_Guo_small_O200_alpha0.4_v9.txt

Distancia Total: 1732.0
Quantidade de Pickers: 12
