Rota do Picker 1: [0, 1, 23, 26, 46, 28, 3, 8, 9, 89, 32, 21, 64, 45, 22, 27, 10, 36, 50, 30, 47, 61, 0]
Rota do Picker 2: [0, 64, 89, 50, 26, 30, 65, 21, 1, 45, 8, 28, 9, 10, 47, 46, 27, 41, 0]
Rota do Picker 3: [0, 36, 46, 89, 21, 4, 47, 30, 9, 8, 61, 40, 10, 64, 60, 28, 45, 20, 27, 26, 1, 41, 0]
Rota do Picker 4: [0, 22, 64, 9, 20, 60, 52, 32, 36, 42, 11, 55, 37, 77, 38, 10, 30, 28, 59, 94, 51, 13, 12, 33, 21, 97, 57, 41, 40, 27, 1, 0]
Rota do Picker 5: [0, 89, 1, 32, 50, 10, 8, 4, 28, 3, 30, 21, 22, 64, 9, 23, 26, 46, 45, 27, 47, 0]
Rota do Picker 6: [0, 1, 41, 9, 21, 22, 45, 27, 23, 8, 11, 60, 3, 40, 20, 50, 30, 10, 64, 42, 28, 46, 26, 32, 0]

Caso de teste: SLAPRP_Guo_small_O100_alpha0.4_v1.txt

Distancia Total: 1210.0
Quantidade de Pickers: 6
