Rota do Picker 1: [0, 27, 46, 26, 10, 48, 8, 45, 5, 22, 40, 39, 9, 50, 30, 33, 72, 52, 3, 2, 1, 21, 18, 0]
Rota do Picker 2: [0, 21, 45, 8, 9, 3, 5, 14, 52, 11, 36, 37, 57, 20, 40, 18, 55, 12, 1, 46, 26, 47, 2, 22, 42, 62, 31, 51, 0]
Rota do Picker 3: [0, 3, 45, 2, 43, 8, 48, 26, 46, 40, 20, 36, 14, 22, 27, 5, 18, 11, 0]
Rota do Picker 4: [0, 47, 3, 26, 46, 48, 30, 10, 8, 45, 22, 2, 43, 36, 40, 39, 9, 7, 23, 42, 13, 18, 20, 21, 0]
Rota do Picker 5: [0, 21, 61, 2, 4, 47, 8, 48, 27, 46, 14, 36, 20, 1, 30, 10, 9, 45, 23, 3, 41, 22, 42, 62, 51, 71, 18, 0]
Rota do Picker 6: [0, 1, 21, 24, 20, 40, 57, 13, 72, 51, 48, 8, 26, 22, 2, 3, 46, 12, 71, 9, 23, 0]

Caso de teste: SLAPRP_Guo_small_O100_alpha0.2_v8.txt

Distancia Total: 896.0
Quantidade de Pickers: 6
