Rota do Picker 1: [0, 1, 41, 4, 24, 44, 45, 85, 8, 47, 3, 6, 84, 43, 23, 21, 61, 13, 33, 73, 53, 16, 72, 52, 9, 7, 25, 5, 2, 0]
Rota do Picker 2: [0, 21, 41, 4, 63, 83, 7, 67, 65, 45, 25, 43, 23, 84, 24, 15, 16, 12, 32, 72, 27, 47, 8, 44, 1, 0]
Rota do Picker 3: [0, 1, 21, 41, 14, 48, 45, 28, 25, 63, 3, 64, 44, 2, 65, 85, 86, 66, 46, 5, 4, 7, 47, 9, 26, 24, 23, 43, 16, 0]
Rota do Picker 4: [0, 1, 21, 3, 23, 25, 45, 8, 46, 26, 7, 47, 27, 43, 44, 84, 64, 24, 85, 53, 13, 33, 5, 81, 61, 41, 0]
Rota do Picker 5: [0, 41, 51, 5, 25, 64, 84, 52, 72, 32, 92, 35, 16, 15, 6, 26, 29, 48, 8, 9, 44, 3, 22, 24, 4, 83, 63, 23, 21, 1, 0]
Rota do Picker 6: [0, 32, 52, 72, 66, 26, 6, 5, 41, 21, 81, 61, 1, 3, 23, 7, 13, 35, 14, 44, 4, 43, 63, 83, 29, 28, 8, 73, 71, 51, 31, 0]
Rota do Picker 7: [0, 13, 73, 33, 32, 42, 46, 6, 26, 45, 5, 25, 9, 29, 35, 15, 71, 91, 51, 61, 41, 21, 1, 4, 24, 44, 0]
Rota do Picker 8: [0, 33, 53, 15, 1, 4, 24, 44, 45, 72, 13, 73, 92, 12, 27, 8, 46, 6, 25, 5, 7, 52, 32, 61, 41, 21, 0]
Rota do Picker 9: [0, 1, 12, 32, 14, 13, 53, 15, 35, 27, 7, 2, 24, 44, 28, 52, 72, 16, 33, 8, 46, 6, 86, 26, 41, 61, 81, 21, 3, 5, 45, 85, 65, 25, 4, 0]
Rota do Picker 10: [0, 12, 41, 1, 21, 61, 81, 5, 9, 16, 15, 35, 32, 44, 4, 65, 85, 13, 33, 53, 73, 67, 47, 84, 24, 6, 26, 66, 8, 28, 31, 11, 0]
Rota do Picker 11: [0, 1, 12, 52, 32, 61, 81, 41, 6, 65, 85, 64, 44, 7, 86, 26, 66, 46, 25, 5, 47, 28, 8, 24, 4, 21, 0]
Rota do Picker 12: [0, 2, 13, 34, 15, 35, 41, 61, 81, 72, 52, 32, 33, 53, 9, 66, 65, 25, 5, 23, 3, 21, 1, 26, 6, 44, 24, 4, 0]
Rota do Picker 13: [0, 3, 23, 63, 45, 25, 2, 21, 41, 71, 91, 14, 51, 1, 61, 0]

Caso de teste: SLAPRP_Guo_small_O200_alpha0.3_v6.txt

Distancia Total: 1688.0
Quantidade de Pickers: 13
