Rota do Picker 1: [0, 20, 15, 10, 50, 45, 46, 26, 21, 1, 24, 60, 51, 11, 42, 43, 4, 5, 34, 33, 27, 23, 3, 2, 22, 0]
Rota do Picker 2: [0, 21, 23, 43, 5, 45, 46, 27, 13, 33, 14, 20, 2, 8, 26, 4, 62, 42, 22, 0]
Rota do Picker 3: [0, 20, 60, 32, 52, 45, 30, 50, 26, 46, 23, 22, 42, 4, 9, 24, 27, 10, 8, 3, 43, 2, 5, 61, 11, 41, 21, 0]
Rota do Picker 4: [0, 36, 34, 1, 21, 41, 13, 20, 40, 14, 50, 10, 8, 45, 46, 26, 42, 22, 2, 5, 27, 43, 0]
Rota do Picker 5: [0, 1, 22, 20, 40, 14, 45, 46, 26, 23, 3, 28, 27, 4, 24, 13, 11, 32, 52, 60, 17, 18, 36, 41, 21, 30, 50, 10, 43, 2, 0]
Rota do Picker 6: [0, 21, 22, 42, 46, 30, 8, 24, 3, 23, 43, 45, 34, 94, 52, 32, 33, 9, 27, 62, 1, 0]
Rota do Picker 7: [0, 32, 72, 27, 43, 62, 24, 10, 50, 46, 1, 21, 41, 61, 23, 26, 13, 20, 40, 11, 51, 17, 37, 18, 5, 42, 22, 2, 33, 15, 14, 52, 0]
Rota do Picker 8: [0, 24, 45, 1, 21, 41, 26, 5, 60, 20, 33, 3, 23, 8, 50, 30, 10, 27, 46, 42, 22, 2, 0]
Rota do Picker 9: [0, 11, 30, 10, 42, 2, 27, 26, 50, 46, 13, 17, 71, 51, 14, 32, 53, 20, 45, 41, 43, 23, 89, 9, 28, 8, 24, 4, 22, 21, 61, 36, 34, 33, 1, 3, 0]
Rota do Picker 10: [0, 61, 81, 4, 42, 2, 27, 30, 50, 10, 46, 26, 45, 5, 22, 41, 1, 21, 33, 15, 18, 37, 17, 52, 32, 0]
Rota do Picker 11: [0, 43, 21, 0]
Rota do Picker 12: [0, 34, 32, 17, 37, 97, 60, 20, 45, 23, 41, 21, 24, 46, 26, 5, 36, 89, 30, 10, 2, 22, 42, 8, 9, 13, 18, 14, 52, 0]
Rota do Picker 13: [0, 61, 21, 17, 40, 60, 50, 10, 27, 45, 3, 23, 43, 8, 9, 30, 62, 42, 22, 2, 1, 24, 11, 0]

Caso de teste: SLAPRP_Guo_small_O200_alpha0.4_v10.txt

Distancia Total: 1874.0
Quantidade de Pickers: 13
