Rota do Picker 1: [0, 7, 3, 21, 1, 41, 61, 81, 4, 24, 44, 64, 43, 63, 23, 5, 45, 82, 35, 17, 32, 0]
Rota do Picker 2: [0, 1, 95, 75, 18, 37, 17, 43, 23, 3, 41, 21, 82, 26, 45, 73, 55, 74, 36, 25, 6, 63, 65, 5, 44, 24, 81, 61, 83, 0]
Rota do Picker 3: [0, 2, 42, 1, 41, 61, 81, 25, 45, 5, 83, 43, 3, 23, 22, 24, 44, 4, 82, 64, 6, 7, 21, 31, 51, 36, 93, 33, 71, 11, 0]
Rota do Picker 4: [0, 21, 61, 41, 3, 43, 63, 5, 25, 45, 6, 26, 75, 55, 35, 17, 23, 84, 24, 4, 1, 74, 0]
Rota do Picker 5: [0, 21, 1, 41, 61, 3, 23, 43, 6, 26, 37, 35, 55, 24, 4, 45, 5, 0]
Rota do Picker 6: [0, 62, 23, 3, 1, 21, 4, 26, 65, 24, 41, 61, 43, 63, 83, 55, 75, 18, 17, 12, 72, 95, 74, 0]

Caso de teste: SLAPRP_Guo_small_O100_alpha0.2_v7.txt

Distancia Total: 734.0
Quantidade de Pickers: 6
