SKUs: 40
Pedidos: 56

Primeiro pedido:
Order(1, [1, 2, 3, 8, 19, 29])

Ultimo pedido:
Order(56, [1, 3, 4, 28])

Location(1, 1, -1, 20)
Location(2, 1, -2, 20)
Location(3, 1, -3, 20)
Location(4, 1, -4, 20)
Location(5, 1, -5, 20)
Location(6, 1, -6, 20)
Location(7, 1, -7, 20)
Location(8, 1, -8, 20)
Location(9, 1, -9, 20)
Location(10, 1, -10, 40)
Location(11, 1, 1, 20)
Location(12, 1, 2, 20)
Location(13, 1, 3, 20)
Location(14, 1, 4, 20)
Location(15, 1, 5, 20)
Location(16, 1, 6, 20)
Location(17, 1, 7, 20)
Location(18, 1, 8, 20)
Location(19, 1, 9, 20)
Location(20, 1, 10, 40)
Location(21, 2, -1, 20)
Location(22, 2, -2, 20)
Location(23, 2, -3, 20)
Location(24, 2, -4, 20)
Location(25, 2, -5, 20)
Location(26, 2, -6, 20)
Location(27, 2, -7, 20)
Location(28, 2, -8, 20)
Location(29, 2, -9, 20)
Location(30, 2, -10, 40)
Location(31, 2, 1, 20)
Location(32, 2, 2, 20)
Location(33, 2, 3, 20)
Location(34, 2, 4, 20)
Location(35, 2, 5, 20)
Location(36, 2, 6, 20)
Location(37, 2, 7, 20)
Location(38, 2, 8, 20)
Location(39, 2, 9, 20)
Location(40, 2, 10, 40)
Location(41, 3, -1, 20)
Location(42, 3, -2, 20)
Location(43, 3, -3, 20)
Location(44, 3, -4, 20)
Location(45, 3, -5, 20)
Location(46, 3, -6, 20)
Location(47, 3, -7, 20)
Location(48, 3, -8, 20)
Location(49, 3, -9, 20)
Location(50, 3, -10, 40)
Location(51, 3, 1, 20)
Location(52, 3, 2, 20)
Location(53, 3, 3, 20)
Location(54, 3, 4, 20)
Location(55, 3, 5, 20)
Location(56, 3, 6, 20)
Location(57, 3, 7, 20)
Location(58, 3, 8, 20)
Location(59, 3, 9, 20)
Location(60, 3, 10, 40)
Location(61, 4, -1, 20)
Location(62, 4, -2, 20)
Location(63, 4, -3, 20)
Location(64, 4, -4, 20)
Location(65, 4, -5, 20)
Location(66, 4, -6, 20)
Location(67, 4, -7, 20)
Location(68, 4, -8, 20)
Location(69, 4, -9, 20)
Location(70, 4, -10, 40)
Location(71, 4, 1, 20)
Location(72, 4, 2, 20)
Location(73, 4, 3, 20)
Location(74, 4, 4, 20)
Location(75, 4, 5, 20)
Location(76, 4, 6, 20)
Location(77, 4, 7, 20)
Location(78, 4, 8, 20)
Location(79, 4, 9, 20)
Location(80, 4, 10, 40)
Location(81, 5, -1, 20)
Location(82, 5, -2, 20)
Location(83, 5, -3, 20)
Location(84, 5, -4, 20)
Location(85, 5, -5, 20)
Location(86, 5, -6, 20)
Location(87, 5, -7, 20)
Location(88, 5, -8, 20)
Location(89, 5, -9, 20)
Location(90, 5, -10, 40)
Location(91, 5, 1, 20)
Location(92, 5, 2, 20)
Location(93, 5, 3, 20)
Location(94, 5, 4, 20)
Location(95, 5, 5, 20)
Location(96, 5, 6, 20)
Location(97, 5, 7, 20)
Location(98, 5, 8, 20)
Location(99, 5, 9, 20)
Location(100, 5, 10, 40)

Frequencias: [38, 28, 24, 24, 23, 18, 29, 25, 1, 5, 3, 7, 3, 2, 6, 0, 2, 1, 4, 3, 1, 4, 2, 3, 6, 3, 2, 6, 5, 4, 3, 5, 3, 2, 5, 1, 3, 2, 0, 0]

Matriz de coocorrencia: 
40×40 Matrix{Int64}:
  0  16  17  14  18  12  23  18  0  3  1  6  2  1  4  0  2  1  3  2  0  4  1  2  3  1  1  5  2  3  1  3  2  1  2  1  2  1  0  0
 16   0  13  13  12  11  16  15  0  2  2  5  3  1  3  0  2  0  2  3  1  0  2  1  4  0  2  2  2  1  3  2  2  2  3  0  2  2  0  0
 17  13   0  12  10   8   9  13  1  1  1  5  3  1  5  0  0  0  1  1  1  1  0  2  2  1  0  2  4  3  3  2  1  0  1  1  2  1  0  0
 14  13  12   0  10  11   9  12  0  3  0  2  3  1  2  0  1  0  3  1  1  1  1  0  2  2  1  1  1  2  2  4  0  0  2  0  1  1  0  0
 18  12  10  10   0   6  16  12  0  0  1  3  2  0  4  0  1  1  1  1  1  3  0  1  1  1  1  3  1  3  1  0  1  1  2  0  0  1  0  0
 12  11   8  11   6   0  11   9  0  1  0  3  2  1  0  0  1  0  0  0  0  1  1  1  3  2  2  1  2  1  1  1  1  1  1  0  1  0  0  0
 23  16   9   9  16  11   0  15  0  2  3  4  0  1  3  0  2  0  1  1  0  2  2  1  4  1  2  3  3  0  2  1  2  1  4  0  2  0  0  0
 18  15  13  12  12   9  15   0  0  2  2  3  3  0  3  0  0  0  2  1  0  1  1  1  4  0  1  1  2  1  1  3  1  1  4  0  0  0  0  0
  0   0   1   0   0   0   0   0  0  0  0  0  0  0  0  0  0  0  0  0  0  0  0  0  0  0  0  1  0  0  0  1  0  0  0  0  0  0  0  0
  3   2   1   3   0   1   2   2  0  0  0  0  0  0  0  0  0  0  2  0  0  0  0  0  2  1  1  0  0  0  0  0  0  0  0  0  0  0  0  0
  1   2   1   0   1   0   3   2  0  0  0  0  0  0  0  0  0  0  0  0  0  0  1  0  1  0  0  0  1  0  0  0  0  0  1  0  0  0  0  0
  6   5   5   2   3   3   4   3  0  0  0  0  2  0  0  0  0  0  0  1  0  1  0  0  0  0  0  1  1  0  1  0  1  0  0  0  1  1  0  0
  2   3   3   3   2   2   0   3  0  0  0  2  0  0  0  0  0  0  0  0  0  0  0  0  0  0  0  0  0  0  0  0  0  0  0  0  0  0  0  0
  1   1   1   1   0   1   1   0  0  0  0  0  0  0  0  0  1  0  0  0  0  0  0  0  0  1  0  0  1  0  0  0  1  0  0  0  1  0  0  0
  4   3   5   2   4   0   3   3  0  0  0  0  0  0  0  0  0  0  0  0  1  0  0  1  0  0  0  1  1  2  0  1  0  0  1  1  0  1  0  0
  0   0   0   0   0   0   0   0  0  0  0  0  0  0  0  0  0  0  0  0  0  0  0  0  0  0  0  0  0  0  0  0  0  0  0  0  0  0  0  0
  2   2   0   1   1   1   2   0  0  0  0  0  0  1  0  0  0  0  0  0  0  0  0  0  0  0  0  0  0  0  0  0  1  0  0  0  1  0  0  0
  1   0   0   0   1   0   0   0  0  0  0  0  0  0  0  0  0  0  0  0  0  0  0  0  0  0  0  0  0  1  0  0  0  0  0  0  0  0  0  0
  3   2   1   3   1   0   1   2  0  2  0  0  0  0  0  0  0  0  0  0  0  1  0  0  1  1  0  0  1  0  0  0  0  0  0  0  0  0  0  0
  2   3   1   1   1   0   1   1  0  0  0  1  0  0  0  0  0  0  0  0  0  0  0  0  0  0  0  1  0  0  1  0  0  1  0  0  1  1  0  0
  0   1   1   1   1   0   0   0  0  0  0  0  0  0  1  0  0  0  0  0  0  0  0  0  0  0  0  0  0  1  0  0  0  0  0  0  0  1  0  0
  4   0   1   1   3   1   2   1  0  0  0  1  0  0  0  0  0  0  1  0  0  0  0  1  0  1  0  1  0  0  0  0  0  0  0  0  0  0  0  0
  1   2   0   1   0   1   2   1  0  0  1  0  0  0  0  0  0  0  0  0  0  0  0  0  0  0  0  0  0  0  0  1  0  0  1  0  0  0  0  0
  2   1   2   0   1   1   1   1  0  0  0  0  0  0  1  0  0  0  0  0  0  1  0  0  1  0  0  0  0  0  0  0  0  1  0  0  0  0  0  0
  3   4   2   2   1   3   4   4  0  2  1  0  0  0  0  0  0  0  1  0  0  0  0  1  0  1  1  0  0  0  1  0  0  1  0  0  0  0  0  0
  1   0   1   2   1   2   1   0  0  1  0  0  0  1  0  0  0  0  1  0  0  1  0  0  1  0  0  1  1  0  0  0  0  0  0  0  0  0  0  0
  1   2   0   1   1   2   2   1  0  1  0  0  0  0  0  0  0  0  0  0  0  0  0  0  1  0  0  0  0  0  0  0  0  0  0  0  0  0  0  0
  5   2   2   1   3   1   3   1  1  0  0  1  0  0  1  0  0  0  0  1  0  1  0  0  0  1  0  0  0  0  0  1  0  0  0  0  0  1  0  0
  2   2   4   1   1   2   3   2  0  0  1  1  0  1  1  0  0  0  1  0  0  0  0  0  0  1  0  0  0  0  0  0  0  0  1  0  1  0  0  0
  3   1   3   2   3   1   0   1  0  0  0  0  0  0  2  0  0  1  0  0  1  0  0  0  0  0  0  0  0  0  0  0  0  0  0  1  0  1  0  0
  1   3   3   2   1   1   2   1  0  0  0  1  0  0  0  0  0  0  0  1  0  0  0  0  1  0  0  0  0  0  0  0  1  0  0  0  1  0  0  0
  3   2   2   4   0   1   1   3  1  0  0  0  0  0  1  0  0  0  0  0  0  0  1  0  0  0  0  1  0  0  0  0  0  0  1  0  0  0  0  0
  2   2   1   0   1   1   2   1  0  0  0  1  0  1  0  0  1  0  0  0  0  0  0  0  0  0  0  0  0  0  1  0  0  0  0  0  1  0  0  0
  1   2   0   0   1   1   1   1  0  0  0  0  0  0  0  0  0  0  0  1  0  0  0  1  1  0  0  0  0  0  0  0  0  0  0  0  0  0  0  0
  2   3   1   2   2   1   4   4  0  0  1  0  0  0  1  0  0  0  0  0  0  0  1  0  0  0  0  0  1  0  0  1  0  0  0  0  0  0  0  0
  1   0   1   0   0   0   0   0  0  0  0  0  0  0  1  0  0  0  0  0  0  0  0  0  0  0  0  0  0  1  0  0  0  0  0  0  0  0  0  0
  2   2   2   1   0   1   2   0  0  0  0  1  0  1  0  0  1  0  0  1  0  0  0  0  0  0  0  0  1  0  1  0  1  0  0  0  0  0  0  0
  1   2   1   1   1   0   0   0  0  0  0  1  0  0  1  0  0  0  0  1  1  0  0  0  0  0  0  1  0  1  0  0  0  0  0  0  0  0  0  0
  0   0   0   0   0   0   0   0  0  0  0  0  0  0  0  0  0  0  0  0  0  0  0  0  0  0  0  0  0  0  0  0  0  0  0  0  0  0  0  0
  0   0   0   0   0   0   0   0  0  0  0  0  0  0  0  0  0  0  0  0  0  0  0  0  0  0  0  0  0  0  0  0  0  0  0  0  0  0  0  0
SKU(38, 228.0, 0.07)
SKU(28, 184.0, 0.08)
SKU(24, 80.0, 0.21)
SKU(24, 131.0, 0.1)
SKU(23, 110.0, 0.13)
SKU(18, 133.0, 0.08)
SKU(29, 186.0, 0.07)
SKU(25, 133.0, 0.11)
SKU(1, 35.0, 0.09)
SKU(5, 34.0, 0.21)
SKU(3, 53.0, 0.11)
SKU(7, 59.0, 0.12)
SKU(3, 32.0, 0.19)
SKU(2, 58.0, 0.07)
SKU(6, 109.0, 0.05)
SKU(0, 26.0, 0.09)
SKU(2, 53.0, 0.08)
SKU(1, 22.0, 0.12)
SKU(4, 21.0, 0.26)
SKU(3, 37.0, 0.17)
SKU(1, 46.0, 0.07)
SKU(4, 47.0, 0.16)
SKU(2, 36.0, 0.1)
SKU(3, 84.0, 0.05)
SKU(6, 61.0, 0.11)
SKU(3, 57.0, 0.09)
SKU(2, 33.0, 0.13)
SKU(6, 54.0, 0.16)
SKU(5, 90.0, 0.06)
SKU(4, 119.0, 0.04)
SKU(3, 32.0, 0.15)
SKU(5, 92.0, 0.06)
SKU(3, 65.0, 0.07)
SKU(2, 72.0, 0.05)
SKU(5, 45.0, 0.12)
SKU(1, 20.0, 0.16)
SKU(3, 88.0, 0.04)
SKU(2, 27.0, 0.14)
SKU(0, 24.0, 0.08)
SKU(0, 19.0, 0.12)

extremidades das matrizes:
S_hat: (-0.13476137179527, 0.8078360722029091)
S_hat * P: (-0.11886872464754147, 0.7125665340727925)
W * S_hat: (0.0, 1.2886964194247121)
W * S_hat * P: (0.0, 1.1367181692659467)
correlacao{S_hat, S_hat_hat} = 0.9860268112022689

Posicao 1 (Corredor 1, Prateleira -1)
   SKU 1 -> 228
   SKU 7 -> 57
   SKU 15 -> 1

Posicao 2 (Corredor 1, Prateleira -2)
   SKU 5 -> 110
   SKU 6 -> 28
   SKU 15 -> 69

Posicao 3 (Corredor 1, Prateleira -3)
   SKU 28 -> 54
   SKU 35 -> 45
   SKU 37 -> 88

Posicao 11 (Corredor 1, Prateleira 1)
   SKU 2 -> 137
   SKU 7 -> 129

Posicao 12 (Corredor 1, Prateleira 2)
   SKU 3 -> 80
   SKU 15 -> 39
   SKU 30 -> 31

Posicao 13 (Corredor 1, Prateleira 3)
   SKU 14 -> 58
   SKU 17 -> 53
   SKU 20 -> 37

Posicao 15 (Corredor 1, Prateleira 5)
   SKU 39 -> 24

Posicao 21 (Corredor 2, Prateleira -1)
   SKU 2 -> 47
   SKU 6 -> 27
   SKU 8 -> 128

Posicao 22 (Corredor 2, Prateleira -2)
   SKU 24 -> 84
   SKU 29 -> 90
   SKU 30 -> 88

Posicao 23 (Corredor 2, Prateleira -3)
   SKU 13 -> 32
   SKU 23 -> 36
   SKU 31 -> 32

Posicao 31 (Corredor 2, Prateleira 1)
   SKU 4 -> 131
   SKU 6 -> 78
   SKU 8 -> 5

Posicao 32 (Corredor 2, Prateleira 2)
   SKU 12 -> 59
   SKU 25 -> 61
   SKU 32 -> 92

Posicao 33 (Corredor 2, Prateleira 3)
   SKU 9 -> 35
   SKU 21 -> 46
   SKU 36 -> 20

Posicao 41 (Corredor 3, Prateleira -1)
   SKU 22 -> 47
   SKU 26 -> 57
   SKU 33 -> 65

Posicao 42 (Corredor 3, Prateleira -2)
   SKU 19 -> 21
   SKU 27 -> 33
   SKU 38 -> 27

Posicao 47 (Corredor 3, Prateleira -7)
   SKU 16 -> 26

Posicao 51 (Corredor 3, Prateleira 1)
   SKU 10 -> 34
   SKU 11 -> 53
   SKU 34 -> 72

Posicao 52 (Corredor 3, Prateleira 2)
   SKU 18 -> 22

Posicao 68 (Corredor 4, Prateleira -8)
   SKU 40 -> 19

