SKUs: 40
Pedidos: 200

Primeiro pedido:
Order(1, [1, 3, 4, 5, 7, 8, 14, 17])

Ultimo pedido:
Order(200, [2, 4, 7, 8, 30])

Location(1, 1, -1, 20)
Location(2, 1, -2, 20)
Location(3, 1, -3, 20)
Location(4, 1, -4, 20)
Location(5, 1, -5, 20)
Location(6, 1, -6, 20)
Location(7, 1, -7, 20)
Location(8, 1, -8, 20)
Location(9, 1, -9, 20)
Location(10, 1, -10, 40)
Location(11, 1, 1, 20)
Location(12, 1, 2, 20)
Location(13, 1, 3, 20)
Location(14, 1, 4, 20)
Location(15, 1, 5, 20)
Location(16, 1, 6, 20)
Location(17, 1, 7, 20)
Location(18, 1, 8, 20)
Location(19, 1, 9, 20)
Location(20, 1, 10, 40)
Location(21, 2, -1, 20)
Location(22, 2, -2, 20)
Location(23, 2, -3, 20)
Location(24, 2, -4, 20)
Location(25, 2, -5, 20)
Location(26, 2, -6, 20)
Location(27, 2, -7, 20)
Location(28, 2, -8, 20)
Location(29, 2, -9, 20)
Location(30, 2, -10, 40)
Location(31, 2, 1, 20)
Location(32, 2, 2, 20)
Location(33, 2, 3, 20)
Location(34, 2, 4, 20)
Location(35, 2, 5, 20)
Location(36, 2, 6, 20)
Location(37, 2, 7, 20)
Location(38, 2, 8, 20)
Location(39, 2, 9, 20)
Location(40, 2, 10, 40)
Location(41, 3, -1, 20)
Location(42, 3, -2, 20)
Location(43, 3, -3, 20)
Location(44, 3, -4, 20)
Location(45, 3, -5, 20)
Location(46, 3, -6, 20)
Location(47, 3, -7, 20)
Location(48, 3, -8, 20)
Location(49, 3, -9, 20)
Location(50, 3, -10, 40)
Location(51, 3, 1, 20)
Location(52, 3, 2, 20)
Location(53, 3, 3, 20)
Location(54, 3, 4, 20)
Location(55, 3, 5, 20)
Location(56, 3, 6, 20)
Location(57, 3, 7, 20)
Location(58, 3, 8, 20)
Location(59, 3, 9, 20)
Location(60, 3, 10, 40)
Location(61, 4, -1, 20)
Location(62, 4, -2, 20)
Location(63, 4, -3, 20)
Location(64, 4, -4, 20)
Location(65, 4, -5, 20)
Location(66, 4, -6, 20)
Location(67, 4, -7, 20)
Location(68, 4, -8, 20)
Location(69, 4, -9, 20)
Location(70, 4, -10, 40)
Location(71, 4, 1, 20)
Location(72, 4, 2, 20)
Location(73, 4, 3, 20)
Location(74, 4, 4, 20)
Location(75, 4, 5, 20)
Location(76, 4, 6, 20)
Location(77, 4, 7, 20)
Location(78, 4, 8, 20)
Location(79, 4, 9, 20)
Location(80, 4, 10, 40)
Location(81, 5, -1, 20)
Location(82, 5, -2, 20)
Location(83, 5, -3, 20)
Location(84, 5, -4, 20)
Location(85, 5, -5, 20)
Location(86, 5, -6, 20)
Location(87, 5, -7, 20)
Location(88, 5, -8, 20)
Location(89, 5, -9, 20)
Location(90, 5, -10, 40)
Location(91, 5, 1, 20)
Location(92, 5, 2, 20)
Location(93, 5, 3, 20)
Location(94, 5, 4, 20)
Location(95, 5, 5, 20)
Location(96, 5, 6, 20)
Location(97, 5, 7, 20)
Location(98, 5, 8, 20)
Location(99, 5, 9, 20)
Location(100, 5, 10, 40)

Frequencias: [90, 90, 86, 82, 86, 89, 85, 79, 28, 10, 7, 8, 9, 7, 6, 12, 29, 9, 11, 10, 39, 40, 7, 6, 29, 11, 11, 8, 8, 32, 5, 11, 9, 12, 9, 5, 28, 6, 7, 0]

Matriz de coocorrencia: 
40×40 Matrix{Int64}:
  0  42  41  42  42  45  38  35  15  4  5  2  3  2  1  6  11  1  4  2  18  17  2  3  10  5  8  1  6  14  1  5  5  8  5  2  15  2  4  0
 42   0  42  38  44  42  35  39  13  4  4  1  2  2  2  7   8  4  4  6  21  16  4  3  21  6  5  4  5  17  3  5  4  7  5  2   8  4  2  0
 41  42   0  41  39  42  41  36  13  4  2  2  2  3  2  6  15  4  3  6  18  14  3  2  16  2  4  4  5  19  3  5  3  4  3  2   8  2  2  0
 42  38  41   0  36  38  37  44  12  4  1  3  5  4  2  5  18  5  4  2  12  12  2  2  10  2  2  4  5  14  1  6  5  6  2  2  11  2  4  0
 42  44  39  36   0  37  39  40  13  4  2  4  2  3  1  4  12  4  4  6  14  17  3  2  17  4  7  4  4  12  3  1  4  6  5  3  14  1  4  0
 45  42  42  38  37   0  40  44  11  2  4  2  3  2  2  5  11  3  4  6  26  17  3  4   9  5  5  3  4  11  2  2  4  4  5  3  14  3  1  0
 38  35  41  37  39  40   0  39  10  6  4  2  4  5  3  5  12  4  3  4  15  17  3  3  15  5  6  3  2  11  3  5  3  5  5  2  15  1  2  0
 35  39  36  44  40  44  39   0   8  4  0  2  4  2  2  5  13  3  5  2  16  15  1  3  10  3  5  3  2  12  2  4  4  3  2  2  11  1  2  0
 15  13  13  12  13  11  10   8   0  0  1  0  2  0  0  1   1  0  1  1   2   0  1  1   3  3  2  1  1   5  0  3  0  2  1  1   0  0  1  0
  4   4   4   4   4   2   6   4   0  0  0  1  2  0  0  0   0  1  1  0   1   4  0  0   2  0  1  1  0   1  0  1  0  1  0  0   2  0  1  0
  5   4   2   1   2   4   4   0   1  0  0  0  0  0  0  0   1  1  0  0   0   2  0  0   2  0  0  0  0   2  0  0  0  0  2  0   1  1  0  0
  2   1   2   3   4   2   2   2   0  1  0  0  1  1  0  1   1  0  1  0   2   1  1  0   2  1  1  1  0   2  2  1  3  0  0  1   0  0  0  0
  3   2   2   5   2   3   4   4   2  2  0  1  0  2  1  0   1  1  0  0   2   4  0  0   0  1  0  1  0   0  0  1  0  0  0  1   0  0  1  0
  2   2   3   4   3   2   5   2   0  0  0  1  2  0  1  1   2  1  0  0   2   2  0  0   0  0  0  0  0   1  0  0  0  0  0  0   0  1  1  0
  1   2   2   2   1   2   3   2   0  0  0  0  1  1  0  0   0  1  0  0   1   2  0  1   1  0  0  0  1   1  0  2  1  0  1  0   1  0  0  0
  6   7   6   5   4   5   5   5   1  0  0  1  0  1  0  0   2  0  1  0   3   2  0  0   2  0  0  1  0   2  2  0  1  0  0  0   1  0  1  0
 11   8  15  18  12  11  12  13   1  0  1  1  1  2  0  2   0  2  1  3   2   0  0  0   1  1  1  2  2   1  0  1  0  1  1  0   0  1  3  0
  1   4   4   5   4   3   4   3   0  1  1  0  1  1  1  0   2  0  0  1   0   3  0  0   3  0  1  0  1   1  0  0  0  1  0  0   0  0  0  0
  4   4   3   4   4   4   3   5   1  1  0  1  0  0  0  1   1  0  0  0   1   3  0  0   3  0  1  1  0   0  1  0  1  0  1  2   2  1  1  0
  2   6   6   2   6   6   4   2   1  0  0  0  0  0  0  0   3  1  0  0   2   1  1  1   2  1  0  0  0   3  0  0  0  0  0  0   0  0  0  0
 18  21  18  12  14  26  15  16   2  1  0  2  2  2  1  3   2  0  1  2   0   1  2  0   3  4  0  5  0   0  1  1  3  1  2  1   2  4  0  0
 17  16  14  12  17  17  17  15   0  4  2  1  4  2  2  2   0  3  3  1   1   0  2  1   1  0  1  2  2   1  1  1  2  0  4  0   1  2  2  0
  2   4   3   2   3   3   3   1   1  0  0  1  0  0  0  0   0  0  0  1   2   2  0  0   2  2  0  1  0   0  1  1  0  0  0  0   1  0  0  0
  3   3   2   2   2   4   3   3   1  0  0  0  0  0  1  0   0  0  0  1   0   1  0  0   2  0  0  0  0   1  0  1  0  0  0  0   1  0  0  0
 10  21  16  10  17   9  15  10   3  2  2  2  0  0  1  2   1  3  3  2   3   1  2  2   0  0  3  1  1   3  3  2  4  2  1  3   0  0  1  0
  5   6   2   2   4   5   5   3   3  0  0  1  1  0  0  0   1  0  0  1   4   0  2  0   0  0  0  0  1   1  0  1  0  1  0  0   2  0  1  0
  8   5   4   2   7   5   6   5   2  1  0  1  0  0  0  0   1  1  1  0   0   1  0  0   3  0  0  0  0   2  0  1  1  2  0  1   2  0  0  0
  1   4   4   4   4   3   3   3   1  1  0  1  1  0  0  1   2  0  1  0   5   2  1  0   1  0  0  0  0   0  0  1  0  0  0  0   1  1  0  0
  6   5   5   5   4   4   2   2   1  0  0  0  0  0  1  0   2  1  0  0   0   2  0  0   1  1  0  0  0   0  0  2  0  1  1  0   2  0  1  0
 14  17  19  14  12  11  11  12   5  1  2  2  0  1  1  2   1  1  0  3   0   1  0  1   3  1  2  0  0   0  1  2  1  2  0  0   2  0  1  0
  1   3   3   1   3   2   3   2   0  0  0  2  0  0  0  2   0  0  1  0   1   1  1  0   3  0  0  0  0   1  0  0  1  1  0  1   0  0  1  0
  5   5   5   6   1   2   5   4   3  1  0  1  1  0  2  0   1  0  0  0   1   1  1  1   2  1  1  1  2   2  0  0  0  2  0  0   1  0  0  0
  5   4   3   5   4   4   3   4   0  0  0  3  0  0  1  1   0  0  1  0   3   2  0  0   4  0  1  0  0   1  1  0  0  0  0  2   1  0  0  0
  8   7   4   6   6   4   5   3   2  1  0  0  0  0  0  0   1  1  0  0   1   0  0  0   2  1  2  0  1   2  1  2  0  0  0  0   5  0  0  0
  5   5   3   2   5   5   5   2   1  0  2  0  0  0  1  0   1  0  1  0   2   4  0  0   1  0  0  0  1   0  0  0  0  0  0  1   1  1  0  0
  2   2   2   2   3   3   2   2   1  0  0  1  1  0  0  0   0  0  2  0   1   0  0  0   3  0  1  0  0   0  1  0  2  0  1  0   1  0  0  0
 15   8   8  11  14  14  15  11   0  2  1  0  0  0  1  1   0  0  2  0   2   1  1  1   0  2  2  1  2   2  0  1  1  5  1  1   0  0  0  0
  2   4   2   2   1   3   1   1   0  0  1  0  0  1  0  0   1  0  1  0   4   2  0  0   0  0  0  1  0   0  0  0  0  0  1  0   0  0  0  0
  4   2   2   4   4   1   2   2   1  1  0  0  1  1  0  1   3  0  1  0   0   2  0  0   1  1  0  0  1   1  1  0  0  0  0  0   0  0  0  0
  0   0   0   0   0   0   0   0   0  0  0  0  0  0  0  0   0  0  0  0   0   0  0  0   0  0  0  0  0   0  0  0  0  0  0  0   0  0  0  0
SKU(90, 189.0, 0.07)
SKU(90, 162.0, 0.08)
SKU(86, 121.0, 0.21)
SKU(82, 133.0, 0.1)
SKU(86, 138.0, 0.13)
SKU(89, 169.0, 0.08)
SKU(85, 166.0, 0.07)
SKU(79, 136.0, 0.11)
SKU(28, 74.0, 0.09)
SKU(10, 28.0, 0.21)
SKU(7, 24.0, 0.11)
SKU(8, 23.0, 0.12)
SKU(9, 28.0, 0.19)
SKU(7, 48.0, 0.07)
SKU(6, 56.0, 0.05)
SKU(12, 51.0, 0.09)
SKU(29, 81.0, 0.08)
SKU(9, 33.0, 0.12)
SKU(11, 26.0, 0.26)
SKU(10, 30.0, 0.17)
SKU(39, 101.0, 0.07)
SKU(40, 74.0, 0.16)
SKU(7, 36.0, 0.1)
SKU(6, 50.0, 0.05)
SKU(29, 73.0, 0.11)
SKU(11, 48.0, 0.09)
SKU(11, 35.0, 0.13)
SKU(8, 23.0, 0.16)
SKU(8, 50.0, 0.06)
SKU(32, 145.0, 0.04)
SKU(5, 16.0, 0.15)
SKU(11, 55.0, 0.06)
SKU(9, 51.0, 0.07)
SKU(12, 80.0, 0.05)
SKU(9, 30.0, 0.12)
SKU(5, 19.0, 0.16)
SKU(28, 118.0, 0.04)
SKU(6, 24.0, 0.14)
SKU(7, 30.0, 0.08)
SKU(0, 8.0, 0.12)

Posicao 1 (Corredor 1, Prateleira -1)
   SKU 1 -> 160
   SKU 2 -> 80
   SKU 6 -> 30

Posicao 2 (Corredor 1, Prateleira -2)
   SKU 5 -> 75
   SKU 6 -> 68
   SKU 17 -> 60

Posicao 3 (Corredor 1, Prateleira -3)
   SKU 16 -> 51
   SKU 26 -> 48
   SKU 29 -> 50

Posicao 4 (Corredor 1, Prateleira -4)
   SKU 11 -> 24
   SKU 12 -> 23
   SKU 23 -> 36

Posicao 10 (Corredor 1, Prateleira -10)
   SKU 3 -> 121

Posicao 11 (Corredor 1, Prateleira 1)
   SKU 1 -> 29
   SKU 2 -> 82
   SKU 7 -> 163

Posicao 12 (Corredor 1, Prateleira 2)
   SKU 7 -> 3
   SKU 8 -> 127
   SKU 30 -> 145

Posicao 13 (Corredor 1, Prateleira 3)
   SKU 17 -> 21
   SKU 22 -> 74
   SKU 33 -> 51

Posicao 14 (Corredor 1, Prateleira 4)
   SKU 28 -> 23
   SKU 39 -> 30

Posicao 21 (Corredor 2, Prateleira -1)
   SKU 4 -> 133
   SKU 6 -> 71
   SKU 8 -> 9

Posicao 22 (Corredor 2, Prateleira -2)
   SKU 14 -> 48
   SKU 15 -> 56
   SKU 27 -> 35

Posicao 23 (Corredor 2, Prateleira -3)
   SKU 13 -> 28
   SKU 38 -> 24

Posicao 31 (Corredor 2, Prateleira 1)
   SKU 5 -> 63
   SKU 21 -> 101
   SKU 37 -> 118

Posicao 32 (Corredor 2, Prateleira 2)
   SKU 9 -> 74
   SKU 34 -> 80
   SKU 35 -> 30

Posicao 33 (Corredor 2, Prateleira 3)
   SKU 36 -> 19

Posicao 41 (Corredor 3, Prateleira -1)
   SKU 18 -> 33
   SKU 25 -> 73
   SKU 32 -> 55

Posicao 42 (Corredor 3, Prateleira -2)
   SKU 31 -> 16

Posicao 51 (Corredor 3, Prateleira 1)
   SKU 10 -> 28
   SKU 20 -> 30
   SKU 24 -> 50

Posicao 61 (Corredor 4, Prateleira -1)
   SKU 19 -> 26

Posicao 100 (Corredor 5, Prateleira 10)
   SKU 40 -> 8

