Rota do Picker 1: [0, 21, 84, 36, 81, 8, 74, 91, 1, 41, 4, 15, 61, 24, 35, 17, 0]
Rota do Picker 2: [0, 65, 27, 43, 63, 45, 61, 21, 8, 44, 64, 7, 26, 83, 46, 6, 41, 84, 24, 4, 81, 1, 0]
Rota do Picker 3: [0, 21, 41, 8, 28, 6, 64, 85, 45, 84, 27, 23, 24, 4, 7, 61, 63, 26, 81, 1, 47, 44, 25, 65, 0]
Rota do Picker 4: [0, 81, 17, 4, 8, 15, 54, 83, 36, 44, 53, 35, 1, 41, 61, 24, 34, 21, 64, 74, 0]
Rota do Picker 5: [0, 1, 41, 61, 81, 4, 24, 6, 26, 43, 64, 35, 65, 46, 28, 85, 63, 25, 84, 44, 83, 36, 45, 27, 7, 21, 0]
Rota do Picker 6: [0, 93, 54, 74, 45, 36, 35, 17, 24, 65, 92, 73, 31, 64, 41, 81, 15, 61, 21, 1, 4, 0]
Rota do Picker 7: [0, 74, 64, 21, 61, 81, 4, 24, 54, 1, 6, 83, 15, 92, 85, 26, 41, 52, 84, 7, 0]
Rota do Picker 8: [0, 21, 61, 81, 24, 44, 84, 36, 63, 54, 8, 6, 65, 25, 85, 5, 27, 83, 45, 7, 41, 4, 64, 1, 0]
Rota do Picker 9: [0, 65, 85, 62, 83, 46, 41, 6, 25, 24, 4, 81, 61, 21, 1, 17, 8, 28, 35, 63, 7, 53, 0]
Rota do Picker 10: [0, 1, 21, 61, 4, 24, 6, 36, 17, 28, 46, 44, 41, 64, 45, 83, 26, 63, 54, 47, 84, 81, 85, 0]
Rota do Picker 11: [0, 64, 81, 44, 8, 6, 83, 63, 26, 43, 41, 21, 45, 54, 61, 4, 24, 84, 74, 1, 25, 27, 15, 92, 0]
Rota do Picker 12: [0, 1, 24, 35, 21, 61, 81, 4, 15, 17, 41, 54, 0]
Rota do Picker 13: [0, 74, 83, 81, 41, 6, 17, 15, 24, 4, 61, 21, 1, 7, 44, 0]

Caso de teste: SLAPRP_Guo_small_O200_alpha0.4_v3.txt

Distancia Total: 2142.0
Quantidade de Pickers: 13
