Rota do Picker 1: [0, 1, 0]
Rota do Picker 2: [0, 1, 0]
Rota do Picker 3: [0, 1, 21, 41, 61, 4, 24, 43, 23, 83, 63, 25, 65, 46, 7, 0]
Rota do Picker 4: [0, 21, 41, 61, 81, 23, 43, 63, 6, 5, 45, 25, 26, 7, 64, 24, 4, 1, 82, 0]
Rota do Picker 5: [0, 1, 21, 41, 61, 23, 5, 6, 46, 45, 7, 24, 83, 63, 43, 26, 25, 4, 0]
Rota do Picker 6: [0, 63, 43, 61, 41, 81, 4, 24, 7, 65, 82, 62, 44, 64, 27, 26, 45, 25, 5, 23, 21, 1, 0]
Rota do Picker 7: [0, 63, 82, 62, 65, 25, 21, 23, 43, 5, 46, 27, 8, 26, 6, 45, 24, 4, 81, 61, 41, 1, 0]
Rota do Picker 8: [0, 1, 21, 4, 23, 43, 7, 44, 24, 83, 63, 27, 6, 26, 61, 41, 0]
Rota do Picker 9: [0, 1, 41, 61, 23, 5, 65, 4, 24, 64, 8, 62, 42, 22, 25, 45, 83, 43, 6, 27, 44, 21, 0]
Rota do Picker 10: [0, 21, 41, 81, 61, 45, 25, 2, 5, 26, 46, 6, 7, 43, 23, 64, 24, 4, 1, 0]
Rota do Picker 11: [0, 21, 41, 61, 4, 24, 26, 27, 7, 45, 43, 1, 23, 83, 5, 6, 8, 44, 82, 0]
Rota do Picker 12: [0, 1, 21, 41, 61, 4, 64, 44, 5, 25, 8, 83, 63, 43, 23, 6, 82, 0]
Rota do Picker 13: [0, 1, 61, 41, 21, 43, 64, 5, 25, 6, 24, 42, 44, 82, 63, 23, 4, 0]
Rota do Picker 14: [0, 1, 21, 41, 13, 73, 35, 16, 52, 12, 5, 65, 8, 23, 61, 32, 18, 92, 93, 34, 55, 15, 11, 0]

Caso de teste: SLAPRP_Guo_small_O200_alpha0.3_v4.txt

Distancia Total: 1026.0
Quantidade de Pickers: 14
