Rota do Picker 1: [0, 26, 46, 8, 9, 89, 45, 65, 17, 37, 40, 20, 47, 27, 87, 67, 68, 48, 7, 83, 3, 2, 0]
Rota do Picker 2: [0, 1, 64, 8, 48, 9, 89, 47, 67, 87, 30, 10, 45, 20, 40, 17, 2, 46, 26, 27, 7, 83, 3, 21, 0]
Rota do Picker 3: [0, 1, 7, 8, 48, 9, 46, 67, 51, 93, 37, 20, 98, 32, 36, 96, 74, 38, 39, 12, 10, 2, 13, 17, 57, 18, 59, 40, 55, 11, 0]
Rota do Picker 4: [0, 1, 49, 9, 10, 48, 8, 27, 47, 84, 45, 46, 26, 87, 67, 7, 21, 41, 11, 31, 93, 75, 38, 20, 96, 0]
Rota do Picker 5: [0, 1, 20, 18, 11, 57, 47, 7, 27, 87, 10, 30, 69, 26, 46, 8, 48, 9, 67, 45, 83, 0]
Rota do Picker 6: [0, 2, 7, 8, 48, 10, 30, 49, 9, 26, 1, 21, 46, 69, 76, 57, 32, 13, 87, 67, 47, 27, 45, 65, 84, 0]
Rota do Picker 7: [0, 31, 13, 93, 55, 18, 57, 77, 12, 39, 40, 94, 74, 51, 11, 32, 98, 59, 20, 30, 46, 87, 7, 21, 1, 0]
Rota do Picker 8: [0, 18, 20, 1, 9, 69, 45, 65, 17, 37, 2, 46, 26, 48, 10, 8, 47, 83, 3, 87, 67, 27, 7, 41, 21, 0]
Rota do Picker 9: [0, 18, 40, 89, 9, 87, 65, 45, 46, 26, 67, 47, 27, 7, 30, 10, 48, 8, 21, 0]
Rota do Picker 10: [0, 26, 46, 10, 87, 27, 7, 8, 9, 49, 69, 67, 47, 45, 65, 21, 0]
Rota do Picker 11: [0, 83, 3, 7, 27, 87, 26, 46, 65, 1, 21, 45, 30, 69, 9, 48, 8, 47, 67, 84, 2, 40, 57, 0]
Rota do Picker 12: [0, 32, 30, 21, 41, 2, 7, 8, 49, 46, 27, 47, 87, 45, 12, 36, 59, 13, 40, 20, 18, 55, 31, 10, 65, 84, 0]

Caso de teste: SLAPRP_Guo_small_O200_alpha0.2_v2.txt

Distancia Total: 1764.0
Quantidade de Pickers: 12
