Rota do Picker 1: [0, 27, 84, 61, 7, 24, 4, 21, 1, 29, 26, 66, 45, 67, 12, 85, 68, 46, 6, 81, 14, 25, 9, 48, 47, 34, 41, 44, 64, 5, 8, 28, 0]
Rota do Picker 2: [0, 21, 41, 61, 4, 64, 8, 12, 71, 5, 28, 48, 52, 85, 25, 68, 44, 24, 81, 27, 1, 26, 51, 10, 7, 0]
Rota do Picker 3: [0, 1, 4, 44, 26, 46, 28, 10, 87, 67, 63, 43, 3, 27, 7, 24, 64, 66, 29, 9, 81, 41, 8, 85, 65, 45, 25, 5, 61, 47, 21, 48, 0]
Rota do Picker 4: [0, 45, 86, 26, 84, 1, 24, 44, 27, 81, 64, 47, 68, 13, 21, 61, 12, 14, 5, 25, 28, 48, 41, 51, 82, 9, 4, 8, 72, 0]
Rota do Picker 5: [0, 21, 12, 82, 45, 87, 1, 44, 7, 47, 27, 9, 85, 84, 5, 25, 65, 67, 64, 51, 71, 10, 30, 26, 24, 4, 81, 61, 41, 86, 0]
Rota do Picker 6: [0, 48, 27, 47, 86, 51, 45, 85, 24, 5, 25, 65, 9, 26, 66, 10, 44, 41, 87, 67, 8, 64, 4, 61, 21, 1, 52, 0]
Rota do Picker 7: [0, 14, 45, 5, 15, 12, 61, 71, 53, 25, 21, 81, 72, 32, 34, 82, 91, 51, 41, 1, 0]
Rota do Picker 8: [0, 64, 24, 4, 81, 45, 25, 5, 34, 12, 21, 1, 72, 8, 15, 84, 48, 61, 53, 52, 28, 32, 14, 26, 7, 41, 71, 13, 82, 27, 47, 0]
Rota do Picker 9: [0, 86, 32, 14, 10, 29, 51, 28, 81, 72, 52, 68, 7, 85, 84, 21, 27, 30, 44, 64, 8, 15, 23, 24, 4, 61, 1, 26, 9, 45, 25, 5, 71, 53, 12, 41, 0]
Rota do Picker 10: [0, 12, 51, 71, 25, 45, 14, 1, 21, 81, 41, 61, 32, 5, 13, 48, 4, 26, 15, 29, 64, 53, 33, 47, 34, 52, 0]
Rota do Picker 11: [0, 1, 41, 4, 24, 84, 9, 14, 52, 21, 61, 44, 26, 12, 5, 10, 87, 47, 32, 81, 25, 48, 71, 51, 67, 86, 72, 27, 63, 3, 85, 64, 0]
Rota do Picker 12: [0, 91, 62, 44, 4, 24, 86, 52, 21, 22, 41, 30, 29, 82, 33, 13, 67, 71, 64, 84, 15, 53, 51, 45, 25, 14, 81, 61, 1, 12, 5, 27, 7, 0]
Rota do Picker 13: [0, 13, 61, 41, 51, 21, 1, 12, 52, 14, 5, 25, 91, 72, 81, 4, 15, 34, 53, 32, 33, 71, 82, 0]

Caso de teste: SLAPRP_Guo_small_O200_alpha0.2_v3.txt

Distancia Total: 2854.0
Quantidade de Pickers: 13
