Rota do Picker 1: [0, 26, 46, 8, 27, 87, 45, 40, 20, 37, 50, 70, 30, 9, 89, 29, 10, 7, 36, 0]
Rota do Picker 2: [0, 7, 9, 10, 50, 70, 46, 26, 27, 87, 8, 29, 45, 37, 40, 60, 2, 1, 0]
Rota do Picker 3: [0, 1, 45, 8, 10, 50, 27, 70, 29, 68, 96, 36, 17, 7, 87, 67, 89, 9, 46, 26, 40, 20, 0]
Rota do Picker 4: [0, 7, 27, 87, 10, 45, 1, 46, 26, 9, 50, 70, 65, 96, 20, 67, 47, 30, 8, 21, 0]
Rota do Picker 5: [0, 45, 67, 87, 27, 50, 30, 10, 9, 8, 68, 26, 46, 40, 60, 20, 37, 17, 47, 7, 2, 0]
Rota do Picker 6: [0, 21, 7, 10, 17, 37, 60, 20, 68, 8, 46, 26, 1, 70, 45, 47, 30, 9, 87, 27, 2, 0]
Rota do Picker 7: [0, 21, 68, 29, 9, 30, 70, 7, 87, 67, 27, 50, 10, 8, 26, 46, 45, 2, 37, 0]
Rota do Picker 8: [0, 1, 21, 26, 8, 10, 50, 7, 27, 67, 87, 9, 46, 45, 40, 20, 17, 96, 2, 0]
Rota do Picker 9: [0, 11, 75, 95, 74, 12, 93, 18, 19, 20, 50, 30, 70, 94, 98, 77, 1, 87, 47, 65, 45, 46, 10, 2, 36, 40, 60, 17, 68, 67, 27, 7, 21, 26, 0]
Rota do Picker 10: [0, 26, 46, 27, 10, 45, 65, 70, 30, 9, 7, 67, 68, 8, 89, 20, 40, 60, 37, 2, 21, 0]
Rota do Picker 11: [0, 30, 7, 27, 87, 70, 45, 2, 74, 94, 10, 68, 8, 29, 67, 80, 60, 76, 12, 9, 47, 1, 31, 75, 93, 95, 98, 59, 40, 20, 18, 36, 11, 0]
Rota do Picker 12: [0, 21, 7, 27, 9, 10, 8, 67, 87, 46, 26, 36, 37, 17, 45, 50, 29, 1, 11, 20, 99, 18, 31, 75, 98, 12, 0]

Caso de teste: SLAPRP_Guo_small_O200_alpha0.3_v7.txt

Distancia Total: 1872.0
Quantidade de Pickers: 12
