Rota do Picker 1: [0, 21, 3, 23, 83, 22, 10, 26, 46, 27, 76, 14, 94, 18, 19, 20, 78, 75, 61, 42, 4, 30, 9, 45, 1, 0]
Rota do Picker 2: [0, 30, 9, 27, 23, 3, 83, 57, 17, 33, 19, 20, 40, 45, 26, 42, 22, 21, 1, 0]
Rota do Picker 3: [0, 22, 43, 26, 46, 10, 30, 9, 27, 21, 41, 12, 32, 55, 38, 97, 37, 17, 19, 18, 33, 11, 23, 3, 45, 42, 0]
Rota do Picker 4: [0, 61, 13, 33, 36, 18, 17, 76, 37, 31, 11, 41, 23, 43, 83, 3, 27, 45, 26, 46, 42, 22, 21, 1, 0]
Rota do Picker 5: [0, 21, 23, 46, 8, 10, 30, 84, 45, 22, 43, 83, 27, 1, 41, 26, 3, 19, 57, 18, 75, 55, 33, 11, 31, 32, 52, 37, 78, 36, 94, 12, 0]
Rota do Picker 6: [0, 22, 42, 4, 84, 57, 36, 41, 61, 1, 45, 27, 9, 10, 30, 8, 20, 40, 19, 46, 66, 26, 83, 23, 3, 21, 0]
Rota do Picker 7: [0, 76, 8, 66, 26, 83, 23, 3, 21, 1, 22, 42, 45, 27, 30, 14, 17, 57, 40, 20, 43, 41, 13, 55, 32, 11, 0]
Rota do Picker 8: [0, 21, 22, 27, 9, 8, 13, 96, 40, 20, 12, 71, 18, 57, 37, 14, 36, 26, 46, 66, 43, 61, 42, 83, 23, 3, 1, 0]
Rota do Picker 9: [0, 1, 41, 22, 42, 45, 9, 84, 10, 46, 26, 83, 23, 3, 27, 30, 4, 61, 21, 13, 33, 0]
Rota do Picker 10: [0, 22, 21, 3, 23, 83, 26, 46, 27, 30, 10, 61, 1, 20, 18, 55, 13, 57, 17, 36, 76, 0]
Rota do Picker 11: [0, 22, 45, 61, 21, 41, 26, 46, 66, 27, 4, 13, 33, 11, 83, 23, 3, 1, 0]
Rota do Picker 12: [0, 17, 19, 75, 40, 20, 18, 36, 14, 66, 26, 83, 23, 3, 41, 21, 1, 8, 9, 89, 12, 22, 61, 0]

Caso de teste: SLAPRP_Guo_small_O200_alpha0.3_v9.txt

Distancia Total: 1688.0
Quantidade de Pickers: 12
