Rota do Picker 1: [0, 7, 65, 61, 45, 1, 64, 84, 2, 25, 47, 27, 3, 21, 41, 4, 23, 43, 5, 63, 83, 0]
Rota do Picker 2: [0, 25, 46, 15, 73, 82, 62, 64, 36, 6, 65, 45, 61, 4, 24, 5, 81, 63, 83, 43, 23, 41, 21, 1, 51, 0]
Rota do Picker 3: [0, 74, 82, 62, 22, 81, 4, 73, 43, 23, 25, 16, 24, 17, 6, 5, 8, 72, 52, 61, 41, 21, 1, 45, 0]
Rota do Picker 4: [0, 62, 82, 35, 55, 14, 54, 71, 72, 53, 15, 41, 51, 6, 46, 17, 74, 93, 73, 33, 81, 61, 21, 1, 91, 0]
Rota do Picker 5: [0, 1, 11, 0]

Caso de teste: SLAPRP_Guo_small_O50_alpha0.2_v3.txt

Distancia Total: 640.0
Quantidade de Pickers: 5
