Rota do Picker 1: [0, 1, 41, 83, 21, 22, 42, 82, 62, 81, 63, 61, 64, 26, 5, 43, 23, 44, 45, 7, 24, 4, 0]
Rota do Picker 2: [0, 61, 46, 3, 43, 25, 26, 8, 7, 42, 22, 21, 83, 62, 4, 44, 23, 27, 64, 24, 6, 45, 5, 41, 1, 63, 0]
Rota do Picker 3: [0, 24, 44, 45, 8, 5, 43, 23, 41, 21, 1, 64, 6, 46, 63, 42, 22, 4, 62, 26, 3, 61, 7, 82, 81, 0]
Rota do Picker 4: [0, 21, 41, 61, 15, 81, 1, 52, 92, 91, 55, 82, 75, 35, 23, 3, 93, 17, 16, 36, 74, 42, 62, 56, 53, 0]
Rota do Picker 5: [0, 15, 27, 1, 4, 44, 23, 46, 62, 82, 26, 45, 83, 6, 24, 43, 25, 5, 41, 21, 8, 3, 64, 7, 63, 0]
Rota do Picker 6: [0, 34, 35, 81, 61, 73, 15, 91, 92, 36, 75, 55, 93, 37, 53, 33, 16, 17, 32, 18, 21, 41, 14, 56, 72, 1, 74, 0]
Rota do Picker 7: [0, 15, 62, 42, 22, 16, 83, 23, 41, 21, 81, 27, 61, 1, 72, 92, 52, 43, 0]
Rota do Picker 8: [0, 3, 23, 63, 6, 16, 64, 4, 44, 21, 83, 61, 82, 65, 81, 43, 22, 24, 5, 62, 42, 41, 1, 45, 15, 0]
Rota do Picker 9: [0, 21, 22, 42, 4, 24, 6, 82, 43, 45, 62, 26, 64, 46, 27, 61, 41, 81, 7, 63, 3, 83, 44, 5, 23, 1, 0]
Rota do Picker 10: [0, 1, 22, 42, 62, 21, 24, 45, 81, 82, 64, 61, 3, 8, 25, 7, 6, 83, 56, 27, 26, 44, 4, 46, 5, 43, 23, 41, 0]
Rota do Picker 11: [0, 23, 81, 43, 61, 4, 63, 15, 71, 51, 41, 21, 1, 22, 62, 55, 42, 0]
Rota do Picker 12: [0, 1, 21, 4, 24, 22, 62, 16, 41, 43, 63, 5, 23, 26, 27, 55, 44, 6, 82, 25, 42, 64, 0]

Caso de teste: SLAPRP_Guo_small_O200_alpha0.2_v6.txt

Distancia Total: 1918.0
Quantidade de Pickers: 12
