Rota do Picker 1: [0, 1, 2, 23, 83, 25, 45, 5, 6, 26, 8, 63, 4, 65, 27, 46, 82, 62, 42, 43, 61, 41, 21, 0]
Rota do Picker 2: [0, 82, 22, 4, 24, 27, 25, 3, 43, 63, 61, 81, 18, 75, 35, 6, 8, 26, 5, 62, 42, 23, 41, 21, 1, 0]
Rota do Picker 3: [0, 1, 21, 41, 61, 14, 34, 17, 37, 15, 72, 52, 43, 23, 22, 42, 62, 82, 3, 6, 26, 24, 44, 64, 4, 5, 7, 27, 11, 0]
Rota do Picker 4: [0, 13, 4, 83, 63, 7, 45, 25, 6, 44, 24, 41, 81, 61, 62, 22, 42, 82, 26, 46, 5, 43, 23, 21, 1, 0]
Rota do Picker 5: [0, 1, 41, 42, 6, 7, 23, 43, 5, 45, 24, 44, 64, 63, 55, 56, 14, 91, 35, 15, 81, 61, 21, 0]
Rota do Picker 6: [0, 93, 33, 14, 18, 26, 64, 4, 24, 63, 23, 22, 61, 41, 21, 1, 5, 45, 6, 3, 82, 0]

Caso de teste: SLAPRP_Guo_small_O100_alpha0.4_v7.txt

Distancia Total: 666.0
Quantidade de Pickers: 6
