Rota do Picker 1: [0, 1, 41, 61, 5, 45, 23, 27, 46, 8, 3, 63, 43, 21, 4, 25, 7, 26, 64, 82, 22, 42, 0]
Rota do Picker 2: [0, 1, 21, 41, 61, 45, 5, 83, 46, 6, 3, 23, 22, 42, 62, 43, 65, 25, 27, 34, 54, 13, 16, 14, 0]
Rota do Picker 3: [0, 3, 23, 6, 5, 7, 73, 74, 54, 34, 41, 1, 4, 45, 65, 21, 22, 42, 62, 35, 0]
Rota do Picker 4: [0, 73, 75, 92, 72, 34, 74, 32, 23, 83, 7, 64, 24, 4, 63, 43, 41, 61, 81, 3, 44, 26, 46, 25, 5, 42, 22, 21, 1, 0]
Rota do Picker 5: [0, 6, 63, 83, 4, 25, 24, 44, 2, 62, 3, 43, 23, 5, 22, 42, 82, 27, 65, 45, 41, 21, 1, 0]
Rota do Picker 6: [0, 1, 21, 41, 22, 42, 62, 82, 5, 6, 8, 45, 44, 24, 64, 27, 26, 25, 23, 3, 83, 43, 0]
Rota do Picker 7: [0, 35, 93, 73, 5, 42, 22, 1, 21, 41, 61, 3, 23, 43, 25, 27, 44, 24, 6, 26, 64, 4, 18, 55, 14, 56, 34, 54, 37, 72, 0]
Rota do Picker 8: [0, 1, 63, 23, 83, 71, 91, 55, 74, 17, 72, 52, 32, 41, 3, 43, 36, 35, 82, 22, 5, 6, 7, 24, 64, 62, 42, 21, 0]
Rota do Picker 9: [0, 1, 21, 4, 24, 63, 23, 5, 26, 62, 42, 22, 53, 45, 25, 81, 61, 41, 3, 83, 43, 6, 16, 56, 36, 14, 34, 15, 73, 13, 0]
Rota do Picker 10: [0, 21, 81, 1, 5, 42, 4, 24, 41, 22, 82, 62, 3, 64, 72, 92, 32, 12, 43, 23, 61, 51, 91, 71, 0]
Rota do Picker 11: [0, 1, 41, 61, 46, 4, 43, 23, 3, 25, 26, 7, 65, 45, 5, 6, 42, 22, 21, 0]
Rota do Picker 12: [0, 1, 21, 12, 32, 13, 35, 15, 17, 18, 54, 34, 44, 24, 62, 82, 45, 7, 26, 6, 27, 41, 81, 65, 72, 92, 93, 53, 5, 8, 3, 43, 23, 4, 42, 11, 0]

Caso de teste: SLAPRP_Guo_small_O200_alpha0.4_v7.txt

Distancia Total: 1480.0
Quantidade de Pickers: 12
