SKUs: 40
Pedidos: 202

Primeiro pedido:
Order(1, [7, 11])

Ultimo pedido:
Order(202, [1, 3, 4, 5, 8, 9])

Location(1, 1, -1, 20)
Location(2, 1, -2, 20)
Location(3, 1, -3, 20)
Location(4, 1, -4, 20)
Location(5, 1, -5, 20)
Location(6, 1, -6, 20)
Location(7, 1, -7, 20)
Location(8, 1, -8, 20)
Location(9, 1, -9, 20)
Location(10, 1, -10, 40)
Location(11, 1, 1, 20)
Location(12, 1, 2, 20)
Location(13, 1, 3, 20)
Location(14, 1, 4, 20)
Location(15, 1, 5, 20)
Location(16, 1, 6, 20)
Location(17, 1, 7, 20)
Location(18, 1, 8, 20)
Location(19, 1, 9, 20)
Location(20, 1, 10, 40)
Location(21, 2, -1, 20)
Location(22, 2, -2, 20)
Location(23, 2, -3, 20)
Location(24, 2, -4, 20)
Location(25, 2, -5, 20)
Location(26, 2, -6, 20)
Location(27, 2, -7, 20)
Location(28, 2, -8, 20)
Location(29, 2, -9, 20)
Location(30, 2, -10, 40)
Location(31, 2, 1, 20)
Location(32, 2, 2, 20)
Location(33, 2, 3, 20)
Location(34, 2, 4, 20)
Location(35, 2, 5, 20)
Location(36, 2, 6, 20)
Location(37, 2, 7, 20)
Location(38, 2, 8, 20)
Location(39, 2, 9, 20)
Location(40, 2, 10, 40)
Location(41, 3, -1, 20)
Location(42, 3, -2, 20)
Location(43, 3, -3, 20)
Location(44, 3, -4, 20)
Location(45, 3, -5, 20)
Location(46, 3, -6, 20)
Location(47, 3, -7, 20)
Location(48, 3, -8, 20)
Location(49, 3, -9, 20)
Location(50, 3, -10, 40)
Location(51, 3, 1, 20)
Location(52, 3, 2, 20)
Location(53, 3, 3, 20)
Location(54, 3, 4, 20)
Location(55, 3, 5, 20)
Location(56, 3, 6, 20)
Location(57, 3, 7, 20)
Location(58, 3, 8, 20)
Location(59, 3, 9, 20)
Location(60, 3, 10, 40)
Location(61, 4, -1, 20)
Location(62, 4, -2, 20)
Location(63, 4, -3, 20)
Location(64, 4, -4, 20)
Location(65, 4, -5, 20)
Location(66, 4, -6, 20)
Location(67, 4, -7, 20)
Location(68, 4, -8, 20)
Location(69, 4, -9, 20)
Location(70, 4, -10, 40)
Location(71, 4, 1, 20)
Location(72, 4, 2, 20)
Location(73, 4, 3, 20)
Location(74, 4, 4, 20)
Location(75, 4, 5, 20)
Location(76, 4, 6, 20)
Location(77, 4, 7, 20)
Location(78, 4, 8, 20)
Location(79, 4, 9, 20)
Location(80, 4, 10, 40)
Location(81, 5, -1, 20)
Location(82, 5, -2, 20)
Location(83, 5, -3, 20)
Location(84, 5, -4, 20)
Location(85, 5, -5, 20)
Location(86, 5, -6, 20)
Location(87, 5, -7, 20)
Location(88, 5, -8, 20)
Location(89, 5, -9, 20)
Location(90, 5, -10, 40)
Location(91, 5, 1, 20)
Location(92, 5, 2, 20)
Location(93, 5, 3, 20)
Location(94, 5, 4, 20)
Location(95, 5, 5, 20)
Location(96, 5, 6, 20)
Location(97, 5, 7, 20)
Location(98, 5, 8, 20)
Location(99, 5, 9, 20)
Location(100, 5, 10, 40)

Frequencias: [98, 85, 82, 82, 76, 86, 89, 84, 15, 7, 6, 6, 14, 8, 15, 9, 9, 6, 8, 14, 10, 4, 10, 11, 7, 11, 11, 5, 10, 10, 8, 7, 10, 4, 6, 10, 5, 4, 0, 0]

Matriz de coocorrencia: 
40×40 Matrix{Int64}:
  0  51  47  48  44  47  44  47  6  4  3  3  6  5  11  3  4  4  4   2  4  2  6  8  3  6  4  2  5  4  3  2  7  3  4  4  2  1  0  0
 51   0  35  41  38  35  38  43  6  2  2  2  5  3   5  4  3  3  4   6  2  3  4  6  3  5  3  2  4  6  3  2  5  2  4  4  3  1  0  0
 47  35   0  40  33  37  39  43  5  1  4  1  5  2   6  5  3  3  0   7  7  1  6  4  2  6  3  4  5  3  2  2  3  1  1  1  1  1  0  0
 48  41  40   0  38  40  39  40  5  2  3  2  6  4   8  6  5  5  4   9  4  1  3  5  3  5  4  3  7  4  4  4  3  1  4  4  2  2  0  0
 44  38  33  38   0  39  38  42  4  5  2  2  7  5   9  3  3  1  2   7  3  0  4  3  3  6  3  2  4  5  0  1  6  4  4  6  2  3  0  0
 47  35  37  40  39   0  42  42  4  1  2  2  7  4   6  3  6  3  4   5  3  1  4  6  3  1  6  2  4  4  3  2  1  3  3  5  2  1  0  0
 44  38  39  39  38  42   0  40  6  3  3  2  5  4   4  2  4  5  4   8  4  0  3  8  6  5  7  1  4  6  4  2  4  2  2  6  3  2  0  0
 47  43  43  40  42  42  40   0  6  2  3  4  6  3   6  4  4  3  3  11  3  1  5  5  4  6  6  2  3  9  3  3  5  2  5  1  2  2  0  0
  6   6   5   5   4   4   6   6  0  0  0  2  0  0   0  1  1  1  0   0  1  0  0  0  0  1  1  0  0  1  0  1  0  0  0  1  0  0  0  0
  4   2   1   2   5   1   3   2  0  0  0  0  2  1   2  1  0  0  0   0  1  0  0  0  0  0  0  0  1  0  0  1  2  0  1  0  0  0  0  0
  3   2   4   3   2   2   3   3  0  0  0  0  1  0   0  0  0  0  0   0  0  0  0  0  0  0  0  0  1  0  1  0  0  0  0  0  0  0  0  0
  3   2   1   2   2   2   2   4  2  0  0  0  1  1   0  0  2  1  0   0  0  0  0  1  0  0  1  0  0  2  1  0  0  0  0  0  0  0  0  0
  6   5   5   6   7   7   5   6  0  2  1  1  0  1   2  0  0  0  1   1  3  1  2  0  0  0  1  0  2  1  0  0  3  1  0  1  0  0  0  0
  5   3   2   4   5   4   4   3  0  1  0  1  1  0   0  1  1  0  0   0  0  0  1  1  0  0  0  0  0  1  0  0  0  0  0  1  0  0  0  0
 11   5   6   8   9   6   4   6  0  2  0  0  2  0   0  2  1  0  0   1  1  0  2  0  0  3  0  1  2  0  0  0  2  0  0  0  0  0  0  0
  3   4   5   6   3   3   2   4  1  1  0  0  0  1   2  0  1  0  0   1  0  0  1  0  0  0  0  1  0  1  1  1  1  0  0  0  0  0  0  0
  4   3   3   5   3   6   4   4  1  0  0  2  0  1   1  1  0  0  0   1  0  0  0  2  0  0  1  0  0  0  1  0  0  0  0  0  0  0  0  0
  4   3   3   5   1   3   5   3  1  0  0  1  0  0   0  0  0  0  0   1  0  0  0  0  0  0  1  0  0  0  0  0  0  0  0  0  1  0  0  0
  4   4   0   4   2   4   4   3  0  0  0  0  1  0   0  0  0  0  0   2  1  2  1  0  0  0  0  0  2  1  2  0  1  1  0  2  0  0  0  0
  2   6   7   9   7   5   8  11  0  0  0  0  1  0   1  1  1  1  2   0  0  1  0  0  1  2  1  1  1  1  1  0  0  0  0  0  0  0  0  0
  4   2   7   4   3   3   4   3  1  1  0  0  3  0   1  0  0  0  1   0  0  0  1  0  0  1  0  1  2  0  0  0  1  1  0  1  0  0  0  0
  2   3   1   1   0   1   0   1  0  0  0  0  1  0   0  0  0  0  2   1  0  0  0  0  0  0  0  1  1  0  1  0  1  0  0  1  0  0  0  0
  6   4   6   3   4   4   3   5  0  0  0  0  2  1   2  1  0  0  1   0  1  0  0  0  0  2  1  1  1  0  0  0  1  1  0  0  0  0  0  0
  8   6   4   5   3   6   8   5  0  0  0  1  0  1   0  0  2  0  0   0  0  0  0  0  0  0  2  0  0  1  2  0  0  0  1  0  1  0  0  0
  3   3   2   3   3   3   6   4  0  0  0  0  0  0   0  0  0  0  0   1  0  0  0  0  0  1  1  0  0  0  0  0  0  0  1  1  0  0  0  0
  6   5   6   5   6   1   5   6  1  0  0  0  0  0   3  0  0  0  0   2  1  0  2  0  1  0  0  1  1  0  0  0  2  0  0  0  0  0  0  0
  4   3   3   4   3   6   7   6  1  0  0  1  1  0   0  0  1  1  0   1  0  0  1  2  1  0  0  0  0  0  2  0  0  1  1  2  0  0  0  0
  2   2   4   3   2   2   1   2  0  0  0  0  0  0   1  1  0  0  0   1  1  1  1  0  0  1  0  0  0  0  1  0  0  0  0  0  0  0  0  0
  5   4   5   7   4   4   4   3  0  1  1  0  2  0   2  0  0  0  2   1  2  1  1  0  0  1  0  0  0  0  0  0  1  0  0  0  0  0  0  0
  4   6   3   4   5   4   6   9  1  0  0  2  1  1   0  1  0  0  1   1  0  0  0  1  0  0  0  0  0  0  1  1  0  0  0  0  0  0  0  0
  3   3   2   4   0   3   4   3  0  0  1  1  0  0   0  1  1  0  2   1  0  1  0  2  0  0  2  1  0  1  0  0  1  0  1  1  0  0  0  0
  2   2   2   4   1   2   2   3  1  1  0  0  0  0   0  1  0  0  0   0  0  0  0  0  0  0  0  0  0  1  0  0  0  0  1  0  0  1  0  0
  7   5   3   3   6   1   4   5  0  2  0  0  3  0   2  1  0  0  1   0  1  1  1  0  0  2  0  0  1  0  1  0  0  1  0  2  0  0  0  0
  3   2   1   1   4   3   2   2  0  0  0  0  1  0   0  0  0  0  1   0  1  0  1  0  0  0  1  0  0  0  0  0  1  0  0  1  0  0  0  0
  4   4   1   4   4   3   2   5  0  1  0  0  0  0   0  0  0  0  0   0  0  0  0  1  1  0  1  0  0  0  1  1  0  0  0  0  1  1  0  0
  4   4   1   4   6   5   6   1  1  0  0  0  1  1   0  0  0  0  2   0  1  1  0  0  1  0  2  0  0  0  1  0  2  1  0  0  0  0  0  0
  2   3   1   2   2   2   3   2  0  0  0  0  0  0   0  0  0  1  0   0  0  0  0  1  0  0  0  0  0  0  0  0  0  0  1  0  0  2  0  0
  1   1   1   2   3   1   2   2  0  0  0  0  0  0   0  0  0  0  0   0  0  0  0  0  0  0  0  0  0  0  0  1  0  0  1  0  2  0  0  0
  0   0   0   0   0   0   0   0  0  0  0  0  0  0   0  0  0  0  0   0  0  0  0  0  0  0  0  0  0  0  0  0  0  0  0  0  0  0  0  0
  0   0   0   0   0   0   0   0  0  0  0  0  0  0   0  0  0  0  0   0  0  0  0  0  0  0  0  0  0  0  0  0  0  0  0  0  0  0  0  0
SKU(98, 215.0, 0.07)
SKU(85, 198.0, 0.08)
SKU(82, 119.0, 0.21)
SKU(82, 157.0, 0.1)
SKU(76, 136.0, 0.13)
SKU(86, 186.0, 0.08)
SKU(89, 204.0, 0.07)
SKU(84, 157.0, 0.11)
SKU(15, 61.0, 0.09)
SKU(7, 25.0, 0.21)
SKU(6, 33.0, 0.11)
SKU(6, 38.0, 0.12)
SKU(14, 34.0, 0.19)
SKU(8, 54.0, 0.07)
SKU(15, 99.0, 0.05)
SKU(9, 42.0, 0.09)
SKU(9, 45.0, 0.08)
SKU(6, 31.0, 0.12)
SKU(8, 21.0, 0.26)
SKU(14, 39.0, 0.17)
SKU(10, 60.0, 0.07)
SKU(4, 27.0, 0.16)
SKU(10, 49.0, 0.1)
SKU(11, 87.0, 0.05)
SKU(7, 29.0, 0.11)
SKU(11, 57.0, 0.09)
SKU(11, 40.0, 0.13)
SKU(5, 24.0, 0.16)
SKU(10, 64.0, 0.06)
SKU(10, 89.0, 0.04)
SKU(8, 30.0, 0.15)
SKU(7, 59.0, 0.06)
SKU(10, 62.0, 0.07)
SKU(4, 43.0, 0.05)
SKU(6, 27.0, 0.12)
SKU(10, 30.0, 0.16)
SKU(5, 60.0, 0.04)
SKU(4, 18.0, 0.14)
SKU(0, 11.0, 0.08)
SKU(0, 9.0, 0.12)

extremidades das matrizes:
S_hat: (-0.25448617500438336, 0.8022205666617946)
S_hat * P: (-0.22697115812350008, 0.6831539352640711)
W * S_hat: (-0.07796957573081223, 1.2766545672834586)
W * S_hat * P: (-0.021074366494203762, 1.0882226127745178)
correlacao{S_hat, S_hat_hat} = 0.96050222285315

Posicao 1 (Corredor 1, Prateleira -1)
   SKU 1 -> 215
   SKU 2 -> 5
   SKU 7 -> 65

Posicao 2 (Corredor 1, Prateleira -2)
   SKU 5 -> 48
   SKU 8 -> 119
   SKU 24 -> 13

Posicao 3 (Corredor 1, Prateleira -3)
   SKU 9 -> 61
   SKU 20 -> 39
   SKU 26 -> 57

Posicao 11 (Corredor 1, Prateleira 1)
   SKU 2 -> 127
   SKU 7 -> 139
   SKU 8 -> 1

Posicao 12 (Corredor 1, Prateleira 2)
   SKU 5 -> 88
   SKU 15 -> 99
   SKU 30 -> 89

Posicao 13 (Corredor 1, Prateleira 3)
   SKU 16 -> 42
   SKU 32 -> 59
   SKU 36 -> 30

Posicao 21 (Corredor 2, Prateleira -1)
   SKU 2 -> 66
   SKU 6 -> 184

Posicao 22 (Corredor 2, Prateleira -2)
   SKU 3 -> 66
   SKU 24 -> 74
   SKU 37 -> 60

Posicao 23 (Corredor 2, Prateleira -3)
   SKU 12 -> 38
   SKU 31 -> 30
   SKU 34 -> 43

Posicao 31 (Corredor 2, Prateleira 1)
   SKU 4 -> 157
   SKU 6 -> 2
   SKU 8 -> 37

Posicao 32 (Corredor 2, Prateleira 2)
   SKU 3 -> 53
   SKU 29 -> 64
   SKU 33 -> 62

Posicao 33 (Corredor 2, Prateleira 3)
   SKU 11 -> 33
   SKU 25 -> 29
   SKU 28 -> 24

Posicao 41 (Corredor 3, Prateleira -1)
   SKU 13 -> 34
   SKU 21 -> 60
   SKU 23 -> 49

Posicao 42 (Corredor 3, Prateleira -2)
   SKU 18 -> 31
   SKU 19 -> 21
   SKU 35 -> 27

Posicao 51 (Corredor 3, Prateleira 1)
   SKU 14 -> 54
   SKU 17 -> 45
   SKU 27 -> 40

Posicao 52 (Corredor 3, Prateleira 2)
   SKU 10 -> 25
   SKU 22 -> 27
   SKU 38 -> 18

Posicao 100 (Corredor 5, Prateleira 10)
   SKU 39 -> 11
   SKU 40 -> 9

