Rota do Picker 1: [0, 2, 22, 7, 8, 9, 26, 66, 45, 48, 10, 21, 61, 14, 51, 76, 37, 40, 20, 36, 13, 0]
Rota do Picker 2: [0, 22, 7, 27, 9, 30, 48, 66, 26, 45, 65, 67, 87, 42, 37, 76, 20, 55, 14, 2, 4, 3, 10, 8, 21, 1, 0]
Rota do Picker 3: [0, 7, 27, 87, 30, 8, 10, 11, 36, 96, 76, 52, 72, 40, 20, 55, 14, 22, 42, 45, 48, 9, 26, 61, 21, 0]
Rota do Picker 4: [0, 76, 66, 67, 27, 8, 22, 42, 45, 10, 9, 26, 1, 61, 21, 23, 7, 48, 28, 4, 33, 0]
Rota do Picker 5: [0, 11, 51, 3, 26, 4, 9, 45, 22, 66, 48, 23, 17, 40, 20, 36, 37, 71, 7, 30, 65, 87, 67, 27, 28, 8, 2, 61, 41, 21, 0]
Rota do Picker 6: [0, 11, 41, 1, 21, 8, 28, 20, 72, 59, 51, 12, 79, 74, 94, 13, 31, 76, 10, 9, 22, 40, 14, 17, 37, 18, 55, 32, 7, 27, 87, 42, 0]

Caso de teste: SLAPRP_Guo_small_O100_alpha0.2_v7.txt

Distancia Total: 1012.0
Quantidade de Pickers: 6
