Rota do Picker 1: [0, 26, 46, 28, 30, 48, 47, 67, 87, 84, 10, 27, 1, 45, 89, 69, 9, 8, 7, 0]
Rota do Picker 2: [0, 48, 13, 51, 30, 21, 41, 28, 8, 67, 40, 9, 31, 97, 89, 1, 3, 26, 46, 87, 45, 17, 20, 19, 27, 7, 32, 0]
Rota do Picker 3: [0, 7, 27, 9, 45, 3, 64, 28, 8, 46, 26, 65, 47, 48, 89, 10, 87, 67, 69, 30, 84, 21, 0]
Rota do Picker 4: [0, 7, 27, 26, 1, 69, 89, 96, 48, 87, 9, 84, 41, 30, 47, 45, 17, 64, 21, 46, 12, 8, 28, 10, 0]
Rota do Picker 5: [0, 74, 94, 28, 46, 17, 41, 0]
Rota do Picker 6: [0, 7, 26, 46, 9, 89, 20, 40, 17, 69, 8, 45, 84, 11, 21, 22, 96, 10, 48, 28, 27, 47, 30, 51, 64, 1, 41, 67, 0]
Rota do Picker 7: [0, 7, 45, 96, 97, 31, 74, 94, 18, 46, 28, 12, 55, 75, 17, 26, 19, 20, 13, 77, 1, 59, 57, 39, 11, 32, 0]

Caso de teste: SLAPRP_Guo_small_O100_alpha0.2_v1.txt

Distancia Total: 1340.0
Quantidade de Pickers: 7
