Rota do Picker 1: [0, 97, 34, 14, 36, 32, 72, 52, 23, 15, 5, 18, 40, 31, 20, 12, 41, 21, 91, 8, 39, 37, 17, 71, 51, 1, 83, 43, 94, 3, 33, 0]
Rota do Picker 2: [0, 1, 61, 36, 21, 39, 20, 41, 97, 53, 32, 12, 34, 52, 72, 40, 8, 71, 51, 18, 37, 13, 10, 46, 17, 15, 33, 0]
Rota do Picker 3: [0, 62, 22, 40, 27, 21, 5, 23, 83, 20, 8, 12, 1, 97, 91, 53, 43, 7, 17, 33, 24, 41, 42, 81, 51, 4, 9, 10, 34, 36, 45, 46, 26, 32, 0]
Rota do Picker 4: [0, 1, 21, 33, 53, 46, 12, 40, 45, 34, 18, 91, 39, 51, 42, 22, 26, 7, 20, 97, 71, 37, 3, 62, 8, 17, 32, 9, 0]
Rota do Picker 5: [0, 28, 81, 1, 7, 8, 27, 21, 9, 24, 46, 10, 45, 5, 26, 4, 62, 43, 0]
Rota do Picker 6: [0, 1, 7, 17, 43, 10, 22, 21, 9, 45, 41, 27, 24, 46, 26, 2, 42, 3, 8, 4, 23, 89, 0]
Rota do Picker 7: [0, 20, 15, 83, 3, 10, 46, 26, 81, 42, 89, 9, 22, 61, 2, 24, 5, 23, 7, 27, 45, 41, 62, 51, 28, 8, 21, 1, 0]
Rota do Picker 8: [0, 41, 28, 89, 2, 4, 26, 46, 9, 10, 5, 42, 21, 7, 45, 27, 8, 1, 0]
Rota do Picker 9: [0, 15, 71, 40, 46, 26, 42, 36, 27, 5, 61, 33, 53, 2, 14, 7, 45, 51, 31, 34, 62, 22, 3, 21, 17, 8, 41, 1, 81, 0]
Rota do Picker 10: [0, 21, 22, 62, 46, 4, 36, 17, 1, 42, 23, 83, 41, 20, 0]
Rota do Picker 11: [0, 5, 4, 23, 41, 7, 42, 43, 22, 10, 27, 1, 26, 46, 45, 91, 62, 24, 9, 8, 21, 3, 0]
Rota do Picker 12: [0, 1, 2, 7, 27, 46, 17, 10, 4, 34, 14, 97, 41, 45, 26, 3, 61, 83, 22, 9, 20, 5, 8, 43, 23, 24, 62, 42, 21, 40, 0]
Rota do Picker 13: [0, 1, 21, 22, 43, 8, 45, 83, 5, 91, 34, 26, 81, 51, 61, 2, 89, 52, 72, 41, 7, 3, 4, 46, 62, 23, 9, 27, 40, 0]

Caso de teste: SLAPRP_Guo_small_O200_alpha0.2_v9.txt

Distancia Total: 2760.0
Quantidade de Pickers: 13
