Rota do Picker 1: [0, 1, 41, 61, 4, 23, 43, 65, 5, 24, 83, 82, 64, 44, 46, 21, 0]
Rota do Picker 2: [0, 1, 21, 4, 24, 23, 43, 25, 83, 26, 81, 6, 64, 63, 46, 65, 5, 61, 41, 62, 82, 7, 45, 0]
Rota do Picker 3: [0, 1, 21, 41, 4, 24, 43, 27, 26, 63, 8, 83, 45, 81, 82, 61, 5, 25, 23, 46, 65, 7, 0]
Rota do Picker 4: [0, 5, 82, 44, 83, 45, 62, 24, 63, 4, 81, 1, 43, 23, 61, 41, 21, 0]
Rota do Picker 5: [0, 1, 21, 41, 61, 23, 5, 6, 62, 45, 82, 63, 43, 44, 24, 4, 81, 25, 7, 65, 42, 64, 0]
Rota do Picker 6: [0, 1, 41, 13, 73, 18, 32, 61, 35, 16, 52, 12, 21, 92, 93, 34, 55, 15, 11, 0]
Rota do Picker 7: [0, 64, 41, 26, 83, 63, 43, 7, 25, 24, 4, 61, 21, 1, 65, 23, 2, 5, 45, 46, 44, 27, 6, 8, 82, 81, 0]
Rota do Picker 8: [0, 5, 61, 25, 63, 43, 82, 83, 81, 64, 4, 41, 21, 23, 1, 0]
Rota do Picker 9: [0, 83, 63, 61, 1, 82, 41, 21, 81, 0]
Rota do Picker 10: [0, 23, 25, 44, 8, 64, 24, 45, 27, 5, 61, 26, 65, 46, 4, 1, 82, 7, 6, 43, 41, 21, 0]
Rota do Picker 11: [0, 82, 62, 63, 65, 25, 21, 43, 23, 6, 24, 4, 61, 41, 1, 27, 5, 8, 45, 64, 26, 7, 44, 46, 0]
Rota do Picker 12: [0, 21, 81, 23, 5, 64, 26, 27, 44, 41, 61, 4, 24, 6, 45, 82, 65, 7, 1, 8, 62, 42, 22, 43, 25, 0]
Rota do Picker 13: [0, 82, 8, 43, 7, 26, 81, 21, 27, 46, 83, 65, 5, 1, 44, 6, 63, 61, 45, 25, 23, 64, 24, 4, 41, 0]

Caso de teste: SLAPRP_Guo_small_O200_alpha0.3_v4.txt

Distancia Total: 1656.0
Quantidade de Pickers: 13
