Rota do Picker 1: [0, 76, 3, 69, 89, 30, 60, 64, 28, 65, 7, 27, 47, 12, 67, 87, 9, 45, 21, 26, 46, 10, 8, 48, 2, 0]
Rota do Picker 2: [0, 36, 3, 84, 46, 8, 28, 48, 40, 60, 20, 2, 30, 76, 65, 47, 1, 97, 10, 87, 67, 41, 12, 19, 45, 26, 9, 27, 7, 0]
Rota do Picker 3: [0, 2, 83, 97, 76, 39, 57, 60, 37, 59, 40, 19, 21, 30, 20, 18, 55, 74, 94, 1, 12, 0]
Rota do Picker 4: [0, 27, 47, 9, 37, 40, 26, 30, 67, 8, 49, 60, 97, 83, 45, 50, 76, 19, 87, 7, 96, 20, 48, 46, 10, 41, 21, 28, 3, 1, 0]
Rota do Picker 5: [0, 65, 69, 49, 89, 2, 50, 30, 8, 67, 87, 28, 48, 7, 27, 9, 10, 26, 45, 46, 0]
Rota do Picker 6: [0, 28, 48, 12, 1, 8, 10, 30, 46, 45, 31, 26, 67, 65, 87, 50, 27, 69, 9, 7, 21, 89, 0]
Rota do Picker 7: [0, 8, 9, 50, 20, 40, 97, 0]
Rota do Picker 8: [0, 27, 46, 10, 45, 67, 28, 7, 87, 30, 49, 89, 26, 50, 65, 48, 69, 9, 8, 0]
Rota do Picker 9: [0, 40, 48, 46, 21, 20, 26, 27, 37, 57, 87, 60, 76, 28, 9, 97, 47, 19, 65, 8, 45, 7, 55, 74, 0]
Rota do Picker 10: [0, 67, 2, 97, 12, 1, 8, 9, 10, 50, 27, 60, 65, 31, 87, 47, 45, 48, 76, 30, 7, 26, 3, 40, 46, 21, 83, 0]
Rota do Picker 11: [0, 3, 21, 67, 45, 50, 46, 87, 26, 48, 47, 27, 7, 12, 65, 9, 30, 10, 28, 8, 41, 0]
Rota do Picker 12: [0, 21, 27, 67, 9, 57, 64, 84, 26, 46, 87, 50, 12, 48, 28, 10, 41, 1, 47, 2, 45, 7, 30, 8, 65, 0]

Caso de teste: SLAPRP_Guo_small_O200_alpha0.4_v5.txt

Distancia Total: 2452.0
Quantidade de Pickers: 12
