Rota do Picker 1: [0, 64, 84, 69, 89, 50, 26, 65, 30, 47, 1, 67, 8, 10, 4, 27, 28, 23, 46, 66, 9, 45, 0]
Rota do Picker 2: [0, 11, 60, 98, 10, 20, 51, 31, 14, 52, 32, 19, 21, 12, 55, 75, 37, 39, 1, 17, 18, 74, 94, 13, 40, 0]
Rota do Picker 3: [0, 26, 45, 20, 74, 4, 2, 1, 50, 17, 31, 51, 8, 3, 9, 10, 93, 33, 12, 66, 46, 27, 41, 64, 84, 30, 65, 28, 0]
Rota do Picker 4: [0, 9, 30, 37, 18, 50, 75, 55, 12, 83, 23, 31, 74, 94, 36, 10, 42, 21, 1, 17, 33, 13, 39, 20, 65, 45, 3, 60, 28, 8, 51, 0]
Rota do Picker 5: [0, 41, 14, 75, 11, 31, 17, 74, 33, 98, 3, 30, 1, 32, 94, 21, 52, 55, 23, 50, 13, 20, 51, 42, 19, 10, 39, 37, 18, 12, 0]
Rota do Picker 6: [0, 13, 20, 60, 32, 33, 40, 52, 39, 18, 17, 74, 37, 19, 75, 55, 12, 0]

Caso de teste: SLAPRP_Guo_small_O100_alpha0.3_v1.txt

Distancia Total: 1328.0
Quantidade de Pickers: 6
