Rota do Picker 1: [0, 21, 1, 41, 61, 83, 42, 23, 82, 81, 63, 3, 43, 56, 0]
Rota do Picker 2: [0, 62, 5, 63, 3, 1, 82, 7, 43, 23, 61, 41, 83, 27, 81, 44, 46, 25, 21, 6, 45, 64, 65, 24, 0]
Rota do Picker 3: [0, 5, 1, 3, 62, 26, 63, 82, 24, 61, 46, 64, 81, 25, 43, 23, 41, 45, 7, 21, 8, 44, 0]
Rota do Picker 4: [0, 61, 83, 21, 44, 26, 27, 3, 7, 24, 6, 46, 45, 63, 25, 62, 64, 8, 5, 43, 23, 41, 1, 0]
Rota do Picker 5: [0, 25, 3, 24, 83, 44, 7, 61, 63, 21, 82, 64, 5, 43, 23, 81, 41, 1, 56, 0]
Rota do Picker 6: [0, 1, 21, 41, 61, 81, 23, 43, 62, 63, 64, 65, 3, 5, 82, 24, 83, 4, 0]

Caso de teste: SLAPRP_Guo_small_O100_alpha0.4_v8.txt

Distancia Total: 824.0
Quantidade de Pickers: 6
