Rota do Picker 1: [0, 1, 41, 42, 62, 6, 25, 15, 17, 21, 3, 4, 24, 14, 36, 5, 0]
Rota do Picker 2: [0, 1, 21, 4, 24, 14, 16, 32, 52, 64, 0]
Rota do Picker 3: [0, 1, 41, 3, 23, 43, 5, 82, 64, 44, 25, 12, 45, 24, 4, 21, 84, 6, 62, 14, 46, 7, 27, 55, 61, 65, 8, 26, 83, 42, 0]
Rota do Picker 4: [0, 5, 25, 45, 24, 14, 44, 84, 4, 16, 46, 6, 36, 27, 7, 15, 43, 23, 3, 41, 21, 1, 54, 82, 62, 42, 22, 0]
Rota do Picker 5: [0, 1, 21, 41, 42, 62, 55, 73, 54, 43, 3, 16, 14, 44, 24, 94, 74, 61, 18, 72, 93, 53, 36, 37, 11, 92, 17, 34, 23, 12, 5, 15, 0]
Rota do Picker 6: [0, 22, 6, 64, 44, 2, 23, 43, 14, 61, 12, 82, 65, 1, 21, 41, 42, 62, 7, 26, 17, 3, 4, 24, 84, 15, 0]
Rota do Picker 7: [0, 1, 46, 17, 4, 15, 43, 3, 55, 84, 24, 42, 41, 21, 61, 16, 23, 62, 82, 35, 64, 54, 36, 44, 22, 18, 7, 14, 0]
Rota do Picker 8: [0, 83, 82, 62, 43, 23, 3, 1, 14, 8, 41, 27, 61, 64, 84, 26, 6, 44, 12, 46, 5, 42, 7, 24, 4, 21, 0]

Caso de teste: SLAPRP_Guo_small_O100_alpha0.3_v7.txt

Distancia Total: 1398.0
Quantidade de Pickers: 8
