Rota do Picker 1: [0, 21, 26, 46, 27, 48, 8, 65, 45, 9, 89, 50, 30, 87, 7, 1, 41, 64, 84, 19, 97, 0]
Rota do Picker 2: [0, 45, 30, 9, 87, 47, 27, 26, 10, 69, 48, 8, 7, 46, 2, 21, 0]
Rota do Picker 3: [0, 7, 27, 87, 48, 10, 30, 9, 46, 20, 97, 40, 65, 45, 50, 8, 26, 2, 0]
Rota do Picker 4: [0, 21, 7, 87, 47, 8, 9, 97, 77, 57, 39, 19, 18, 93, 51, 11, 2, 1, 55, 75, 40, 59, 20, 48, 30, 10, 26, 46, 27, 83, 3, 0]
Rota do Picker 5: [0, 51, 55, 74, 75, 11, 83, 3, 2, 7, 27, 46, 26, 8, 30, 50, 9, 45, 65, 21, 64, 0]
Rota do Picker 6: [0, 41, 8, 48, 27, 87, 30, 45, 65, 47, 7, 9, 10, 46, 26, 1, 0]
Rota do Picker 7: [0, 21, 64, 7, 50, 46, 8, 48, 9, 45, 30, 47, 27, 26, 2, 0]
Rota do Picker 8: [0, 10, 8, 7, 3, 26, 69, 1, 41, 2, 30, 46, 45, 87, 60, 19, 75, 74, 11, 20, 9, 47, 27, 21, 0]
Rota do Picker 9: [0, 7, 8, 48, 9, 10, 30, 65, 45, 3, 46, 26, 87, 47, 27, 40, 60, 20, 51, 0]
Rota do Picker 10: [0, 26, 64, 3, 1, 18, 98, 93, 40, 57, 55, 11, 2, 21, 41, 7, 9, 69, 46, 27, 10, 8, 45, 51, 94, 0]
Rota do Picker 11: [0, 65, 64, 48, 8, 9, 10, 40, 60, 20, 19, 21, 41, 26, 46, 7, 47, 27, 45, 2, 0]

Caso de teste: SLAPRP_Guo_small_O200_alpha0.3_v5.txt

Distancia Total: 1442.0
Quantidade de Pickers: 11
