Rota do Picker 1: [0, 26, 46, 8, 20, 60, 0]
Rota do Picker 2: [0, 1, 12, 55, 74, 94, 32, 7, 27, 0]
Rota do Picker 3: [0, 10, 28, 9, 40, 37, 48, 8, 96, 12, 59, 30, 89, 50, 18, 11, 74, 94, 45, 46, 60, 20, 87, 27, 7, 21, 55, 17, 0]
Rota do Picker 4: [0, 27, 87, 26, 45, 50, 46, 8, 7, 9, 30, 10, 70, 67, 28, 89, 0]
Rota do Picker 5: [0, 8, 46, 45, 20, 40, 60, 36, 27, 19, 59, 17, 98, 21, 80, 94, 74, 11, 77, 28, 39, 18, 55, 37, 76, 12, 0]
Rota do Picker 6: [0, 2, 50, 1, 28, 10, 9, 67, 45, 40, 80, 20, 60, 30, 18, 17, 70, 74, 94, 19, 37, 27, 46, 26, 8, 7, 3, 13, 87, 0]
Rota do Picker 7: [0, 21, 26, 46, 8, 28, 9, 60, 20, 87, 1, 10, 2, 83, 50, 30, 3, 70, 11, 45, 12, 48, 67, 27, 7, 0]
Rota do Picker 8: [0, 8, 9, 45, 37, 19, 60, 26, 46, 10, 27, 2, 40, 20, 17, 70, 21, 7, 18, 50, 28, 13, 67, 87, 22, 1, 11, 89, 30, 0]

Caso de teste: SLAPRP_Guo_small_O100_alpha0.3_v10.txt

Distancia Total: 1546.0
Quantidade de Pickers: 8
