Rota do Picker 1: [0, 1, 21, 41, 61, 24, 62, 82, 65, 63, 25, 43, 6, 44, 46, 23, 5, 81, 83, 42, 0]
Rota do Picker 2: [0, 63, 23, 1, 81, 5, 64, 83, 41, 6, 62, 24, 61, 21, 44, 46, 4, 26, 27, 43, 25, 45, 82, 7, 65, 8, 0]
Rota do Picker 3: [0, 83, 45, 5, 21, 6, 41, 1, 24, 7, 26, 62, 25, 27, 8, 82, 64, 61, 23, 65, 46, 43, 44, 0]
Rota do Picker 4: [0, 62, 82, 23, 24, 5, 42, 22, 61, 41, 21, 1, 63, 81, 26, 43, 17, 46, 0]
Rota do Picker 5: [0, 1, 21, 41, 5, 25, 6, 63, 83, 45, 24, 27, 61, 7, 82, 43, 8, 64, 62, 26, 65, 46, 44, 23, 81, 0]
Rota do Picker 6: [0, 1, 21, 41, 81, 23, 61, 82, 24, 36, 5, 0]
Rota do Picker 7: [0, 1, 41, 36, 61, 62, 21, 32, 54, 93, 0]

Caso de teste: SLAPRP_Guo_small_O100_alpha0.2_v4.txt

Distancia Total: 934.0
Quantidade de Pickers: 7
