Rota do Picker 1: [0, 1, 21, 61, 81, 63, 41, 3, 23, 42, 0]
Rota do Picker 2: [0, 64, 61, 41, 81, 82, 43, 23, 3, 1, 5, 62, 27, 65, 22, 45, 25, 44, 24, 21, 46, 6, 0]
Rota do Picker 3: [0, 41, 82, 65, 5, 43, 23, 3, 61, 21, 1, 62, 7, 8, 63, 6, 4, 26, 64, 45, 44, 81, 27, 25, 83, 0]
Rota do Picker 4: [0, 44, 41, 1, 24, 81, 7, 25, 46, 45, 26, 82, 21, 61, 3, 23, 63, 83, 65, 43, 5, 64, 62, 0]
Rota do Picker 5: [0, 1, 41, 3, 23, 43, 62, 27, 45, 21, 82, 8, 61, 83, 81, 65, 6, 46, 63, 24, 25, 5, 64, 44, 26, 7, 0]
Rota do Picker 6: [0, 21, 41, 61, 24, 1, 23, 43, 82, 5, 45, 83, 3, 26, 62, 44, 81, 63, 0]

Caso de teste: SLAPRP_Guo_small_O100_alpha0.3_v3.txt

Distancia Total: 774.0
Quantidade de Pickers: 6
