Rota do Picker 1: [0, 78, 96, 48, 69, 9, 7, 2, 27, 87, 26, 46, 68, 20, 40, 45, 8, 50, 70, 64, 83, 0]
Rota do Picker 2: [0, 45, 70, 89, 9, 8, 46, 26, 7, 27, 47, 87, 30, 10, 50, 68, 48, 19, 40, 1, 0]
Rota do Picker 3: [0, 2, 31, 74, 75, 98, 7, 50, 1, 11, 55, 40, 84, 12, 57, 37, 59, 17, 97, 20, 39, 19, 93, 77, 18, 94, 0]
Rota do Picker 4: [0, 21, 7, 8, 10, 50, 46, 45, 9, 19, 38, 1, 70, 30, 26, 27, 47, 87, 89, 48, 64, 41, 0]
Rota do Picker 5: [0, 60, 78, 27, 30, 70, 10, 46, 26, 68, 48, 8, 9, 7, 45, 19, 20, 40, 83, 84, 64, 1, 0]
Rota do Picker 6: [0, 64, 10, 30, 83, 1, 26, 46, 8, 48, 9, 45, 84, 68, 19, 38, 60, 47, 7, 27, 50, 70, 69, 21, 0]
Rota do Picker 7: [0, 1, 41, 7, 9, 50, 70, 46, 45, 64, 26, 87, 47, 30, 10, 27, 8, 21, 0]
Rota do Picker 8: [0, 45, 70, 30, 48, 8, 46, 26, 7, 9, 69, 27, 87, 47, 64, 84, 1, 0]
Rota do Picker 9: [0, 11, 18, 20, 60, 19, 78, 38, 47, 27, 87, 69, 7, 8, 48, 9, 30, 70, 46, 45, 0]
Rota do Picker 10: [0, 1, 2, 48, 70, 50, 10, 45, 46, 26, 20, 19, 69, 9, 8, 27, 7, 30, 68, 84, 0]
Rota do Picker 11: [0, 45, 47, 9, 10, 30, 26, 7, 27, 78, 40, 96, 70, 68, 8, 64, 87, 46, 1, 0]
Rota do Picker 12: [0, 11, 37, 50, 70, 30, 3, 1, 41, 46, 10, 7, 8, 69, 9, 47, 64, 84, 83, 26, 20, 78, 17, 12, 74, 94, 18, 77, 93, 75, 31, 55, 59, 39, 0]

Caso de teste: SLAPRP_Guo_small_O200_alpha0.4_v7.txt

Distancia Total: 1874.0
Quantidade de Pickers: 12
