Rota do Picker 1: [0, 83, 10, 30, 48, 36, 60, 40, 20, 45, 46, 26, 7, 27, 87, 47, 8, 9, 69, 89, 68, 21, 37, 0]
Rota do Picker 2: [0, 21, 26, 8, 27, 67, 87, 9, 69, 50, 10, 30, 47, 2, 45, 46, 7, 0]
Rota do Picker 3: [0, 2, 83, 27, 87, 8, 48, 10, 50, 30, 68, 45, 26, 46, 69, 9, 7, 67, 64, 20, 36, 40, 17, 1, 0]
Rota do Picker 4: [0, 21, 45, 50, 89, 9, 48, 8, 46, 26, 69, 30, 10, 87, 27, 7, 64, 67, 47, 17, 20, 18, 0]
Rota do Picker 5: [0, 1, 45, 26, 46, 8, 9, 7, 27, 64, 2, 30, 96, 55, 39, 48, 47, 40, 98, 60, 37, 18, 94, 74, 11, 93, 0]
Rota do Picker 6: [0, 31, 1, 21, 83, 2, 7, 26, 47, 87, 0]

Caso de teste: SLAPRP_Guo_small_O100_alpha0.4_v5.txt

Distancia Total: 800.0
Quantidade de Pickers: 6
