Rota do Picker 1: [0, 1, 41, 61, 3, 23, 63, 26, 27, 21, 42, 62, 82, 65, 45, 7, 24, 4, 44, 43, 25, 93, 0]
Rota do Picker 2: [0, 64, 44, 23, 3, 61, 21, 1, 41, 81, 24, 4, 7, 27, 42, 62, 43, 63, 8, 46, 93, 0]
Rota do Picker 3: [0, 41, 81, 4, 63, 83, 43, 8, 7, 65, 45, 26, 46, 44, 24, 62, 42, 25, 23, 3, 61, 21, 1, 0]
Rota do Picker 4: [0, 82, 42, 3, 23, 43, 25, 6, 7, 27, 4, 65, 46, 26, 24, 64, 44, 83, 61, 41, 21, 1, 0]
Rota do Picker 5: [0, 42, 8, 4, 81, 41, 21, 1, 24, 44, 7, 45, 3, 23, 63, 25, 6, 61, 0]
Rota do Picker 6: [0, 81, 26, 7, 61, 41, 6, 43, 23, 62, 82, 24, 46, 3, 42, 27, 25, 44, 4, 21, 1, 0]
Rota do Picker 7: [0, 1, 21, 3, 23, 43, 63, 45, 65, 6, 7, 82, 62, 42, 24, 61, 41, 0]
Rota do Picker 8: [0, 81, 1, 21, 41, 61, 3, 23, 82, 42, 7, 65, 4, 63, 43, 26, 46, 6, 45, 64, 24, 0]
Rota do Picker 9: [0, 62, 21, 41, 4, 24, 44, 3, 23, 63, 83, 82, 42, 26, 25, 7, 45, 61, 1, 0]
Rota do Picker 10: [0, 1, 3, 43, 63, 83, 64, 4, 65, 27, 7, 6, 26, 24, 42, 23, 81, 61, 41, 21, 0]
Rota do Picker 11: [0, 81, 21, 4, 5, 25, 43, 26, 7, 8, 6, 44, 42, 83, 63, 23, 61, 41, 3, 82, 62, 64, 24, 36, 93, 14, 11, 1, 0]
Rota do Picker 12: [0, 81, 1, 21, 41, 61, 3, 43, 24, 64, 83, 63, 23, 4, 8, 7, 25, 42, 62, 82, 44, 46, 93, 0]

Caso de teste: SLAPRP_Guo_small_O200_alpha0.4_v10.txt

Distancia Total: 1192.0
Quantidade de Pickers: 12
