Rota do Picker 1: [0, 30, 33, 41, 18, 27, 8, 7, 21, 4, 97, 40, 10, 9, 55, 96, 83, 2, 66, 45, 14, 84, 32, 52, 28, 93, 94, 50, 20, 46, 26, 1, 22, 47, 3, 0]
Rota do Picker 2: [0, 1, 64, 8, 10, 66, 84, 83, 30, 50, 3, 55, 9, 4, 41, 28, 7, 26, 27, 46, 0]
Rota do Picker 3: [0, 1, 26, 46, 66, 50, 4, 40, 3, 22, 45, 10, 11, 31, 7, 27, 30, 55, 94, 83, 23, 8, 84, 9, 2, 42, 47, 0]
Rota do Picker 4: [0, 1, 23, 8, 47, 33, 55, 20, 94, 31, 4, 64, 14, 40, 2, 46, 66, 60, 96, 57, 30, 97, 77, 52, 32, 12, 41, 10, 37, 17, 13, 51, 71, 93, 18, 0]
Rota do Picker 5: [0, 94, 93, 52, 57, 37, 32, 97, 77, 17, 14, 13, 20, 40, 33, 12, 18, 2, 76, 96, 60, 55, 41, 1, 0]
Rota do Picker 6: [0, 21, 27, 50, 83, 9, 8, 45, 10, 55, 3, 2, 4, 84, 26, 30, 1, 46, 66, 7, 47, 0]
Rota do Picker 7: [0, 47, 30, 42, 93, 17, 57, 94, 1, 26, 7, 22, 55, 96, 3, 23, 40, 50, 10, 4, 33, 60, 20, 27, 66, 46, 97, 51, 52, 13, 0]
Rota do Picker 8: [0, 13, 94, 3, 46, 31, 33, 14, 2, 10, 22, 12, 52, 97, 37, 66, 93, 4, 20, 55, 27, 26, 40, 18, 47, 8, 7, 1, 0]
Rota do Picker 9: [0, 1, 26, 45, 96, 84, 28, 8, 4, 9, 89, 10, 42, 50, 27, 7, 47, 83, 30, 66, 46, 0]
Rota do Picker 10: [0, 26, 46, 47, 1, 10, 50, 30, 9, 45, 7, 27, 66, 83, 8, 28, 89, 23, 0]
Rota do Picker 11: [0, 40, 55, 50, 10, 26, 46, 13, 28, 8, 1, 93, 94, 20, 66, 30, 27, 7, 2, 4, 3, 45, 84, 83, 96, 41, 23, 0]
Rota do Picker 12: [0, 1, 26, 46, 10, 27, 23, 20, 41, 7, 8, 22, 93, 33, 66, 83, 96, 84, 2, 32, 52, 30, 40, 9, 47, 4, 55, 0]

Caso de teste: SLAPRP_Guo_small_O200_alpha0.4_v7.txt

Distancia Total: 2826.0
Quantidade de Pickers: 12
