Rota do Picker 1: [0, 21, 0]
Rota do Picker 2: [0, 21, 0]
Rota do Picker 3: [0, 21, 0]
Rota do Picker 4: [0, 61, 81, 3, 83, 43, 44, 62, 46, 45, 24, 4, 27, 7, 26, 6, 25, 5, 23, 41, 21, 1, 0]
Rota do Picker 5: [0, 1, 3, 8, 26, 6, 64, 44, 46, 43, 25, 5, 23, 61, 41, 21, 0]
Rota do Picker 6: [0, 1, 25, 45, 6, 8, 81, 21, 41, 61, 23, 63, 43, 5, 46, 26, 7, 82, 2, 62, 75, 0]
Rota do Picker 7: [0, 62, 1, 61, 82, 83, 3, 5, 7, 64, 44, 8, 45, 43, 23, 41, 21, 0]
Rota do Picker 8: [0, 21, 23, 43, 83, 44, 64, 24, 8, 27, 25, 65, 6, 5, 61, 41, 1, 0]
Rota do Picker 9: [0, 1, 23, 3, 5, 6, 44, 7, 25, 65, 45, 63, 81, 41, 21, 61, 82, 0]
Rota do Picker 10: [0, 5, 8, 27, 7, 46, 26, 64, 44, 4, 25, 43, 23, 61, 41, 21, 1, 0]
Rota do Picker 11: [0, 21, 41, 61, 81, 1, 4, 24, 44, 43, 25, 23, 3, 11, 15, 55, 16, 74, 12, 0]
Rota do Picker 12: [0, 1, 21, 41, 61, 3, 23, 26, 7, 8, 6, 5, 45, 44, 24, 4, 64, 83, 63, 43, 62, 0]
Rota do Picker 13: [0, 1, 21, 41, 61, 81, 43, 63, 23, 6, 22, 45, 27, 65, 5, 3, 26, 0]
Rota do Picker 14: [0, 1, 61, 81, 82, 62, 7, 45, 65, 44, 64, 6, 46, 26, 5, 25, 63, 43, 23, 41, 21, 0]

Caso de teste: SLAPRP_Guo_small_O200_alpha0.4_v2.txt

Distancia Total: 880.0
Quantidade de Pickers: 14
