Rota do Picker 1: [0, 41, 0]
Rota do Picker 2: [0, 42, 13, 51, 31, 11, 22, 2, 1, 21, 41, 23, 3, 32, 52, 12, 0]
Rota do Picker 3: [0, 13, 11, 12, 32, 52, 31, 21, 1, 3, 23, 42, 22, 2, 41, 0]
Rota do Picker 4: [0, 3, 23, 2, 12, 52, 32, 13, 31, 11, 51, 21, 41, 42, 22, 1, 0]
Rota do Picker 5: [0, 1, 21, 41, 13, 12, 32, 51, 31, 11, 2, 22, 3, 0]
Rota do Picker 6: [0, 21, 1, 11, 31, 51, 2, 22, 42, 3, 12, 32, 13, 0]
Rota do Picker 7: [0, 1, 21, 51, 31, 3, 23, 22, 2, 41, 32, 12, 11, 0]
Rota do Picker 8: [0, 12, 13, 3, 23, 2, 22, 42, 31, 51, 11, 41, 21, 1, 0]
Rota do Picker 9: [0, 12, 32, 11, 31, 51, 23, 3, 21, 1, 2, 22, 0]
Rota do Picker 10: [0, 13, 32, 12, 41, 21, 1, 23, 3, 22, 2, 52, 51, 31, 11, 0]
Rota do Picker 11: [0, 3, 23, 21, 41, 13, 52, 12, 51, 31, 11, 42, 22, 2, 1, 0]
Rota do Picker 12: [0, 1, 41, 21, 12, 13, 32, 2, 22, 42, 3, 11, 31, 51, 0]
Rota do Picker 13: [0, 13, 1, 41, 21, 31, 51, 23, 2, 3, 52, 32, 12, 11, 42, 22, 0]

Caso de teste: SLAPRP_Guo_small_O200_alpha0.4_v10.txt

Distancia Total: 562.0
Quantidade de Pickers: 13
