Rota do Picker 1: [0, 44, 64, 16, 36, 0]
Rota do Picker 2: [0, 28, 14, 72, 52, 61, 21, 35, 15, 83, 63, 43, 1, 22, 45, 65, 17, 34, 0]
Rota do Picker 3: [0, 1, 21, 61, 4, 24, 15, 17, 74, 55, 32, 41, 53, 93, 84, 25, 72, 52, 36, 33, 23, 16, 62, 42, 0]
Rota do Picker 4: [0, 26, 6, 81, 5, 21, 25, 44, 45, 7, 3, 64, 84, 65, 22, 8, 27, 15, 1, 23, 43, 63, 61, 4, 24, 72, 92, 0]
Rota do Picker 5: [0, 62, 42, 61, 21, 16, 44, 24, 4, 74, 1, 64, 23, 53, 63, 43, 8, 91, 71, 15, 7, 3, 83, 46, 26, 22, 5, 25, 34, 0]
Rota do Picker 6: [0, 1, 23, 5, 7, 63, 46, 9, 22, 8, 3, 25, 84, 43, 24, 4, 61, 21, 74, 0]
Rota do Picker 7: [0, 1, 61, 4, 24, 64, 23, 26, 15, 28, 8, 65, 42, 7, 5, 43, 21, 84, 6, 2, 45, 25, 3, 9, 27, 22, 44, 0]
Rota do Picker 8: [0, 1, 5, 25, 15, 34, 43, 23, 16, 8, 4, 6, 55, 53, 63, 83, 52, 72, 81, 21, 24, 84, 17, 61, 64, 93, 0]

Caso de teste: SLAPRP_Guo_small_O100_alpha0.3_v5.txt

Distancia Total: 1232.0
Quantidade de Pickers: 8
