SKUs: 40
Pedidos: 54

Primeiro pedido:
Order(1, [22, 28])

Ultimo pedido:
Order(54, [1, 2, 3, 4, 5, 6, 8])

Location(1, 1, -1, 20)
Location(2, 1, -2, 20)
Location(3, 1, -3, 20)
Location(4, 1, -4, 20)
Location(5, 1, -5, 20)
Location(6, 1, -6, 20)
Location(7, 1, -7, 20)
Location(8, 1, -8, 20)
Location(9, 1, -9, 20)
Location(10, 1, -10, 40)
Location(11, 1, 1, 20)
Location(12, 1, 2, 20)
Location(13, 1, 3, 20)
Location(14, 1, 4, 20)
Location(15, 1, 5, 20)
Location(16, 1, 6, 20)
Location(17, 1, 7, 20)
Location(18, 1, 8, 20)
Location(19, 1, 9, 20)
Location(20, 1, 10, 40)
Location(21, 2, -1, 20)
Location(22, 2, -2, 20)
Location(23, 2, -3, 20)
Location(24, 2, -4, 20)
Location(25, 2, -5, 20)
Location(26, 2, -6, 20)
Location(27, 2, -7, 20)
Location(28, 2, -8, 20)
Location(29, 2, -9, 20)
Location(30, 2, -10, 40)
Location(31, 2, 1, 20)
Location(32, 2, 2, 20)
Location(33, 2, 3, 20)
Location(34, 2, 4, 20)
Location(35, 2, 5, 20)
Location(36, 2, 6, 20)
Location(37, 2, 7, 20)
Location(38, 2, 8, 20)
Location(39, 2, 9, 20)
Location(40, 2, 10, 40)
Location(41, 3, -1, 20)
Location(42, 3, -2, 20)
Location(43, 3, -3, 20)
Location(44, 3, -4, 20)
Location(45, 3, -5, 20)
Location(46, 3, -6, 20)
Location(47, 3, -7, 20)
Location(48, 3, -8, 20)
Location(49, 3, -9, 20)
Location(50, 3, -10, 40)
Location(51, 3, 1, 20)
Location(52, 3, 2, 20)
Location(53, 3, 3, 20)
Location(54, 3, 4, 20)
Location(55, 3, 5, 20)
Location(56, 3, 6, 20)
Location(57, 3, 7, 20)
Location(58, 3, 8, 20)
Location(59, 3, 9, 20)
Location(60, 3, 10, 40)
Location(61, 4, -1, 20)
Location(62, 4, -2, 20)
Location(63, 4, -3, 20)
Location(64, 4, -4, 20)
Location(65, 4, -5, 20)
Location(66, 4, -6, 20)
Location(67, 4, -7, 20)
Location(68, 4, -8, 20)
Location(69, 4, -9, 20)
Location(70, 4, -10, 40)
Location(71, 4, 1, 20)
Location(72, 4, 2, 20)
Location(73, 4, 3, 20)
Location(74, 4, 4, 20)
Location(75, 4, 5, 20)
Location(76, 4, 6, 20)
Location(77, 4, 7, 20)
Location(78, 4, 8, 20)
Location(79, 4, 9, 20)
Location(80, 4, 10, 40)
Location(81, 5, -1, 20)
Location(82, 5, -2, 20)
Location(83, 5, -3, 20)
Location(84, 5, -4, 20)
Location(85, 5, -5, 20)
Location(86, 5, -6, 20)
Location(87, 5, -7, 20)
Location(88, 5, -8, 20)
Location(89, 5, -9, 20)
Location(90, 5, -10, 40)
Location(91, 5, 1, 20)
Location(92, 5, 2, 20)
Location(93, 5, 3, 20)
Location(94, 5, 4, 20)
Location(95, 5, 5, 20)
Location(96, 5, 6, 20)
Location(97, 5, 7, 20)
Location(98, 5, 8, 20)
Location(99, 5, 9, 20)
Location(100, 5, 10, 40)

Frequencias: [27, 22, 19, 21, 25, 25, 21, 29, 3, 2, 3, 4, 4, 1, 4, 1, 3, 2, 3, 6, 0, 2, 3, 3, 1, 2, 3, 2, 2, 3, 3, 2, 4, 0, 0, 4, 1, 1, 0, 0]

Matriz de coocorrencia: 
40×40 Matrix{Int64}:
  0  17  13  12  12  11  13  15  2  1  1  1  2  1  4  0  1  1  1  0  0  1  2  3  1  1  1  0  1  1  1  0  4  0  0  3  1  0  0  0
 17   0   9   9  10  10  13  12  1  1  0  2  2  1  2  0  2  1  2  3  0  1  1  2  1  1  1  0  1  2  1  0  3  0  0  2  0  0  0  0
 13   9   0   9   9  11   9  14  1  0  2  0  1  0  2  1  2  0  0  2  0  0  2  2  0  1  1  1  0  0  1  0  2  0  0  1  0  0  0  0
 12   9   9   0  11  11  11  13  2  0  1  1  0  0  1  1  1  1  2  4  0  0  0  3  0  1  2  1  1  1  2  0  0  0  0  2  0  0  0  0
 12  10   9  11   0  12  12  14  1  2  1  3  3  1  3  1  1  1  1  4  0  0  1  1  1  1  1  1  2  3  0  0  2  0  0  2  0  0  0  0
 11  10  11  11  12   0  11  14  1  0  1  1  2  0  2  0  2  1  2  3  0  0  3  2  0  1  2  0  1  1  2  0  0  0  0  2  0  0  0  0
 13  13   9  11  12  11   0  11  0  2  1  1  1  1  1  0  2  2  3  3  0  0  1  3  1  1  1  0  2  2  2  0  2  0  0  2  0  0  0  0
 15  12  14  13  14  14  11   0  1  0  3  3  2  1  3  1  1  1  0  5  0  0  3  2  1  1  3  1  1  2  1  0  2  0  0  0  0  0  0  0
  2   1   1   2   1   1   0   1  0  0  0  0  0  0  0  0  0  0  0  0  0  0  0  0  0  1  1  0  0  0  0  0  0  0  0  0  0  0  0  0
  1   1   0   0   2   0   2   0  0  0  0  0  1  0  1  0  0  0  0  0  0  0  0  0  0  0  0  0  0  0  0  0  1  0  0  0  0  0  0  0
  1   0   2   1   1   1   1   3  0  0  0  0  0  0  0  0  0  0  0  0  0  0  0  0  0  0  0  0  1  0  1  0  0  0  0  0  0  0  0  0
  1   2   0   1   3   1   1   3  0  0  0  0  1  1  0  0  0  0  0  0  0  0  0  0  0  0  0  0  0  2  0  0  0  0  0  0  0  0  0  0
  2   2   1   0   3   2   1   2  0  1  0  1  0  0  2  0  0  0  0  0  0  0  2  0  0  0  1  0  0  1  0  0  1  0  0  0  0  0  0  0
  1   1   0   0   1   0   1   1  0  0  0  1  0  0  0  0  0  0  0  0  0  0  0  0  0  0  0  0  0  1  0  0  0  0  0  0  0  0  0  0
  4   2   2   1   3   2   1   3  0  1  0  0  2  0  0  0  0  0  0  0  0  0  1  0  0  0  0  0  0  0  0  0  2  0  0  0  0  0  0  0
  0   0   1   1   1   0   0   1  0  0  0  0  0  0  0  0  0  0  0  1  0  0  0  0  0  0  0  1  0  0  0  0  0  0  0  0  0  0  0  0
  1   2   2   1   1   2   2   1  0  0  0  0  0  0  0  0  0  0  0  1  0  0  0  0  0  0  0  0  0  0  0  0  0  0  0  0  0  0  0  0
  1   1   0   1   1   1   2   1  0  0  0  0  0  0  0  0  0  0  0  1  0  0  0  0  0  0  1  0  0  0  0  0  0  0  0  0  0  0  0  0
  1   2   0   2   1   2   3   0  0  0  0  0  0  0  0  0  0  0  0  1  0  0  0  0  0  0  0  0  1  0  2  0  0  0  0  1  0  0  0  0
  0   3   2   4   4   3   3   5  0  0  0  0  0  0  0  1  1  1  1  0  0  0  0  0  0  0  1  1  0  0  1  0  0  0  0  0  0  0  0  0
  0   0   0   0   0   0   0   0  0  0  0  0  0  0  0  0  0  0  0  0  0  0  0  0  0  0  0  0  0  0  0  0  0  0  0  0  0  0  0  0
  1   1   0   0   0   0   0   0  0  0  0  0  0  0  0  0  0  0  0  0  0  0  0  0  0  0  0  1  0  0  0  0  1  0  0  1  0  0  0  0
  2   1   2   0   1   3   1   3  0  0  0  0  2  0  1  0  0  0  0  0  0  0  0  0  0  0  1  0  0  0  0  0  0  0  0  0  0  0  0  0
  3   2   2   3   1   2   3   2  0  0  0  0  0  0  0  0  0  0  0  0  0  0  0  0  0  0  0  0  0  0  0  0  0  0  0  0  0  0  0  0
  1   1   0   0   1   0   1   1  0  0  0  0  0  0  0  0  0  0  0  0  0  0  0  0  0  0  0  0  0  0  0  0  0  0  0  0  0  0  0  0
  1   1   1   1   1   1   1   1  1  0  0  0  0  0  0  0  0  0  0  0  0  0  0  0  0  0  0  0  0  0  0  0  1  0  0  0  0  0  0  0
  1   1   1   2   1   2   1   3  1  0  0  0  1  0  0  0  0  1  0  1  0  0  1  0  0  0  0  0  0  0  0  0  0  0  0  0  0  0  0  0
  0   0   1   1   1   0   0   1  0  0  0  0  0  0  0  1  0  0  0  1  0  1  0  0  0  0  0  0  0  0  0  0  0  0  0  0  0  0  0  0
  1   1   0   1   2   1   2   1  0  0  1  0  0  0  0  0  0  0  1  0  0  0  0  0  0  0  0  0  0  0  0  0  0  0  0  0  0  0  0  0
  1   2   0   1   3   1   2   2  0  0  0  2  1  1  0  0  0  0  0  0  0  0  0  0  0  0  0  0  0  0  0  0  0  0  0  0  0  0  0  0
  1   1   1   2   0   2   2   1  0  0  1  0  0  0  0  0  0  0  2  1  0  0  0  0  0  0  0  0  0  0  0  0  0  0  0  1  0  0  0  0
  0   0   0   0   0   0   0   0  0  0  0  0  0  0  0  0  0  0  0  0  0  0  0  0  0  0  0  0  0  0  0  0  0  0  0  0  0  1  0  0
  4   3   2   0   2   0   2   2  0  1  0  0  1  0  2  0  0  0  0  0  0  1  0  0  0  1  0  0  0  0  0  0  0  0  0  1  0  0  0  0
  0   0   0   0   0   0   0   0  0  0  0  0  0  0  0  0  0  0  0  0  0  0  0  0  0  0  0  0  0  0  0  0  0  0  0  0  0  0  0  0
  0   0   0   0   0   0   0   0  0  0  0  0  0  0  0  0  0  0  0  0  0  0  0  0  0  0  0  0  0  0  0  0  0  0  0  0  0  0  0  0
  3   2   1   2   2   2   2   0  0  0  0  0  0  0  0  0  0  0  1  0  0  1  0  0  0  0  0  0  0  0  1  0  1  0  0  0  0  0  0  0
  1   0   0   0   0   0   0   0  0  0  0  0  0  0  0  0  0  0  0  0  0  0  0  0  0  0  0  0  0  0  0  0  0  0  0  0  0  0  0  0
  0   0   0   0   0   0   0   0  0  0  0  0  0  0  0  0  0  0  0  0  0  0  0  0  0  0  0  0  0  0  0  1  0  0  0  0  0  0  0  0
  0   0   0   0   0   0   0   0  0  0  0  0  0  0  0  0  0  0  0  0  0  0  0  0  0  0  0  0  0  0  0  0  0  0  0  0  0  0  0  0
  0   0   0   0   0   0   0   0  0  0  0  0  0  0  0  0  0  0  0  0  0  0  0  0  0  0  0  0  0  0  0  0  0  0  0  0  0  0  0  0
SKU(27, 208.0, 0.07)
SKU(22, 174.0, 0.08)
SKU(19, 78.0, 0.21)
SKU(21, 132.0, 0.1)
SKU(25, 129.0, 0.13)
SKU(25, 168.0, 0.08)
SKU(21, 169.0, 0.07)
SKU(29, 157.0, 0.11)
SKU(3, 68.0, 0.09)
SKU(2, 20.0, 0.21)
SKU(3, 52.0, 0.11)
SKU(4, 52.0, 0.12)
SKU(4, 32.0, 0.19)
SKU(1, 48.0, 0.07)
SKU(4, 113.0, 0.05)
SKU(1, 36.0, 0.09)
SKU(3, 62.0, 0.08)
SKU(2, 41.0, 0.12)
SKU(3, 29.0, 0.26)
SKU(6, 48.0, 0.17)
SKU(0, 31.0, 0.07)
SKU(2, 37.0, 0.16)
SKU(3, 51.0, 0.1)
SKU(3, 95.0, 0.05)
SKU(1, 33.0, 0.11)
SKU(2, 57.0, 0.09)
SKU(3, 50.0, 0.13)
SKU(2, 24.0, 0.16)
SKU(2, 77.0, 0.06)
SKU(3, 105.0, 0.04)
SKU(3, 39.0, 0.15)
SKU(2, 68.0, 0.06)
SKU(4, 81.0, 0.07)
SKU(0, 39.0, 0.05)
SKU(0, 17.0, 0.12)
SKU(4, 32.0, 0.16)
SKU(1, 72.0, 0.04)
SKU(1, 25.0, 0.14)
SKU(0, 26.0, 0.08)
SKU(0, 20.0, 0.12)

Posicao 1 (Corredor 1, Prateleira -1)
   SKU 1 -> 208
   SKU 6 -> 68

Posicao 2 (Corredor 1, Prateleira -2)
   SKU 4 -> 132
   SKU 8 -> 58
   SKU 30 -> 10

Posicao 3 (Corredor 1, Prateleira -3)
   SKU 23 -> 51
   SKU 24 -> 94
   SKU 37 -> 72

Posicao 4 (Corredor 1, Prateleira -4)
   SKU 21 -> 31
   SKU 39 -> 26

Posicao 11 (Corredor 1, Prateleira 1)
   SKU 2 -> 3
   SKU 6 -> 100
   SKU 7 -> 168

Posicao 12 (Corredor 1, Prateleira 2)
   SKU 2 -> 171
   SKU 15 -> 113
   SKU 30 -> 16

Posicao 13 (Corredor 1, Prateleira 3)
   SKU 12 -> 52
   SKU 17 -> 62
   SKU 31 -> 39

Posicao 14 (Corredor 1, Prateleira 4)
   SKU 28 -> 24

Posicao 21 (Corredor 2, Prateleira -1)
   SKU 3 -> 43
   SKU 8 -> 99
   SKU 24 -> 1

Posicao 22 (Corredor 2, Prateleira -2)
   SKU 13 -> 32
   SKU 32 -> 68
   SKU 36 -> 32

Posicao 23 (Corredor 2, Prateleira -3)
   SKU 14 -> 48
   SKU 38 -> 25

Posicao 31 (Corredor 2, Prateleira 1)
   SKU 5 -> 129
   SKU 7 -> 1
   SKU 30 -> 79

Posicao 32 (Corredor 2, Prateleira 2)
   SKU 9 -> 68
   SKU 11 -> 52
   SKU 29 -> 77

Posicao 33 (Corredor 2, Prateleira 3)
   SKU 22 -> 37
   SKU 34 -> 39

Posicao 41 (Corredor 3, Prateleira -1)
   SKU 3 -> 35
   SKU 18 -> 41
   SKU 27 -> 50

Posicao 42 (Corredor 3, Prateleira -2)
   SKU 16 -> 36
   SKU 25 -> 33

Posicao 51 (Corredor 3, Prateleira 1)
   SKU 20 -> 48
   SKU 26 -> 57
   SKU 33 -> 81

Posicao 52 (Corredor 3, Prateleira 2)
   SKU 10 -> 20
   SKU 40 -> 20

Posicao 61 (Corredor 4, Prateleira -1)
   SKU 19 -> 29

Posicao 71 (Corredor 4, Prateleira 1)
   SKU 35 -> 17

