Rota do Picker 1: [0, 22, 62, 21, 43, 63, 83, 66, 16, 52, 6, 26, 71, 91, 73, 44, 1, 34, 64, 24, 23, 3, 46, 33, 28, 4, 5, 25, 7, 61, 86, 0]
Rota do Picker 2: [0, 34, 84, 5, 46, 85, 6, 8, 7, 9, 54, 1, 61, 4, 24, 25, 45, 21, 3, 23, 43, 44, 64, 66, 63, 27, 47, 35, 0]
Rota do Picker 3: [0, 7, 27, 67, 86, 47, 84, 46, 45, 43, 61, 26, 6, 1, 48, 25, 5, 8, 66, 23, 3, 22, 62, 28, 9, 64, 44, 24, 4, 21, 52, 0]
Rota do Picker 4: [0, 21, 62, 26, 66, 7, 53, 16, 47, 46, 9, 25, 6, 27, 86, 1, 22, 10, 43, 28, 8, 44, 24, 4, 61, 0]
Rota do Picker 5: [0, 21, 61, 81, 73, 0]
Rota do Picker 6: [0, 15, 28, 8, 54, 46, 66, 44, 86, 63, 43, 9, 85, 5, 62, 27, 22, 47, 6, 23, 3, 21, 64, 24, 4, 61, 1, 0]
Rota do Picker 7: [0, 63, 83, 15, 32, 52, 92, 35, 72, 16, 73, 62, 22, 5, 54, 34, 14, 12, 61, 21, 1, 13, 33, 11, 0]
Rota do Picker 8: [0, 21, 13, 33, 14, 5, 45, 91, 81, 73, 53, 54, 25, 6, 46, 15, 61, 24, 64, 16, 4, 44, 84, 35, 26, 3, 23, 43, 71, 34, 62, 22, 1, 0]
Rota do Picker 9: [0, 61, 24, 44, 14, 5, 25, 65, 22, 62, 6, 66, 45, 42, 43, 83, 63, 4, 21, 34, 64, 23, 3, 1, 0]
Rota do Picker 10: [0, 66, 45, 52, 23, 3, 26, 63, 43, 84, 61, 86, 44, 64, 8, 28, 14, 5, 25, 24, 9, 54, 22, 62, 7, 21, 4, 6, 1, 46, 0]
Rota do Picker 11: [0, 1, 5, 6, 84, 86, 22, 47, 44, 24, 61, 85, 65, 25, 26, 3, 23, 27, 7, 4, 21, 64, 48, 43, 63, 28, 66, 46, 62, 35, 0]
Rota do Picker 12: [0, 73, 61, 81, 3, 23, 43, 63, 14, 52, 53, 15, 26, 6, 21, 4, 24, 1, 91, 71, 62, 34, 72, 44, 5, 22, 0]
Rota do Picker 13: [0, 86, 48, 33, 62, 22, 44, 24, 5, 61, 1, 21, 6, 84, 23, 3, 4, 2, 64, 14, 66, 25, 45, 16, 7, 26, 35, 46, 43, 65, 52, 53, 0]

Caso de teste: SLAPRP_Guo_small_O200_alpha0.4_v6.txt

Distancia Total: 2380.0
Quantidade de Pickers: 13
