Rota do Picker 1: [0, 13, 51, 31, 11, 12, 52, 32, 41, 21, 3, 22, 2, 1, 0]
Rota do Picker 2: [0, 1, 2, 22, 21, 23, 3, 33, 12, 32, 13, 31, 11, 51, 0]
Rota do Picker 3: [0, 11, 12, 52, 31, 51, 21, 1, 2, 42, 3, 23, 41, 32, 13, 22, 0]
Rota do Picker 4: [0, 1, 21, 41, 2, 22, 42, 23, 12, 52, 51, 31, 11, 0]
Rota do Picker 5: [0, 21, 41, 2, 22, 42, 1, 12, 32, 52, 11, 31, 51, 33, 13, 0]
Rota do Picker 6: [0, 4, 23, 21, 41, 1, 2, 22, 11, 31, 12, 13, 33, 0]
Rota do Picker 7: [0, 3, 2, 22, 21, 41, 1, 42, 13, 52, 12, 32, 11, 31, 51, 0]
Rota do Picker 8: [0, 1, 11, 31, 12, 32, 13, 33, 21, 41, 2, 23, 3, 22, 0]
Rota do Picker 9: [0, 51, 31, 11, 12, 1, 21, 2, 3, 4, 0]
Rota do Picker 10: [0, 1, 21, 2, 22, 11, 31, 51, 0]
Rota do Picker 11: [0, 1, 2, 3, 23, 12, 33, 31, 11, 42, 22, 51, 32, 41, 21, 13, 0]
Rota do Picker 12: [0, 1, 21, 3, 22, 2, 13, 33, 32, 12, 31, 11, 0]

Caso de teste: SLAPRP_Guo_small_O200_alpha0.2_v6.txt

Distancia Total: 522.0
Quantidade de Pickers: 12
