Rota do Picker 1: [0, 1, 11, 31, 12, 13, 10, 22, 2, 41, 21, 0]
Rota do Picker 2: [0, 1, 12, 32, 11, 10, 22, 2, 3, 23, 21, 61, 41, 33, 31, 0]
Rota do Picker 3: [0, 2, 10, 3, 23, 41, 21, 4, 51, 31, 11, 13, 12, 32, 1, 0]
Rota do Picker 4: [0, 1, 2, 22, 10, 21, 41, 11, 31, 51, 23, 3, 12, 32, 33, 13, 0]
Rota do Picker 5: [0, 22, 32, 12, 13, 11, 51, 2, 42, 10, 3, 1, 41, 21, 0]
Rota do Picker 6: [0, 1, 21, 41, 2, 42, 22, 23, 3, 11, 31, 51, 12, 14, 13, 0]
Rota do Picker 7: [0, 1, 2, 22, 21, 41, 11, 31, 12, 32, 13, 33, 23, 3, 4, 0]
Rota do Picker 8: [0, 1, 23, 12, 51, 31, 11, 21, 41, 61, 4, 10, 22, 2, 0]
Rota do Picker 9: [0, 12, 32, 11, 33, 13, 31, 21, 1, 41, 61, 42, 2, 22, 4, 3, 23, 0]
Rota do Picker 10: [0, 2, 21, 41, 1, 11, 0]
Rota do Picker 11: [0, 1, 21, 4, 10, 11, 12, 32, 14, 31, 22, 2, 0]
Rota do Picker 12: [0, 12, 1, 3, 21, 61, 22, 4, 2, 33, 13, 31, 51, 11, 0]

Caso de teste: SLAPRP_Guo_small_O200_alpha0.4_v6.txt

Distancia Total: 640.0
Quantidade de Pickers: 12
