Rota do Picker 1: [0, 4, 61, 41, 1, 83, 43, 21, 24, 82, 63, 44, 0]
Rota do Picker 2: [0, 1, 21, 41, 61, 4, 43, 24, 82, 64, 44, 81, 25, 0]
Rota do Picker 3: [0, 16, 35, 15, 33, 11, 18, 1, 17, 61, 41, 21, 36, 82, 75, 24, 45, 63, 43, 4, 81, 0]
Rota do Picker 4: [0, 24, 25, 26, 1, 81, 44, 8, 27, 45, 64, 22, 62, 6, 82, 43, 46, 7, 4, 61, 41, 21, 65, 0]
Rota do Picker 5: [0, 21, 61, 43, 63, 36, 44, 24, 4, 41, 82, 64, 6, 81, 1, 45, 8, 46, 83, 7, 25, 0]
Rota do Picker 6: [0, 1, 41, 4, 24, 43, 26, 61, 21, 2, 7, 6, 65, 25, 64, 27, 8, 81, 45, 44, 63, 83, 0]

Caso de teste: SLAPRP_Guo_small_O100_alpha0.2_v6.txt

Distancia Total: 740.0
Quantidade de Pickers: 6
