Rota do Picker 1: [0, 13, 46, 21, 23, 83, 7, 62, 61, 5, 87, 3, 43, 8, 81, 1, 34, 9, 15, 10, 41, 26, 14, 0]
Rota do Picker 2: [0, 21, 23, 8, 87, 76, 1, 33, 13, 46, 26, 24, 3, 15, 61, 81, 43, 20, 9, 7, 14, 10, 42, 41, 34, 83, 0]
Rota do Picker 3: [0, 4, 3, 41, 21, 81, 62, 26, 8, 87, 46, 83, 5, 23, 1, 10, 20, 9, 7, 43, 24, 61, 42, 0]
Rota do Picker 4: [0, 33, 5, 42, 34, 43, 1, 20, 76, 26, 9, 7, 61, 62, 83, 81, 87, 13, 3, 8, 14, 46, 23, 41, 21, 0]
Rota do Picker 5: [0, 87, 76, 13, 62, 26, 5, 14, 43, 23, 61, 21, 8, 34, 3, 46, 20, 81, 41, 1, 15, 83, 0]
Rota do Picker 6: [0, 23, 43, 46, 14, 3, 10, 8, 26, 83, 61, 21, 5, 42, 62, 7, 9, 1, 87, 41, 20, 81, 24, 13, 0]
Rota do Picker 7: [0, 21, 23, 83, 26, 46, 34, 10, 42, 9, 8, 7, 63, 81, 87, 43, 0]
Rota do Picker 8: [0, 21, 41, 4, 24, 26, 43, 87, 81, 14, 8, 46, 23, 7, 83, 62, 61, 10, 42, 9, 0]
Rota do Picker 9: [0, 23, 9, 46, 42, 26, 4, 63, 83, 7, 87, 10, 8, 43, 21, 1, 41, 0]
Rota do Picker 10: [0, 32, 55, 57, 1, 20, 72, 15, 34, 37, 52, 71, 51, 11, 14, 61, 41, 3, 43, 18, 13, 23, 21, 46, 0]
Rota do Picker 11: [0, 62, 4, 8, 43, 24, 83, 9, 10, 42, 63, 21, 23, 26, 46, 87, 0]
Rota do Picker 12: [0, 63, 8, 87, 9, 62, 24, 23, 14, 43, 10, 4, 7, 1, 3, 83, 21, 26, 46, 61, 42, 0]

Caso de teste: SLAPRP_Guo_small_O200_alpha0.2_v6.txt

Distancia Total: 2170.0
Quantidade de Pickers: 12
