Rota do Picker 1: [0, 26, 46, 8, 30, 10, 83, 23, 3, 64, 36, 19, 20, 50, 69, 9, 27, 7, 67, 61, 21, 41, 1, 11, 22, 42, 68, 40, 0]
Rota do Picker 2: [0, 22, 7, 26, 27, 87, 10, 3, 21, 41, 61, 46, 68, 8, 30, 9, 64, 4, 1, 0]
Rota do Picker 3: [0, 21, 23, 22, 3, 4, 14, 11, 52, 12, 19, 36, 68, 8, 26, 46, 30, 27, 7, 1, 61, 37, 74, 77, 57, 17, 51, 0]
Rota do Picker 4: [0, 22, 26, 46, 23, 41, 21, 3, 7, 27, 30, 10, 87, 8, 69, 9, 67, 11, 0]
Rota do Picker 5: [0, 11, 1, 41, 61, 23, 64, 26, 7, 9, 69, 46, 67, 27, 10, 4, 13, 36, 20, 83, 22, 21, 0]
Rota do Picker 6: [0, 21, 19, 20, 40, 64, 1, 14, 11, 50, 30, 69, 9, 87, 67, 27, 7, 8, 46, 26, 83, 23, 22, 0]

Caso de teste: SLAPRP_Guo_small_O100_alpha0.2_v4.txt

Distancia Total: 820.0
Quantidade de Pickers: 6
