Rota do Picker 1: [0, 1, 21, 41, 62, 82, 5, 24, 46, 6, 26, 64, 84, 35, 17, 18, 61, 81, 8, 27, 7, 44, 83, 43, 23, 3, 0]
Rota do Picker 2: [0, 1, 21, 4, 24, 44, 43, 63, 83, 8, 3, 41, 61, 81, 17, 93, 53, 13, 33, 94, 15, 55, 5, 25, 64, 84, 34, 54, 74, 92, 0]
Rota do Picker 3: [0, 4, 24, 44, 5, 27, 3, 23, 53, 16, 35, 15, 33, 54, 34, 43, 83, 7, 41, 61, 21, 1, 0]
Rota do Picker 4: [0, 1, 61, 81, 41, 22, 82, 65, 25, 43, 3, 4, 24, 64, 33, 73, 26, 44, 84, 5, 62, 42, 21, 0]
Rota do Picker 5: [0, 1, 61, 5, 25, 33, 16, 35, 55, 15, 14, 74, 54, 21, 41, 23, 83, 43, 44, 4, 8, 3, 0]
Rota do Picker 6: [0, 1, 36, 16, 7, 61, 81, 21, 41, 3, 43, 23, 44, 64, 4, 6, 46, 26, 5, 45, 85, 65, 54, 74, 15, 53, 0]

Caso de teste: SLAPRP_Guo_small_O100_alpha0.4_v1.txt

Distancia Total: 696.0
Quantidade de Pickers: 6
