Rota do Picker 1: [0, 10, 64, 75, 18, 9, 37, 12, 8, 22, 0]
Rota do Picker 2: [0, 46, 12, 22, 55, 42, 23, 27, 9, 30, 18, 3, 45, 37, 83, 10, 50, 47, 7, 14, 48, 41, 64, 84, 1, 71, 11, 8, 26, 21, 0]
Rota do Picker 3: [0, 46, 55, 37, 83, 3, 9, 18, 12, 11, 74, 94, 8, 0]
Rota do Picker 4: [0, 21, 8, 46, 20, 40, 18, 32, 52, 36, 64, 60, 45, 55, 75, 1, 94, 74, 13, 37, 17, 12, 31, 0]
Rota do Picker 5: [0, 50, 1, 13, 71, 31, 11, 20, 48, 23, 47, 76, 96, 40, 14, 27, 8, 22, 67, 60, 9, 46, 64, 45, 30, 10, 18, 75, 55, 12, 0]
Rota do Picker 6: [0, 94, 74, 55, 8, 18, 12, 46, 1, 21, 10, 75, 9, 32, 64, 23, 2, 40, 36, 60, 52, 11, 20, 14, 13, 45, 37, 17, 33, 22, 0]
Rota do Picker 7: [0, 45, 23, 22, 2, 21, 26, 13, 40, 75, 9, 20, 37, 50, 12, 55, 36, 74, 94, 32, 8, 10, 18, 64, 46, 14, 47, 67, 0]
Rota do Picker 8: [0, 21, 12, 13, 33, 18, 40, 46, 45, 9, 55, 52, 32, 2, 8, 94, 74, 3, 36, 20, 22, 51, 23, 47, 1, 60, 17, 37, 75, 10, 0]

Caso de teste: SLAPRP_Guo_small_O100_alpha0.2_v3.txt

Distancia Total: 1854.0
Quantidade de Pickers: 8
