Rota do Picker 1: [0, 7, 8, 9, 27, 46, 18, 12, 26, 45, 47, 84, 2, 65, 49, 30, 10, 89, 69, 23, 1, 41, 87, 21, 28, 0]
Rota do Picker 2: [0, 40, 89, 9, 8, 41, 27, 7, 46, 13, 96, 57, 64, 84, 30, 45, 18, 47, 3, 23, 10, 26, 1, 69, 32, 20, 49, 21, 28, 37, 0]
Rota do Picker 3: [0, 26, 46, 27, 45, 57, 20, 3, 41, 12, 33, 96, 18, 9, 8, 1, 0]
Rota do Picker 4: [0, 1, 74, 94, 28, 2, 20, 8, 27, 47, 10, 13, 57, 96, 32, 18, 45, 26, 84, 64, 41, 83, 21, 7, 46, 87, 40, 51, 9, 65, 14, 0]
Rota do Picker 5: [0, 97, 21, 55, 74, 96, 2, 40, 20, 98, 94, 59, 37, 39, 57, 12, 32, 18, 46, 27, 0]
Rota do Picker 6: [0, 87, 10, 28, 30, 3, 49, 2, 27, 26, 46, 47, 65, 51, 45, 89, 69, 9, 8, 7, 0]
Rota do Picker 7: [0, 8, 27, 46, 30, 18, 7, 87, 26, 13, 23, 9, 10, 45, 49, 47, 21, 89, 69, 28, 41, 65, 84, 3, 1, 20, 0]

Caso de teste: SLAPRP_Guo_small_O100_alpha0.3_v2.txt

Distancia Total: 1544.0
Quantidade de Pickers: 7
