Rota do Picker 1: [0, 31, 45, 69, 9, 8, 47, 27, 7, 26, 46, 96, 76, 13, 10, 30, 94, 74, 14, 57, 20, 60, 17, 75, 55, 11, 18, 37, 12, 32, 52, 21, 0]
Rota do Picker 2: [0, 21, 46, 3, 69, 89, 28, 20, 40, 60, 50, 10, 8, 26, 23, 7, 27, 9, 48, 45, 11, 0]
Rota do Picker 3: [0, 55, 40, 60, 20, 26, 46, 10, 69, 89, 30, 50, 7, 27, 8, 48, 9, 45, 87, 67, 47, 13, 0]
Rota do Picker 4: [0, 46, 45, 10, 9, 27, 7, 8, 32, 17, 18, 97, 76, 23, 87, 67, 65, 30, 69, 26, 47, 14, 48, 41, 1, 13, 55, 40, 60, 31, 0]
Rota do Picker 5: [0, 1, 21, 22, 3, 23, 7, 27, 8, 9, 50, 30, 10, 28, 48, 26, 46, 67, 87, 45, 55, 11, 0]
Rota do Picker 6: [0, 1, 55, 75, 18, 40, 74, 32, 12, 17, 13, 93, 31, 51, 50, 10, 8, 87, 27, 21, 52, 83, 23, 7, 0]

Caso de teste: SLAPRP_Guo_small_O100_alpha0.4_v8.txt

Distancia Total: 938.0
Quantidade de Pickers: 6
