Rota do Picker 1: [0, 43, 23, 1, 14, 24, 4, 41, 21, 17, 64, 7, 42, 82, 44, 12, 26, 92, 32, 13, 3, 45, 37, 61, 81, 63, 62, 0]
Rota do Picker 2: [0, 54, 12, 17, 51, 36, 34, 73, 18, 94, 81, 61, 74, 35, 16, 14, 43, 23, 71, 72, 92, 93, 32, 52, 75, 55, 15, 33, 13, 41, 21, 1, 53, 63, 0]
Rota do Picker 3: [0, 43, 45, 25, 42, 22, 62, 41, 61, 81, 7, 27, 5, 44, 64, 84, 4, 24, 6, 13, 26, 23, 3, 21, 1, 0]
Rota do Picker 4: [0, 1, 41, 4, 24, 5, 14, 34, 18, 42, 22, 92, 35, 94, 61, 55, 12, 44, 81, 36, 21, 23, 43, 13, 93, 56, 73, 17, 0]
Rota do Picker 5: [0, 1, 21, 23, 43, 13, 18, 94, 73, 82, 42, 61, 92, 75, 55, 5, 4, 41, 32, 17, 26, 0]
Rota do Picker 6: [0, 75, 62, 42, 17, 14, 43, 23, 41, 21, 1, 82, 61, 4, 24, 73, 93, 92, 3, 5, 45, 37, 44, 56, 65, 53, 13, 34, 27, 64, 63, 33, 74, 6, 0]
Rota do Picker 7: [0, 5, 61, 81, 41, 12, 24, 4, 1, 21, 64, 26, 14, 6, 45, 7, 63, 43, 23, 84, 44, 3, 13, 83, 42, 25, 0]
Rota do Picker 8: [0, 1, 21, 41, 61, 14, 34, 6, 18, 94, 24, 4, 16, 92, 72, 81, 56, 95, 84, 44, 93, 73, 12, 37, 74, 36, 62, 82, 54, 23, 53, 13, 3, 0]
Rota do Picker 9: [0, 65, 24, 63, 31, 81, 13, 4, 45, 5, 61, 41, 21, 26, 1, 3, 23, 6, 43, 74, 44, 7, 0]
Rota do Picker 10: [0, 65, 14, 43, 41, 1, 26, 36, 13, 63, 23, 5, 4, 21, 7, 42, 61, 6, 81, 27, 45, 82, 62, 24, 12, 3, 22, 33, 93, 0]
Rota do Picker 11: [0, 1, 21, 41, 23, 43, 14, 62, 42, 6, 3, 4, 24, 33, 53, 63, 61, 81, 7, 64, 37, 0]
Rota do Picker 12: [0, 1, 23, 43, 14, 55, 75, 93, 33, 18, 34, 95, 25, 53, 52, 72, 54, 94, 92, 4, 24, 32, 37, 3, 45, 15, 13, 21, 5, 65, 16, 56, 41, 61, 81, 17, 36, 74, 0]
Rota do Picker 13: [0, 81, 32, 92, 61, 55, 65, 37, 91, 71, 42, 94, 14, 64, 24, 4, 62, 1, 41, 23, 43, 33, 93, 21, 3, 13, 26, 18, 5, 15, 0]

Caso de teste: SLAPRP_Guo_small_O200_alpha0.2_v9.txt

Distancia Total: 2702.0
Quantidade de Pickers: 13
