Rota do Picker 1: [0, 1, 0]
Rota do Picker 2: [0, 1, 21, 61, 81, 23, 63, 83, 46, 85, 55, 15, 14, 74, 54, 4, 24, 64, 66, 6, 9, 47, 8, 16, 34, 73, 0]
Rota do Picker 3: [0, 1, 21, 61, 81, 4, 24, 23, 63, 3, 43, 8, 16, 54, 74, 73, 27, 7, 66, 15, 35, 36, 17, 0]
Rota do Picker 4: [0, 1, 21, 61, 81, 4, 24, 23, 63, 27, 42, 62, 82, 7, 44, 52, 12, 92, 14, 55, 25, 6, 43, 15, 34, 0]
Rota do Picker 5: [0, 64, 44, 24, 4, 74, 54, 17, 35, 63, 43, 23, 81, 61, 21, 1, 8, 6, 7, 27, 85, 9, 0]
Rota do Picker 6: [0, 1, 21, 61, 81, 4, 23, 24, 84, 7, 26, 6, 35, 15, 34, 14, 0]
Rota do Picker 7: [0, 1, 34, 16, 36, 55, 43, 6, 46, 26, 44, 24, 63, 23, 4, 81, 61, 21, 0]
Rota do Picker 8: [0, 1, 21, 61, 81, 6, 7, 45, 34, 15, 16, 24, 8, 25, 73, 54, 43, 63, 23, 64, 44, 4, 0]
Rota do Picker 9: [0, 11, 51, 13, 25, 8, 15, 17, 34, 54, 73, 23, 63, 24, 4, 85, 62, 22, 81, 61, 21, 1, 65, 46, 6, 0]
Rota do Picker 10: [0, 24, 44, 1, 61, 81, 4, 84, 7, 85, 45, 27, 8, 65, 15, 35, 55, 64, 43, 63, 23, 6, 21, 0]
Rota do Picker 11: [0, 1, 21, 24, 7, 52, 35, 4, 6, 66, 46, 83, 64, 54, 74, 34, 82, 62, 42, 84, 44, 47, 63, 43, 23, 81, 61, 0]
Rota do Picker 12: [0, 1, 21, 61, 81, 24, 44, 64, 84, 4, 43, 63, 23, 7, 6, 14, 93, 73, 0]
Rota do Picker 13: [0, 71, 14, 45, 27, 25, 64, 63, 23, 81, 21, 15, 34, 54, 35, 17, 36, 16, 9, 6, 4, 61, 1, 82, 42, 2, 0]

Caso de teste: SLAPRP_Guo_small_O200_alpha0.2_v8.txt

Distancia Total: 1450.0
Quantidade de Pickers: 13
