Rota do Picker 1: [0, 74, 94, 28, 0]
Rota do Picker 2: [0, 7, 30, 17, 9, 13, 40, 70, 48, 28, 21, 19, 80, 65, 20, 10, 60, 97, 87, 27, 1, 37, 45, 8, 46, 26, 0]
Rota do Picker 3: [0, 30, 22, 70, 7, 47, 1, 28, 10, 21, 8, 45, 46, 26, 27, 87, 48, 9, 2, 97, 0]
Rota do Picker 4: [0, 26, 46, 27, 30, 48, 45, 89, 70, 28, 69, 50, 65, 9, 8, 10, 7, 47, 97, 0]
Rota do Picker 5: [0, 60, 10, 46, 26, 80, 40, 45, 9, 30, 8, 55, 27, 87, 37, 20, 1, 47, 48, 28, 89, 19, 0]
Rota do Picker 6: [0, 30, 94, 74, 55, 9, 59, 50, 12, 75, 19, 98, 46, 10, 41, 80, 40, 39, 76, 60, 21, 37, 11, 20, 17, 45, 36, 18, 1, 70, 0]
Rota do Picker 7: [0, 17, 21, 2, 26, 46, 28, 60, 10, 87, 47, 1, 48, 89, 31, 50, 70, 97, 20, 45, 27, 9, 30, 8, 7, 65, 40, 80, 0]

Caso de teste: SLAPRP_Guo_small_O100_alpha0.4_v1.txt

Distancia Total: 1578.0
Quantidade de Pickers: 7
