Rota do Picker 1: [0, 21, 23, 64, 84, 14, 74, 25, 81, 42, 83, 37, 62, 22, 3, 7, 55, 1, 6, 54, 43, 61, 41, 44, 0]
Rota do Picker 2: [0, 72, 13, 81, 7, 17, 21, 56, 14, 65, 25, 4, 42, 22, 61, 64, 54, 26, 43, 83, 55, 15, 44, 24, 23, 41, 1, 62, 82, 0]
Rota do Picker 3: [0, 1, 14, 7, 21, 41, 61, 23, 43, 26, 82, 42, 84, 4, 24, 44, 6, 83, 63, 5, 0]
Rota do Picker 4: [0, 25, 81, 43, 23, 4, 7, 63, 42, 24, 44, 61, 41, 14, 45, 5, 21, 1, 0]
Rota do Picker 5: [0, 3, 23, 41, 61, 43, 63, 83, 4, 42, 22, 21, 1, 44, 6, 62, 25, 64, 26, 7, 5, 24, 45, 15, 2, 0]
Rota do Picker 6: [0, 1, 41, 61, 54, 74, 24, 14, 16, 26, 83, 0]
Rota do Picker 7: [0, 21, 41, 4, 24, 15, 18, 74, 54, 81, 61, 13, 53, 72, 56, 11, 34, 5, 55, 37, 17, 14, 23, 44, 25, 51, 71, 6, 36, 16, 32, 1, 43, 63, 94, 0]
Rota do Picker 8: [0, 3, 23, 43, 37, 56, 54, 65, 0]

Caso de teste: SLAPRP_Guo_small_O100_alpha0.4_v7.txt

Distancia Total: 1166.0
Quantidade de Pickers: 8
