Rota do Picker 1: [0, 21, 2, 22, 13, 57, 40, 11, 51, 71, 52, 36, 20, 94, 33, 62, 5, 45, 24, 10, 9, 8, 26, 23, 61, 41, 1, 31, 0]
Rota do Picker 2: [0, 21, 61, 2, 42, 45, 8, 10, 30, 26, 84, 4, 1, 22, 62, 47, 41, 24, 60, 20, 14, 0]
Rota do Picker 3: [0, 21, 2, 22, 42, 23, 45, 8, 43, 26, 9, 10, 67, 4, 40, 60, 57, 31, 0]
Rota do Picker 4: [0, 31, 8, 45, 23, 4, 43, 3, 62, 22, 67, 30, 10, 26, 42, 2, 21, 1, 0]
Rota do Picker 5: [0, 31, 45, 26, 23, 42, 22, 8, 10, 30, 21, 20, 60, 57, 13, 41, 2, 4, 84, 24, 94, 14, 32, 71, 11, 61, 0]
Rota do Picker 6: [0, 21, 3, 23, 22, 24, 26, 8, 67, 1, 14, 20, 40, 2, 42, 4, 5, 45, 41, 61, 31, 13, 33, 0]
Rota do Picker 7: [0, 8, 5, 62, 22, 2, 42, 45, 9, 10, 30, 76, 14, 3, 47, 26, 43, 23, 61, 21, 1, 33, 31, 11, 0]
Rota do Picker 8: [0, 2, 24, 8, 9, 26, 43, 42, 61, 21, 47, 67, 10, 30, 94, 77, 57, 40, 3, 31, 41, 1, 22, 62, 23, 13, 0]
Rota do Picker 9: [0, 23, 62, 2, 10, 30, 3, 14, 20, 57, 13, 45, 8, 26, 43, 61, 21, 22, 42, 31, 33, 77, 60, 0]
Rota do Picker 10: [0, 11, 52, 72, 32, 33, 14, 42, 1, 21, 23, 5, 45, 26, 60, 20, 77, 94, 31, 22, 0]
Rota do Picker 11: [0, 22, 2, 45, 21, 43, 26, 4, 84, 24, 8, 30, 10, 61, 42, 5, 23, 31, 14, 40, 60, 20, 33, 3, 41, 1, 0]
Rota do Picker 12: [0, 22, 42, 2, 4, 31, 23, 43, 3, 45, 1, 21, 26, 24, 9, 8, 41, 62, 47, 77, 34, 13, 32, 52, 36, 76, 72, 11, 0]

Caso de teste: SLAPRP_Guo_small_O200_alpha0.3_v10.txt

Distancia Total: 1698.0
Quantidade de Pickers: 12
