Rota do Picker 1: [0, 1, 0]
Rota do Picker 2: [0, 1, 0]
Rota do Picker 3: [0, 1, 0]
Rota do Picker 4: [0, 1, 0]
Rota do Picker 5: [0, 1, 0]
Rota do Picker 6: [0, 21, 41, 44, 64, 4, 24, 25, 26, 18, 93, 6, 5, 45, 63, 43, 23, 81, 61, 1, 0]
Rota do Picker 7: [0, 43, 23, 61, 41, 21, 1, 5, 25, 64, 44, 7, 26, 6, 4, 46, 75, 37, 0]
Rota do Picker 8: [0, 44, 24, 4, 8, 27, 7, 45, 65, 25, 5, 63, 43, 23, 61, 41, 21, 1, 0]
Rota do Picker 9: [0, 21, 41, 61, 43, 23, 64, 81, 44, 24, 4, 83, 7, 6, 5, 1, 0]
Rota do Picker 10: [0, 21, 61, 41, 23, 44, 7, 5, 65, 27, 26, 8, 25, 83, 43, 24, 4, 1, 82, 0]
Rota do Picker 11: [0, 22, 82, 25, 5, 41, 1, 81, 64, 6, 7, 27, 46, 63, 83, 44, 24, 4, 43, 23, 61, 21, 0]
Rota do Picker 12: [0, 1, 41, 81, 61, 5, 6, 46, 4, 82, 7, 27, 44, 63, 43, 23, 21, 0]
Rota do Picker 13: [0, 1, 21, 41, 61, 81, 13, 18, 37, 75, 93, 23, 43, 63, 44, 64, 8, 7, 6, 5, 65, 26, 0]
Rota do Picker 14: [0, 1, 41, 21, 23, 43, 63, 83, 5, 65, 45, 25, 81, 61, 46, 0]
Rota do Picker 15: [0, 21, 41, 61, 32, 72, 54, 93, 45, 5, 7, 27, 25, 4, 24, 63, 23, 43, 1, 0]
Rota do Picker 16: [0, 1, 81, 21, 61, 41, 12, 15, 17, 18, 83, 43, 23, 8, 7, 6, 5, 0]
Rota do Picker 17: [0, 1, 42, 23, 43, 83, 6, 44, 64, 4, 24, 46, 26, 7, 45, 5, 61, 41, 21, 0]

Caso de teste: SLAPRP_Guo_small_O200_alpha0.3_v9.txt

Distancia Total: 998.0
Quantidade de Pickers: 17
