Rota do Picker 1: [0, 6, 27, 23, 41, 1, 5, 61, 64, 22, 83, 43, 3, 21, 65, 45, 44, 82, 81, 46, 63, 25, 0]
Rota do Picker 2: [0, 26, 82, 62, 81, 44, 64, 41, 1, 21, 61, 3, 23, 43, 5, 83, 25, 6, 75, 0]
Rota do Picker 3: [0, 5, 23, 82, 25, 21, 46, 6, 81, 26, 7, 44, 83, 8, 63, 64, 43, 3, 61, 41, 1, 27, 75, 0]
Rota do Picker 4: [0, 1, 61, 3, 43, 5, 26, 62, 82, 41, 27, 63, 6, 44, 7, 21, 64, 8, 25, 23, 46, 45, 65, 83, 0]
Rota do Picker 5: [0, 43, 3, 61, 1, 23, 41, 21, 2, 42, 62, 7, 45, 64, 56, 5, 81, 63, 0]
Rota do Picker 6: [0, 1, 21, 61, 3, 43, 41, 23, 5, 46, 65, 83, 26, 45, 81, 8, 63, 25, 82, 6, 44, 7, 0]
Rota do Picker 7: [0, 23, 63, 18, 0]
Rota do Picker 8: [0, 21, 41, 61, 81, 3, 43, 11, 55, 82, 23, 1, 5, 75, 0]
Rota do Picker 9: [0, 41, 3, 23, 43, 46, 1, 5, 64, 7, 61, 26, 6, 21, 25, 24, 62, 45, 82, 8, 65, 63, 83, 0]
Rota do Picker 10: [0, 21, 41, 61, 3, 83, 82, 65, 6, 27, 5, 43, 23, 1, 45, 46, 25, 26, 63, 81, 64, 7, 62, 8, 0]
Rota do Picker 11: [0, 6, 62, 26, 41, 61, 3, 23, 43, 5, 7, 45, 25, 21, 82, 64, 1, 44, 27, 8, 81, 65, 0]
Rota do Picker 12: [0, 1, 21, 41, 61, 23, 43, 5, 3, 44, 62, 65, 83, 82, 46, 63, 81, 4, 24, 0]
Rota do Picker 13: [0, 64, 44, 21, 8, 81, 26, 6, 43, 65, 25, 82, 5, 63, 23, 3, 61, 41, 1, 51, 0]

Caso de teste: SLAPRP_Guo_small_O200_alpha0.3_v8.txt

Distancia Total: 1730.0
Quantidade de Pickers: 13
