Rota do Picker 1: [0, 1, 0]
Rota do Picker 2: [0, 1, 0]
Rota do Picker 3: [0, 27, 7, 5, 23, 81, 61, 41, 1, 21, 42, 62, 83, 4, 43, 44, 24, 36, 95, 55, 74, 0]
Rota do Picker 4: [0, 1, 21, 41, 61, 81, 23, 43, 44, 26, 4, 56, 95, 55, 63, 84, 24, 6, 5, 0]
Rota do Picker 5: [0, 51, 17, 7, 43, 23, 6, 44, 24, 4, 1, 18, 37, 74, 94, 82, 42, 81, 61, 41, 21, 25, 0]
Rota do Picker 6: [0, 75, 55, 42, 62, 26, 6, 5, 63, 56, 36, 37, 64, 44, 24, 65, 23, 43, 4, 81, 61, 41, 21, 1, 27, 0]
Rota do Picker 7: [0, 1, 21, 41, 61, 4, 5, 64, 42, 82, 45, 25, 7, 6, 23, 43, 63, 44, 84, 24, 0]
Rota do Picker 8: [0, 1, 41, 61, 4, 21, 24, 64, 26, 23, 43, 27, 82, 42, 18, 95, 94, 74, 0]
Rota do Picker 9: [0, 94, 74, 18, 26, 62, 42, 24, 4, 43, 83, 23, 61, 81, 41, 21, 1, 5, 25, 45, 44, 55, 0]
Rota do Picker 10: [0, 1, 41, 36, 18, 17, 37, 83, 63, 45, 65, 5, 24, 43, 23, 21, 61, 81, 4, 84, 7, 42, 0]
Rota do Picker 11: [0, 1, 24, 5, 43, 23, 7, 6, 62, 42, 21, 41, 61, 81, 63, 64, 4, 17, 0]
Rota do Picker 12: [0, 1, 61, 41, 43, 82, 42, 17, 37, 18, 36, 5, 45, 7, 23, 44, 4, 21, 0]
Rota do Picker 13: [0, 1, 21, 41, 61, 23, 43, 63, 6, 44, 24, 4, 7, 45, 56, 36, 55, 0]
Rota do Picker 14: [0, 5, 42, 23, 43, 4, 24, 84, 45, 55, 32, 15, 37, 36, 53, 13, 61, 41, 21, 81, 1, 0]

Caso de teste: SLAPRP_Guo_small_O200_alpha0.2_v9.txt

Distancia Total: 1268.0
Quantidade de Pickers: 14
