Rota do Picker 1: [0, 74, 54, 62, 3, 58, 38, 34, 4, 41, 56, 18, 61, 13, 33, 94, 16, 93, 20, 25, 52, 37, 73, 53, 72, 1, 21, 32, 14, 55, 76, 96, 24, 12, 15, 35, 75, 5, 0]
Rota do Picker 2: [0, 43, 32, 5, 12, 23, 3, 52, 91, 71, 81, 61, 82, 25, 54, 74, 62, 4, 34, 14, 41, 21, 1, 36, 20, 16, 42, 24, 0]
Rota do Picker 3: [0, 36, 53, 12, 32, 52, 16, 54, 74, 18, 1, 82, 19, 93, 73, 56, 41, 92, 35, 71, 57, 15, 23, 5, 55, 96, 76, 33, 13, 21, 0]
Rota do Picker 4: [0, 1, 41, 3, 43, 13, 33, 16, 63, 0]
Rota do Picker 5: [0, 32, 38, 15, 56, 19, 74, 54, 34, 76, 36, 57, 20, 53, 73, 37, 1, 14, 16, 96, 21, 13, 33, 35, 18, 94, 12, 52, 17, 0]
Rota do Picker 6: [0, 14, 54, 77, 33, 13, 75, 19, 1, 20, 94, 18, 74, 57, 17, 58, 38, 16, 32, 37, 36, 39, 76, 56, 52, 12, 34, 35, 15, 0]
Rota do Picker 7: [0, 76, 93, 73, 21, 82, 39, 94, 74, 53, 33, 13, 1, 37, 4, 18, 32, 96, 36, 12, 52, 14, 15, 35, 57, 17, 75, 16, 56, 34, 23, 0]
Rota do Picker 8: [0, 21, 13, 33, 73, 93, 18, 19, 38, 17, 71, 52, 94, 75, 15, 32, 35, 20, 34, 74, 12, 76, 55, 36, 16, 54, 14, 1, 96, 0]
Rota do Picker 9: [0, 1, 21, 52, 5, 38, 3, 23, 14, 34, 36, 16, 4, 93, 53, 33, 13, 35, 12, 24, 15, 75, 76, 82, 73, 61, 55, 95, 25, 32, 54, 63, 41, 62, 0]
Rota do Picker 10: [0, 1, 4, 24, 35, 75, 23, 16, 41, 93, 53, 32, 21, 61, 36, 54, 62, 12, 52, 14, 37, 34, 15, 43, 3, 57, 5, 74, 33, 13, 73, 94, 91, 71, 0]
Rota do Picker 11: [0, 1, 61, 34, 38, 74, 16, 71, 94, 19, 93, 73, 53, 13, 33, 54, 57, 18, 95, 56, 77, 37, 76, 96, 36, 12, 52, 14, 17, 21, 32, 55, 39, 15, 35, 75, 20, 0]
Rota do Picker 12: [0, 21, 62, 82, 52, 36, 38, 57, 5, 93, 73, 74, 1, 13, 33, 53, 55, 54, 34, 14, 41, 35, 15, 32, 12, 18, 91, 71, 23, 61, 81, 75, 0]

Caso de teste: SLAPRP_Guo_small_O200_alpha0.3_v1.txt

Distancia Total: 2526.0
Quantidade de Pickers: 12
