Rota do Picker 1: [0, 11, 31, 18, 39, 98, 19, 33, 14, 50, 30, 10, 60, 20, 74, 94, 75, 55, 37, 17, 12, 1, 0]
Rota do Picker 2: [0, 75, 55, 12, 32, 17, 18, 98, 94, 74, 52, 37, 19, 20, 60, 39, 31, 51, 13, 42, 21, 1, 0]
Rota do Picker 3: [0, 12, 55, 18, 37, 17, 75, 50, 83, 23, 3, 20, 19, 33, 66, 46, 26, 69, 84, 64, 65, 45, 89, 9, 30, 28, 8, 1, 0]
Rota do Picker 4: [0, 11, 12, 32, 55, 75, 74, 94, 13, 93, 3, 45, 10, 30, 28, 8, 26, 46, 66, 27, 67, 21, 31, 33, 39, 20, 19, 40, 36, 37, 17, 1, 0]
Rota do Picker 5: [0, 23, 46, 66, 9, 28, 27, 4, 21, 33, 26, 3, 12, 11, 31, 74, 37, 17, 14, 52, 32, 55, 18, 10, 8, 20, 60, 19, 13, 39, 40, 0]
Rota do Picker 6: [0, 1, 2, 47, 65, 45, 84, 64, 26, 9, 28, 67, 27, 30, 8, 31, 51, 75, 14, 41, 0]

Caso de teste: SLAPRP_Guo_small_O100_alpha0.3_v1.txt

Distancia Total: 928.0
Quantidade de Pickers: 6
