Rota do Picker 1: [0, 10, 19, 87, 40, 89, 22, 50, 21, 48, 9, 20, 64, 83, 60, 46, 36, 27, 26, 1, 30, 76, 85, 45, 8, 7, 0]
Rota do Picker 2: [0, 3, 83, 11, 74, 93, 1, 12, 55, 75, 7, 2, 26, 40, 94, 18, 50, 60, 59, 19, 98, 13, 21, 41, 85, 20, 0]
Rota do Picker 3: [0, 11, 74, 94, 18, 98, 93, 7, 21, 32, 55, 75, 59, 36, 85, 84, 13, 22, 37, 60, 12, 41, 39, 40, 64, 19, 20, 0]
Rota do Picker 4: [0, 21, 7, 46, 27, 87, 8, 26, 45, 85, 47, 3, 50, 69, 41, 30, 10, 89, 9, 48, 1, 64, 0]
Rota do Picker 5: [0, 69, 2, 45, 46, 9, 87, 27, 7, 3, 21, 26, 64, 30, 8, 47, 50, 48, 85, 10, 0]
Rota do Picker 6: [0, 3, 83, 27, 10, 7, 87, 8, 9, 46, 76, 22, 50, 64, 85, 69, 47, 21, 1, 36, 45, 30, 48, 26, 2, 0]
Rota do Picker 7: [0, 11, 75, 7, 22, 21, 64, 84, 8, 27, 46, 45, 50, 36, 85, 26, 89, 1, 76, 9, 48, 41, 10, 40, 47, 30, 19, 87, 20, 0]
Rota do Picker 8: [0, 7, 27, 87, 9, 47, 69, 46, 64, 30, 45, 50, 10, 8, 26, 48, 85, 0]
Rota do Picker 9: [0, 45, 30, 48, 8, 50, 46, 26, 87, 27, 7, 9, 47, 85, 3, 69, 10, 0]
Rota do Picker 10: [0, 45, 85, 27, 46, 20, 40, 60, 76, 8, 36, 26, 7, 48, 0]
Rota do Picker 11: [0, 21, 64, 30, 1, 45, 76, 87, 3, 47, 85, 27, 26, 2, 22, 36, 46, 69, 19, 10, 9, 48, 8, 7, 40, 0]
Rota do Picker 12: [0, 45, 8, 27, 46, 76, 60, 69, 10, 1, 30, 47, 83, 3, 85, 87, 19, 36, 20, 48, 26, 7, 9, 40, 2, 0]

Caso de teste: SLAPRP_Guo_small_O200_alpha0.4_v6.txt

Distancia Total: 2676.0
Quantidade de Pickers: 12
