Rota do Picker 1: [0, 1, 0]
Rota do Picker 2: [0, 71, 34, 74, 94, 38, 58, 20, 37, 17, 77, 4, 24, 73, 96, 55, 35, 15, 52, 32, 12, 1, 22, 42, 5, 33, 13, 21, 0]
Rota do Picker 3: [0, 1, 13, 33, 53, 15, 35, 75, 95, 12, 32, 52, 92, 16, 36, 96, 56, 17, 19, 18, 38, 74, 94, 54, 34, 14, 3, 24, 5, 0]
Rota do Picker 4: [0, 1, 14, 34, 54, 17, 57, 77, 39, 58, 35, 15, 72, 12, 32, 59, 20, 97, 36, 16, 73, 53, 33, 13, 0]
Rota do Picker 5: [0, 54, 34, 14, 1, 21, 3, 23, 43, 13, 33, 12, 32, 52, 15, 35, 55, 19, 59, 20, 76, 56, 95, 37, 97, 57, 17, 62, 42, 0]
Rota do Picker 6: [0, 1, 15, 35, 34, 74, 94, 54, 18, 17, 37, 36, 16, 59, 39, 21, 41, 3, 43, 5, 52, 32, 12, 0]
Rota do Picker 7: [0, 1, 61, 13, 33, 53, 62, 22, 42, 17, 37, 20, 43, 3, 63, 41, 21, 14, 58, 57, 4, 24, 23, 32, 12, 52, 93, 94, 54, 34, 0]
Rota do Picker 8: [0, 12, 52, 32, 43, 3, 23, 62, 82, 37, 57, 17, 38, 18, 14, 54, 34, 33, 13, 41, 21, 1, 0]
Rota do Picker 9: [0, 1, 21, 41, 13, 33, 53, 34, 15, 35, 95, 57, 58, 38, 17, 37, 56, 76, 96, 74, 54, 32, 12, 0]
Rota do Picker 10: [0, 1, 21, 41, 36, 96, 56, 16, 18, 58, 17, 37, 52, 12, 32, 34, 54, 74, 94, 14, 95, 55, 35, 15, 53, 33, 13, 4, 3, 22, 0]
Rota do Picker 11: [0, 12, 1, 93, 13, 33, 54, 38, 95, 75, 35, 15, 71, 82, 62, 18, 32, 52, 5, 24, 77, 17, 34, 14, 31, 21, 81, 11, 0]

Caso de teste: SLAPRP_Guo_small_O200_alpha0.3_v3.txt

Distancia Total: 1160.0
Quantidade de Pickers: 11
