Rota do Picker 1: [0, 1, 41, 14, 34, 74, 0]
Rota do Picker 2: [0, 5, 7, 3, 43, 23, 41, 21, 61, 74, 54, 15, 62, 42, 22, 24, 25, 6, 26, 63, 83, 4, 36, 17, 93, 33, 1, 0]
Rota do Picker 3: [0, 1, 3, 43, 23, 26, 65, 5, 21, 41, 82, 62, 42, 22, 4, 24, 7, 27, 15, 35, 8, 45, 16, 74, 54, 72, 92, 0]
Rota do Picker 4: [0, 1, 41, 22, 42, 3, 23, 5, 25, 45, 2, 43, 83, 84, 44, 24, 4, 81, 61, 21, 62, 17, 46, 27, 53, 34, 14, 55, 15, 93, 73, 92, 72, 0]
Rota do Picker 5: [0, 22, 25, 5, 4, 6, 21, 1, 0]

Caso de teste: SLAPRP_Guo_small_O50_alpha0.4_v7.txt

Distancia Total: 488.0
Quantidade de Pickers: 5
