Rota do Picker 1: [0, 1, 0]
Rota do Picker 2: [0, 1, 21, 51, 71, 0]
Rota do Picker 3: [0, 1, 21, 61, 23, 63, 83, 17, 53, 93, 73, 15, 51, 34, 14, 16, 32, 72, 7, 27, 47, 42, 82, 55, 35, 24, 4, 43, 0]
Rota do Picker 4: [0, 1, 21, 61, 4, 24, 7, 27, 32, 36, 17, 33, 13, 82, 42, 43, 63, 34, 14, 54, 16, 25, 23, 45, 65, 85, 5, 93, 53, 64, 84, 0]
Rota do Picker 5: [0, 1, 61, 81, 21, 22, 42, 8, 27, 65, 45, 5, 32, 52, 14, 34, 73, 93, 53, 15, 35, 44, 3, 43, 23, 83, 63, 24, 4, 0]
Rota do Picker 6: [0, 65, 5, 6, 7, 27, 44, 24, 4, 23, 63, 83, 16, 73, 33, 72, 32, 34, 14, 13, 61, 21, 25, 8, 28, 15, 54, 71, 51, 3, 1, 0]
Rota do Picker 7: [0, 1, 4, 24, 44, 3, 23, 43, 5, 45, 85, 61, 21, 6, 25, 73, 53, 42, 22, 66, 8, 83, 63, 46, 14, 36, 16, 35, 92, 32, 33, 13, 0]
Rota do Picker 8: [0, 1, 3, 23, 6, 26, 46, 41, 14, 54, 34, 32, 64, 44, 24, 5, 22, 4, 66, 63, 43, 42, 61, 21, 0]
Rota do Picker 9: [0, 1, 61, 81, 72, 32, 14, 23, 0]

Caso de teste: SLAPRP_Guo_small_O100_alpha0.2_v3.txt

Distancia Total: 920.0
Quantidade de Pickers: 9
