Rota do Picker 1: [0, 3, 23, 83, 64, 67, 36, 19, 0]
Rota do Picker 2: [0, 36, 30, 42, 4, 3, 27, 83, 68, 20, 19, 46, 69, 9, 61, 41, 23, 64, 40, 7, 67, 26, 14, 13, 8, 22, 52, 11, 21, 51, 17, 0]
Rota do Picker 3: [0, 1, 23, 7, 27, 30, 46, 67, 69, 87, 83, 10, 9, 64, 61, 68, 8, 22, 21, 4, 26, 11, 0]
Rota do Picker 4: [0, 21, 22, 7, 26, 46, 10, 30, 68, 9, 69, 3, 87, 27, 8, 0]
Rota do Picker 5: [0, 83, 67, 30, 19, 14, 4, 87, 61, 1, 21, 3, 7, 27, 8, 9, 36, 46, 26, 23, 22, 41, 11, 42, 0]
Rota do Picker 6: [0, 20, 26, 22, 21, 11, 1, 8, 68, 36, 19, 9, 40, 77, 37, 17, 51, 61, 74, 57, 12, 83, 52, 64, 0]
Rota do Picker 7: [0, 21, 22, 7, 27, 87, 26, 46, 64, 8, 9, 61, 69, 50, 20, 4, 10, 30, 3, 19, 41, 23, 67, 13, 0]

Caso de teste: SLAPRP_Guo_small_O100_alpha0.2_v4.txt

Distancia Total: 1252.0
Quantidade de Pickers: 7
