Rota do Picker 1: [0, 83, 4, 26, 42, 22, 21, 1, 23, 43, 44, 6, 3, 63, 45, 62, 82, 46, 24, 64, 7, 5, 81, 61, 41, 0]
Rota do Picker 2: [0, 81, 61, 21, 41, 1, 4, 24, 23, 43, 71, 18, 0]
Rota do Picker 3: [0, 21, 5, 43, 4, 83, 45, 44, 63, 3, 8, 64, 46, 23, 24, 6, 65, 27, 22, 7, 25, 62, 42, 41, 1, 0]
Rota do Picker 4: [0, 41, 42, 24, 64, 17, 43, 45, 22, 3, 63, 25, 8, 1, 21, 61, 6, 81, 5, 82, 62, 23, 0]
Rota do Picker 5: [0, 35, 56, 16, 41, 21, 1, 61, 81, 14, 34, 17, 37, 18, 15, 52, 75, 42, 0]
Rota do Picker 6: [0, 1, 21, 22, 43, 63, 5, 17, 81, 82, 64, 25, 72, 44, 24, 61, 83, 62, 42, 23, 41, 92, 0]
Rota do Picker 7: [0, 65, 82, 44, 63, 41, 61, 46, 26, 45, 24, 7, 83, 43, 25, 4, 22, 6, 5, 62, 42, 23, 21, 1, 27, 0]

Caso de teste: SLAPRP_Guo_small_O100_alpha0.2_v1.txt

Distancia Total: 918.0
Quantidade de Pickers: 7
