Rota do Picker 1: [0, 21, 81, 1, 41, 61, 43, 63, 3, 23, 26, 6, 46, 7, 47, 54, 34, 93, 53, 5, 45, 65, 35, 14, 52, 0]
Rota do Picker 2: [0, 26, 8, 44, 24, 3, 23, 63, 83, 65, 25, 14, 54, 85, 43, 2, 4, 27, 47, 7, 28, 11, 52, 34, 6, 5, 1, 21, 41, 61, 72, 0]
Rota do Picker 3: [0, 21, 41, 54, 73, 53, 24, 81, 61, 5, 25, 45, 6, 66, 86, 42, 82, 9, 7, 44, 84, 64, 47, 27, 62, 1, 0]
Rota do Picker 4: [0, 3, 63, 1, 21, 41, 61, 81, 35, 55, 15, 47, 8, 24, 45, 25, 5, 64, 44, 6, 46, 26, 14, 34, 52, 0]
Rota do Picker 5: [0, 1, 81, 61, 66, 8, 24, 91, 71, 33, 64, 25, 5, 41, 21, 0]
Rota do Picker 6: [0, 1, 21, 3, 23, 8, 14, 73, 53, 15, 34, 16, 24, 84, 64, 44, 6, 4, 81, 61, 41, 52, 0]

Caso de teste: SLAPRP_Guo_small_O100_alpha0.4_v8.txt

Distancia Total: 734.0
Quantidade de Pickers: 6
