Rota do Picker 1: [0, 21, 41, 61, 81, 4, 24, 65, 6, 46, 8, 35, 14, 54, 27, 7, 26, 64, 44, 1, 0]
Rota do Picker 2: [0, 1, 21, 41, 61, 4, 44, 24, 7, 27, 82, 22, 5, 46, 36, 75, 35, 55, 16, 0]
Rota do Picker 3: [0, 1, 41, 61, 81, 21, 4, 24, 84, 8, 85, 65, 7, 27, 6, 64, 44, 5, 26, 16, 0]
Rota do Picker 4: [0, 1, 41, 61, 7, 4, 24, 64, 82, 65, 35, 55, 26, 6, 84, 21, 81, 22, 42, 54, 0]
Rota do Picker 5: [0, 31, 34, 37, 7, 84, 44, 4, 41, 61, 81, 17, 55, 54, 64, 24, 6, 46, 26, 82, 21, 1, 0]
Rota do Picker 6: [0, 81, 41, 61, 1, 82, 4, 44, 24, 6, 8, 21, 36, 16, 17, 53, 93, 33, 0]
Rota do Picker 7: [0, 83, 43, 1, 81, 62, 21, 41, 61, 4, 24, 64, 23, 6, 7, 44, 17, 37, 0]

Caso de teste: SLAPRP_Guo_small_O100_alpha0.3_v8.txt

Distancia Total: 716.0
Quantidade de Pickers: 7
