Rota do Picker 1: [0, 43, 3, 23, 42, 32, 34, 17, 40, 10, 30, 9, 46, 26, 21, 61, 1, 41, 76, 0]
Rota do Picker 2: [0, 51, 9, 8, 26, 24, 42, 41, 21, 61, 23, 5, 45, 10, 32, 34, 13, 14, 97, 37, 17, 1, 62, 2, 4, 46, 0]
Rota do Picker 3: [0, 26, 30, 10, 40, 20, 1, 21, 23, 62, 42, 46, 8, 9, 51, 14, 57, 34, 32, 0]
Rota do Picker 4: [0, 21, 23, 46, 66, 32, 14, 13, 60, 37, 17, 2, 1, 4, 10, 50, 30, 9, 26, 42, 3, 52, 51, 11, 0]
Rota do Picker 5: [0, 43, 10, 50, 23, 41, 61, 1, 32, 72, 76, 37, 5, 30, 9, 26, 34, 52, 11, 21, 2, 62, 40, 20, 17, 55, 15, 14, 13, 0]
Rota do Picker 6: [0, 32, 14, 34, 5, 41, 61, 17, 37, 36, 57, 23, 43, 26, 10, 3, 33, 13, 2, 42, 62, 9, 8, 24, 21, 1, 0]
Rota do Picker 7: [0, 21, 46, 5, 14, 51, 41, 30, 9, 23, 42, 2, 1, 8, 26, 76, 15, 32, 61, 0]
Rota do Picker 8: [0, 21, 41, 3, 11, 10, 9, 13, 37, 20, 36, 76, 62, 24, 4, 45, 8, 43, 23, 2, 42, 26, 46, 14, 40, 60, 17, 32, 51, 0]
Rota do Picker 9: [0, 21, 3, 23, 43, 26, 46, 9, 8, 51, 11, 1, 20, 40, 13, 12, 52, 53, 57, 61, 41, 32, 72, 17, 37, 34, 14, 45, 4, 0]
Rota do Picker 10: [0, 2, 42, 62, 5, 30, 51, 13, 53, 32, 12, 61, 24, 45, 4, 43, 23, 8, 10, 9, 46, 66, 26, 41, 21, 0]
Rota do Picker 11: [0, 41, 2, 11, 53, 51, 37, 32, 13, 20, 17, 14, 21, 43, 23, 26, 24, 42, 22, 1, 4, 8, 9, 0]

Caso de teste: SLAPRP_Guo_small_O200_alpha0.4_v9.txt

Distancia Total: 1612.0
Quantidade de Pickers: 11
