Rota do Picker 1: [0, 83, 46, 67, 87, 27, 7, 22, 50, 30, 10, 9, 45, 47, 3, 69, 23, 26, 8, 48, 0]
Rota do Picker 2: [0, 1, 40, 48, 45, 67, 26, 75, 10, 52, 32, 60, 8, 21, 46, 69, 0]
Rota do Picker 3: [0, 32, 75, 26, 10, 74, 57, 67, 18, 55, 11, 60, 51, 31, 1, 0]
Rota do Picker 4: [0, 14, 97, 94, 77, 13, 20, 60, 93, 57, 11, 32, 55, 75, 18, 40, 76, 98, 74, 0]
Rota do Picker 5: [0, 32, 12, 55, 75, 74, 97, 10, 41, 76, 21, 22, 1, 13, 98, 20, 31, 96, 11, 40, 52, 93, 18, 26, 0]
Rota do Picker 6: [0, 40, 10, 1, 98, 21, 55, 75, 20, 96, 31, 97, 60, 77, 13, 26, 18, 94, 74, 32, 11, 93, 0]
Rota do Picker 7: [0, 26, 45, 10, 69, 76, 96, 22, 23, 83, 7, 8, 14, 21, 48, 47, 67, 40, 65, 46, 20, 27, 87, 1, 41, 9, 30, 60, 3, 50, 0]

Caso de teste: SLAPRP_Guo_small_O100_alpha0.4_v8.txt

Distancia Total: 1438.0
Quantidade de Pickers: 7
