Rota do Picker 1: [0, 36, 60, 57, 17, 2, 84, 3, 22, 45, 87, 27, 9, 8, 7, 41, 21, 1, 26, 10, 28, 46, 32, 18, 59, 40, 75, 55, 11, 0]
Rota do Picker 2: [0, 41, 2, 26, 46, 7, 87, 45, 8, 9, 27, 36, 37, 97, 57, 69, 89, 50, 10, 20, 18, 55, 0]
Rota do Picker 3: [0, 32, 69, 89, 9, 8, 46, 26, 45, 65, 27, 87, 10, 30, 2, 41, 1, 50, 7, 84, 64, 19, 17, 36, 18, 21, 0]
Rota do Picker 4: [0, 28, 10, 22, 1, 41, 21, 18, 40, 60, 17, 69, 9, 8, 7, 27, 26, 46, 45, 19, 39, 59, 20, 77, 57, 37, 55, 11, 0]
Rota do Picker 5: [0, 41, 10, 50, 46, 7, 27, 69, 30, 8, 28, 9, 26, 45, 22, 18, 19, 40, 36, 1, 0]
Rota do Picker 6: [0, 2, 36, 18, 39, 55, 40, 17, 37, 57, 9, 10, 27, 7, 64, 84, 22, 41, 21, 1, 26, 46, 8, 28, 45, 0]
Rota do Picker 7: [0, 1, 7, 30, 9, 26, 84, 21, 41, 13, 20, 36, 76, 40, 18, 3, 45, 27, 46, 8, 2, 0]
Rota do Picker 8: [0, 1, 21, 27, 50, 10, 9, 46, 7, 87, 45, 3, 26, 2, 30, 8, 28, 84, 64, 19, 74, 57, 55, 31, 11, 0]
Rota do Picker 9: [0, 37, 17, 57, 18, 11, 8, 46, 7, 32, 36, 75, 55, 40, 20, 28, 30, 10, 65, 3, 45, 26, 27, 69, 9, 2, 1, 0]
Rota do Picker 10: [0, 84, 2, 26, 46, 8, 9, 89, 69, 30, 28, 7, 27, 45, 17, 18, 19, 37, 76, 0]
Rota do Picker 11: [0, 84, 22, 30, 50, 9, 87, 27, 8, 26, 46, 7, 10, 45, 17, 37, 18, 2, 3, 32, 0]
Rota do Picker 12: [0, 1, 31, 51, 55, 19, 39, 59, 77, 97, 17, 89, 69, 8, 41, 21, 28, 2, 22, 7, 27, 87, 26, 32, 0]

Caso de teste: SLAPRP_Guo_small_O200_alpha0.3_v9.txt

Distancia Total: 1748.0
Quantidade de Pickers: 12
