Rota do Picker 1: [0, 27, 62, 3, 61, 83, 82, 42, 26, 24, 4, 81, 41, 21, 1, 23, 6, 25, 64, 46, 43, 63, 0]
Rota do Picker 2: [0, 7, 44, 21, 41, 61, 4, 24, 8, 62, 3, 63, 46, 83, 64, 25, 43, 1, 23, 81, 45, 6, 82, 0]
Rota do Picker 3: [0, 43, 5, 61, 44, 24, 41, 21, 1, 46, 81, 8, 25, 64, 4, 6, 83, 82, 27, 23, 3, 26, 45, 63, 7, 0]
Rota do Picker 4: [0, 21, 81, 3, 24, 61, 44, 25, 46, 4, 8, 62, 83, 43, 65, 1, 41, 23, 6, 7, 63, 64, 27, 0]
Rota do Picker 5: [0, 31, 32, 0]
Rota do Picker 6: [0, 1, 21, 41, 3, 23, 82, 37, 7, 63, 25, 4, 61, 26, 81, 83, 24, 43, 44, 62, 0]
Rota do Picker 7: [0, 62, 46, 23, 45, 27, 4, 64, 65, 24, 21, 81, 6, 82, 7, 44, 43, 8, 26, 25, 3, 61, 41, 1, 83, 0]
Rota do Picker 8: [0, 1, 41, 3, 24, 44, 18, 82, 62, 4, 61, 21, 81, 43, 25, 0]

Caso de teste: SLAPRP_Guo_small_O100_alpha0.3_v8.txt

Distancia Total: 1054.0
Quantidade de Pickers: 8
