Rota do Picker 1: [0, 31, 21, 41, 30, 47, 87, 27, 17, 19, 20, 13, 48, 28, 46, 26, 8, 9, 69, 89, 10, 7, 45, 96, 97, 18, 94, 74, 39, 77, 57, 11, 0]
Rota do Picker 2: [0, 3, 8, 9, 69, 27, 67, 87, 45, 65, 46, 28, 48, 30, 84, 64, 47, 7, 26, 13, 40, 20, 39, 19, 11, 51, 0]
Rota do Picker 3: [0, 31, 17, 27, 8, 46, 26, 21, 41, 45, 9, 48, 28, 30, 10, 7, 89, 97, 32, 19, 64, 84, 18, 75, 55, 12, 0]
Rota do Picker 4: [0, 26, 46, 8, 28, 67, 27, 30, 9, 3, 21, 41, 1, 10, 87, 47, 7, 45, 64, 12, 97, 17, 0]
Rota do Picker 5: [0, 1, 26, 27, 7, 45, 30, 89, 69, 9, 8, 48, 46, 84, 11, 0]
Rota do Picker 6: [0, 1, 3, 28, 8, 7, 27, 87, 48, 26, 46, 9, 89, 64, 22, 11, 51, 84, 21, 74, 94, 20, 59, 17, 31, 57, 39, 18, 75, 55, 0]

Caso de teste: SLAPRP_Guo_small_O100_alpha0.2_v1.txt

Distancia Total: 928.0
Quantidade de Pickers: 6
