Rota do Picker 1: [0, 1, 0]
Rota do Picker 2: [0, 1, 2, 22, 42, 3, 23, 41, 21, 12, 33, 13, 11, 51, 31, 52, 32, 0]
Rota do Picker 3: [0, 1, 21, 41, 32, 52, 33, 31, 51, 11, 12, 3, 22, 2, 0]
Rota do Picker 4: [0, 51, 31, 11, 22, 2, 1, 41, 21, 42, 3, 23, 13, 33, 12, 0]
Rota do Picker 5: [0, 12, 11, 51, 31, 42, 22, 2, 1, 21, 41, 23, 3, 0]
Rota do Picker 6: [0, 32, 12, 31, 11, 42, 22, 2, 3, 41, 21, 1, 0]
Rota do Picker 7: [0, 1, 21, 41, 2, 42, 22, 3, 23, 31, 11, 13, 32, 12, 0]
Rota do Picker 8: [0, 21, 41, 1, 3, 23, 22, 2, 51, 31, 11, 12, 32, 13, 0]
Rota do Picker 9: [0, 1, 21, 41, 12, 32, 52, 31, 51, 2, 22, 23, 3, 33, 13, 11, 0]
Rota do Picker 10: [0, 1, 21, 31, 11, 51, 22, 2, 23, 3, 33, 13, 12, 0]
Rota do Picker 11: [0, 1, 41, 21, 12, 32, 52, 51, 2, 22, 3, 23, 31, 11, 13, 0]
Rota do Picker 12: [0, 1, 21, 22, 3, 2, 42, 41, 32, 12, 52, 13, 51, 31, 11, 0]

Caso de teste: SLAPRP_Guo_small_O200_alpha0.3_v2.txt

Distancia Total: 482.0
Quantidade de Pickers: 12
