Rota do Picker 1: [0, 82, 64, 24, 61, 63, 4, 5, 62, 42, 23, 3, 41, 21, 1, 43, 6, 72, 26, 46, 37, 83, 34, 44, 22, 0]
Rota do Picker 2: [0, 1, 21, 41, 23, 42, 62, 82, 65, 5, 43, 46, 63, 3, 81, 61, 64, 83, 24, 4, 45, 22, 0]
Rota do Picker 3: [0, 1, 21, 4, 24, 64, 23, 63, 44, 27, 62, 42, 45, 5, 3, 41, 43, 22, 7, 83, 6, 72, 0]
Rota do Picker 4: [0, 62, 43, 27, 44, 24, 4, 42, 23, 7, 5, 26, 6, 3, 21, 8, 25, 1, 83, 45, 64, 65, 46, 41, 61, 0]
Rota do Picker 5: [0, 42, 72, 92, 31, 55, 71, 51, 21, 1, 32, 52, 17, 12, 16, 15, 35, 37, 54, 56, 36, 41, 61, 81, 74, 14, 34, 22, 13, 5, 0]
Rota do Picker 6: [0, 1, 21, 41, 22, 42, 62, 5, 3, 24, 44, 23, 4, 46, 8, 43, 26, 82, 61, 63, 64, 6, 65, 0]
Rota do Picker 7: [0, 72, 12, 23, 3, 16, 4, 62, 42, 21, 37, 34, 24, 44, 52, 92, 74, 43, 35, 75, 18, 5, 93, 53, 61, 81, 83, 73, 22, 41, 1, 25, 0]
Rota do Picker 8: [0, 21, 61, 3, 23, 72, 52, 83, 43, 41, 1, 36, 42, 64, 24, 74, 93, 73, 27, 6, 5, 22, 62, 82, 16, 25, 92, 44, 63, 81, 0]
Rota do Picker 9: [0, 21, 23, 4, 6, 63, 5, 43, 34, 26, 7, 46, 41, 22, 42, 65, 45, 27, 72, 62, 83, 44, 24, 1, 3, 0]
Rota do Picker 10: [0, 1, 3, 23, 25, 42, 34, 7, 22, 43, 6, 83, 27, 64, 61, 46, 63, 45, 44, 41, 21, 5, 62, 24, 4, 0]
Rota do Picker 11: [0, 23, 3, 8, 45, 62, 1, 6, 7, 61, 26, 41, 43, 65, 83, 4, 64, 63, 46, 24, 25, 5, 42, 22, 21, 51, 27, 0]

Caso de teste: SLAPRP_Guo_small_O200_alpha0.4_v5.txt

Distancia Total: 1912.0
Quantidade de Pickers: 11
