Rota do Picker 1: [0, 1, 21, 41, 61, 81, 5, 7, 27, 62, 82, 22, 24, 64, 44, 4, 23, 43, 83, 45, 8, 42, 0]
Rota do Picker 2: [0, 1, 21, 41, 61, 44, 64, 4, 24, 23, 43, 63, 83, 27, 8, 6, 5, 81, 42, 22, 25, 46, 26, 3, 0]
Rota do Picker 3: [0, 1, 14, 17, 56, 34, 74, 54, 91, 52, 5, 23, 62, 82, 41, 61, 81, 75, 64, 44, 43, 6, 24, 4, 42, 22, 21, 0]
Rota do Picker 4: [0, 1, 7, 25, 45, 44, 42, 22, 63, 83, 46, 24, 64, 6, 8, 26, 2, 43, 23, 5, 81, 61, 41, 21, 0]
Rota do Picker 5: [0, 3, 5, 6, 26, 25, 23, 63, 83, 43, 62, 42, 41, 21, 1, 0]
Rota do Picker 6: [0, 1, 21, 41, 42, 62, 82, 22, 23, 43, 63, 65, 45, 27, 46, 26, 6, 25, 5, 4, 0]
Rota do Picker 7: [0, 1, 21, 41, 23, 24, 64, 52, 72, 32, 55, 75, 61, 22, 7, 25, 5, 6, 4, 44, 8, 26, 43, 3, 62, 42, 0]
Rota do Picker 8: [0, 74, 36, 83, 43, 25, 5, 1, 81, 61, 41, 21, 14, 34, 93, 17, 75, 35, 15, 13, 56, 63, 0]
Rota do Picker 9: [0, 1, 21, 61, 52, 33, 34, 14, 55, 35, 93, 53, 22, 43, 83, 63, 62, 82, 42, 24, 44, 4, 25, 7, 71, 91, 72, 27, 5, 41, 81, 0]
Rota do Picker 10: [0, 1, 21, 41, 23, 63, 43, 62, 8, 7, 6, 4, 75, 36, 18, 37, 56, 82, 45, 5, 42, 22, 44, 0]
Rota do Picker 11: [0, 1, 24, 4, 21, 41, 61, 35, 17, 55, 15, 14, 45, 65, 6, 46, 3, 23, 27, 7, 62, 42, 22, 72, 92, 0]
Rota do Picker 12: [0, 1, 11, 51, 52, 12, 22, 62, 42, 64, 27, 6, 3, 43, 63, 5, 45, 65, 25, 61, 41, 21, 91, 17, 35, 14, 34, 18, 23, 46, 26, 24, 4, 44, 0]

Caso de teste: SLAPRP_Guo_small_O200_alpha0.2_v8.txt

Distancia Total: 1356.0
Quantidade de Pickers: 12
