Rota do Picker 1: [0, 93, 33, 74, 54, 34, 32, 21, 1, 81, 41, 4, 5, 25, 45, 7, 27, 6, 23, 18, 37, 62, 82, 42, 22, 83, 43, 3, 63, 26, 46, 44, 0]
Rota do Picker 2: [0, 1, 22, 42, 62, 82, 65, 63, 83, 43, 3, 24, 64, 26, 81, 61, 21, 23, 34, 53, 33, 45, 5, 4, 41, 0]
Rota do Picker 3: [0, 1, 21, 41, 3, 23, 5, 6, 27, 7, 24, 4, 8, 26, 46, 25, 45, 72, 32, 74, 34, 54, 35, 62, 42, 22, 0]
Rota do Picker 4: [0, 1, 21, 41, 61, 5, 25, 3, 4, 24, 6, 27, 7, 82, 42, 22, 44, 64, 43, 32, 52, 92, 93, 18, 53, 33, 54, 55, 75, 0]
Rota do Picker 5: [0, 4, 64, 53, 56, 16, 32, 12, 72, 1, 46, 51, 91, 92, 54, 35, 37, 17, 36, 93, 21, 41, 61, 63, 83, 24, 43, 23, 3, 5, 62, 42, 22, 82, 0]
Rota do Picker 6: [0, 4, 24, 26, 65, 25, 27, 5, 46, 7, 15, 91, 71, 51, 42, 22, 1, 21, 41, 61, 44, 82, 56, 32, 52, 54, 75, 45, 8, 63, 23, 43, 3, 0]
Rota do Picker 7: [0, 21, 41, 3, 63, 43, 33, 71, 54, 34, 35, 4, 7, 25, 45, 65, 44, 24, 64, 6, 61, 81, 12, 32, 1, 22, 5, 72, 92, 0]
Rota do Picker 8: [0, 34, 35, 75, 46, 26, 61, 41, 82, 63, 83, 23, 3, 43, 4, 24, 44, 64, 6, 5, 27, 7, 62, 42, 22, 21, 81, 1, 0]
Rota do Picker 9: [0, 62, 41, 1, 23, 43, 6, 8, 25, 45, 32, 52, 22, 7, 83, 63, 3, 61, 21, 42, 4, 24, 5, 33, 53, 0]
Rota do Picker 10: [0, 5, 25, 65, 21, 3, 23, 62, 82, 7, 8, 27, 83, 63, 43, 42, 22, 4, 44, 53, 33, 26, 45, 1, 0]
Rota do Picker 11: [0, 41, 61, 6, 22, 42, 62, 7, 27, 8, 45, 25, 5, 21, 32, 56, 36, 18, 37, 17, 3, 83, 23, 43, 63, 92, 72, 24, 4, 1, 0]
Rota do Picker 12: [0, 1, 4, 5, 14, 51, 91, 16, 18, 17, 31, 93, 55, 74, 3, 25, 41, 33, 73, 54, 34, 12, 32, 13, 22, 62, 64, 7, 83, 63, 81, 21, 43, 23, 0]

Caso de teste: SLAPRP_Guo_small_O200_alpha0.3_v7.txt

Distancia Total: 1738.0
Quantidade de Pickers: 12
