Rota do Picker 1: [0, 2, 26, 46, 9, 30, 18, 36, 61, 89, 8, 27, 10, 3, 42, 4, 45, 78, 21, 22, 62, 7, 23, 11, 0]
Rota do Picker 2: [0, 46, 9, 62, 21, 7, 27, 30, 45, 8, 2, 3, 26, 5, 28, 10, 89, 0]
Rota do Picker 3: [0, 28, 32, 39, 20, 33, 13, 2, 41, 18, 55, 21, 34, 1, 30, 78, 14, 12, 11, 31, 46, 40, 36, 61, 97, 71, 37, 72, 52, 0]
Rota do Picker 4: [0, 2, 22, 42, 46, 28, 5, 47, 89, 26, 78, 30, 10, 8, 61, 27, 7, 41, 62, 45, 9, 21, 1, 0]
Rota do Picker 5: [0, 78, 40, 20, 7, 46, 26, 2, 55, 61, 93, 72, 11, 94, 12, 52, 34, 1, 30, 39, 18, 28, 37, 32, 33, 10, 71, 36, 13, 42, 22, 21, 62, 23, 0]
Rota do Picker 6: [0, 78, 4, 2, 5, 7, 27, 14, 34, 10, 36, 22, 62, 12, 41, 18, 45, 9, 46, 26, 23, 3, 21, 42, 11, 61, 0]
Rota do Picker 7: [0, 7, 27, 45, 18, 40, 55, 21, 61, 36, 8, 13, 43, 1, 23, 34, 4, 46, 26, 78, 20, 9, 47, 22, 2, 41, 32, 12, 28, 3, 33, 0]
Rota do Picker 8: [0, 1, 21, 55, 43, 0]
Rota do Picker 9: [0, 3, 13, 52, 62, 7, 37, 55, 22, 46, 14, 32, 12, 1, 2, 93, 0]
Rota do Picker 10: [0, 23, 2, 1, 34, 45, 46, 42, 22, 3, 21, 14, 43, 18, 4, 13, 10, 9, 55, 36, 30, 93, 62, 5, 47, 7, 72, 32, 12, 26, 27, 20, 41, 8, 28, 78, 0]
Rota do Picker 11: [0, 93, 53, 62, 3, 5, 26, 41, 10, 30, 9, 18, 28, 42, 2, 22, 23, 11, 47, 36, 1, 8, 27, 78, 45, 7, 46, 32, 21, 33, 0]
Rota do Picker 12: [0, 78, 10, 13, 1, 41, 26, 18, 8, 2, 62, 22, 3, 23, 5, 47, 28, 89, 20, 45, 30, 9, 46, 27, 7, 21, 61, 0]
Rota do Picker 13: [0, 52, 23, 2, 22, 7, 27, 9, 10, 4, 21, 28, 30, 47, 3, 45, 8, 5, 1, 46, 18, 0]

Caso de teste: SLAPRP_Guo_small_O200_alpha0.3_v2.txt

Distancia Total: 2706.0
Quantidade de Pickers: 13
