Rota do Picker 1: [0, 1, 41, 3, 23, 43, 63, 7, 14, 16, 94, 74, 8, 26, 24, 4, 45, 5, 42, 81, 61, 21, 0]
Rota do Picker 2: [0, 1, 3, 23, 43, 63, 44, 24, 36, 16, 56, 54, 74, 34, 14, 33, 13, 15, 27, 7, 81, 61, 41, 21, 6, 26, 5, 0]
Rota do Picker 3: [0, 3, 65, 83, 36, 55, 92, 94, 15, 25, 5, 61, 41, 17, 14, 43, 23, 6, 26, 7, 64, 44, 24, 4, 1, 21, 71, 91, 0]
Rota do Picker 4: [0, 21, 41, 3, 23, 43, 24, 64, 13, 33, 53, 32, 42, 62, 27, 46, 8, 4, 74, 54, 34, 35, 15, 72, 16, 61, 1, 0]
Rota do Picker 5: [0, 12, 21, 61, 41, 1, 4, 24, 84, 42, 22, 44, 55, 74, 15, 52, 32, 14, 35, 17, 93, 53, 33, 13, 0]
Rota do Picker 6: [0, 92, 54, 91, 71, 1, 3, 63, 83, 7, 6, 5, 45, 65, 81, 61, 21, 23, 43, 4, 0]

Caso de teste: SLAPRP_Guo_small_O100_alpha0.3_v1.txt

Distancia Total: 722.0
Quantidade de Pickers: 6
