Rota do Picker 1: [0, 7, 30, 36, 26, 46, 8, 48, 9, 89, 50, 45, 27, 87, 69, 49, 10, 47, 0]
Rota do Picker 2: [0, 7, 27, 87, 9, 69, 46, 36, 83, 30, 1, 67, 49, 48, 47, 10, 8, 26, 21, 50, 45, 2, 40, 0]
Rota do Picker 3: [0, 67, 46, 48, 8, 50, 10, 45, 26, 87, 47, 7, 2, 27, 30, 9, 69, 89, 0]
Rota do Picker 4: [0, 2, 3, 83, 26, 46, 47, 20, 1, 7, 10, 37, 69, 48, 40, 27, 87, 65, 9, 45, 8, 36, 67, 11, 22, 0]
Rota do Picker 5: [0, 30, 87, 89, 76, 1, 26, 10, 22, 3, 37, 45, 48, 8, 36, 46, 69, 49, 9, 27, 7, 2, 83, 0]
Rota do Picker 6: [0, 26, 10, 50, 20, 40, 2, 7, 8, 9, 69, 46, 45, 87, 47, 83, 49, 27, 30, 0]
Rota do Picker 7: [0, 1, 21, 96, 20, 94, 37, 2, 40, 57, 51, 12, 3, 22, 11, 36, 76, 98, 55, 47, 75, 39, 30, 7, 93, 18, 74, 32, 13, 10, 0]
Rota do Picker 8: [0, 47, 7, 67, 20, 21, 26, 27, 9, 45, 36, 12, 55, 75, 0]
Rota do Picker 9: [0, 21, 11, 18, 7, 37, 94, 74, 51, 55, 57, 39, 59, 30, 1, 32, 98, 20, 8, 83, 76, 75, 93, 2, 0]
Rota do Picker 10: [0, 3, 10, 27, 47, 87, 45, 40, 2, 65, 22, 8, 50, 36, 83, 26, 21, 20, 46, 48, 69, 9, 7, 76, 0]
Rota do Picker 11: [0, 1, 11, 37, 47, 83, 76, 26, 9, 45, 20, 0]
Rota do Picker 12: [0, 1, 7, 26, 10, 36, 2, 76, 22, 50, 46, 48, 45, 40, 3, 12, 37, 49, 87, 83, 8, 27, 30, 47, 9, 69, 20, 65, 0]
Rota do Picker 13: [0, 1, 12, 75, 98, 10, 55, 18, 39, 59, 7, 51, 37, 93, 32, 40, 60, 2, 11, 76, 96, 20, 74, 77, 57, 36, 13, 21, 0]

Caso de teste: SLAPRP_Guo_small_O200_alpha0.4_v9.txt

Distancia Total: 2664.0
Quantidade de Pickers: 13
