Rota do Picker 1: [0, 21, 61, 81, 62, 46, 4, 24, 64, 27, 8, 6, 25, 45, 5, 65, 63, 43, 23, 3, 41, 1, 0]
Rota do Picker 2: [0, 62, 82, 1, 21, 4, 64, 23, 83, 3, 43, 5, 7, 8, 46, 26, 81, 61, 41, 75, 0]
Rota do Picker 3: [0, 1, 43, 46, 6, 63, 82, 4, 8, 7, 26, 44, 64, 45, 65, 25, 5, 23, 3, 61, 41, 21, 0]
Rota do Picker 4: [0, 1, 61, 82, 64, 23, 6, 46, 27, 45, 25, 5, 3, 83, 63, 43, 24, 4, 41, 0]
Rota do Picker 5: [0, 44, 5, 41, 1, 21, 61, 23, 83, 6, 4, 24, 45, 25, 43, 63, 3, 65, 75, 0]
Rota do Picker 6: [0, 4, 23, 43, 82, 62, 7, 26, 45, 27, 8, 25, 5, 63, 3, 61, 41, 21, 1, 0]
Rota do Picker 7: [0, 1, 21, 41, 61, 62, 3, 5, 6, 46, 43, 63, 23, 4, 24, 27, 65, 25, 44, 64, 11, 51, 56, 0]
Rota do Picker 8: [0, 21, 62, 82, 5, 8, 7, 25, 63, 23, 3, 44, 45, 6, 27, 24, 4, 81, 61, 41, 1, 0]
Rota do Picker 9: [0, 1, 2, 42, 7, 64, 25, 5, 27, 46, 26, 83, 63, 3, 23, 81, 61, 21, 41, 4, 24, 6, 62, 0]
Rota do Picker 10: [0, 81, 1, 21, 61, 3, 83, 44, 64, 4, 7, 27, 26, 45, 25, 43, 23, 8, 65, 24, 63, 5, 0]
Rota do Picker 11: [0, 62, 7, 6, 3, 21, 81, 5, 8, 4, 24, 25, 45, 46, 61, 83, 43, 23, 41, 1, 0]
Rota do Picker 12: [0, 41, 81, 61, 62, 82, 4, 46, 25, 5, 6, 23, 3, 21, 1, 0]
Rota do Picker 13: [0, 12, 72, 21, 62, 5, 25, 41, 4, 43, 63, 23, 3, 6, 26, 44, 24, 1, 0]

Caso de teste: SLAPRP_Guo_small_O200_alpha0.3_v6.txt

Distancia Total: 1178.0
Quantidade de Pickers: 13
