Rota do Picker 1: [0, 33, 23, 26, 66, 46, 10, 30, 7, 27, 47, 8, 13, 20, 40, 94, 55, 1, 2, 42, 50, 45, 14, 84, 0]
Rota do Picker 2: [0, 83, 30, 66, 46, 26, 4, 10, 8, 27, 64, 84, 3, 2, 1, 21, 18, 94, 57, 37, 17, 97, 40, 20, 7, 45, 22, 11, 0]
Rota do Picker 3: [0, 1, 4, 64, 14, 40, 96, 9, 47, 27, 7, 8, 26, 46, 66, 30, 10, 50, 55, 57, 94, 37, 17, 33, 13, 0]
Rota do Picker 4: [0, 26, 46, 66, 45, 84, 4, 83, 23, 7, 27, 8, 30, 50, 10, 1, 41, 21, 0]
Rota do Picker 5: [0, 1, 8, 28, 9, 10, 7, 27, 4, 83, 23, 89, 84, 30, 26, 66, 41, 55, 60, 20, 94, 14, 2, 22, 12, 33, 93, 0]
Rota do Picker 6: [0, 26, 46, 47, 7, 27, 83, 3, 4, 9, 10, 96, 32, 52, 33, 94, 55, 28, 8, 1, 0]
Rota do Picker 7: [0, 22, 41, 1, 26, 46, 66, 7, 27, 47, 9, 8, 3, 83, 4, 18, 40, 20, 55, 31, 33, 12, 0]
Rota do Picker 8: [0, 1, 7, 27, 26, 66, 23, 97, 77, 37, 32, 13, 33, 52, 51, 46, 8, 41, 18, 94, 57, 14, 12, 60, 20, 40, 17, 2, 0]
Rota do Picker 9: [0, 1, 23, 55, 96, 76, 12, 32, 52, 37, 77, 97, 17, 57, 93, 13, 14, 31, 71, 22, 42, 10, 30, 50, 7, 45, 66, 46, 26, 4, 0]
Rota do Picker 10: [0, 1, 4, 26, 8, 28, 9, 41, 46, 66, 27, 84, 7, 42, 2, 22, 3, 83, 10, 30, 47, 45, 13, 0]
Rota do Picker 11: [0, 1, 46, 31, 51, 71, 55, 12, 32, 52, 27, 50, 30, 10, 8, 23, 13, 93, 33, 26, 41, 57, 17, 37, 20, 7, 2, 0]
Rota do Picker 12: [0, 1, 7, 27, 46, 66, 30, 10, 28, 8, 26, 83, 84, 33, 13, 93, 96, 37, 60, 20, 17, 12, 0]

Caso de teste: SLAPRP_Guo_small_O200_alpha0.4_v7.txt

Distancia Total: 1756.0
Quantidade de Pickers: 12
