Rota do Picker 1: [0, 21, 41, 23, 45, 4, 30, 9, 28, 27, 26, 22, 24, 46, 43, 67, 10, 8, 2, 42, 1, 0]
Rota do Picker 2: [0, 67, 5, 2, 4, 23, 26, 11, 61, 31, 1, 43, 30, 9, 13, 40, 78, 27, 28, 8, 45, 41, 24, 47, 62, 10, 42, 22, 3, 21, 0]
Rota do Picker 3: [0, 2, 22, 45, 8, 4, 20, 46, 26, 3, 11, 24, 43, 23, 13, 33, 21, 41, 1, 27, 72, 42, 78, 67, 47, 62, 9, 14, 0]
Rota do Picker 4: [0, 60, 78, 27, 9, 8, 14, 23, 45, 4, 42, 22, 2, 1, 43, 11, 5, 62, 10, 32, 13, 26, 24, 3, 57, 41, 0]
Rota do Picker 5: [0, 5, 45, 24, 23, 41, 20, 40, 22, 43, 3, 60, 10, 46, 0]
Rota do Picker 6: [0, 46, 78, 27, 8, 23, 3, 21, 40, 10, 47, 20, 30, 24, 4, 43, 41, 42, 67, 60, 9, 26, 45, 5, 22, 2, 0]
Rota do Picker 7: [0, 2, 22, 45, 23, 40, 1, 26, 57, 78, 11, 27, 67, 24, 14, 43, 60, 13, 10, 46, 3, 21, 33, 8, 62, 32, 72, 71, 31, 42, 20, 41, 4, 36, 0]
Rota do Picker 8: [0, 2, 42, 8, 27, 78, 1, 9, 41, 61, 43, 10, 5, 28, 67, 46, 4, 24, 22, 62, 30, 45, 26, 23, 0]
Rota do Picker 9: [0, 78, 9, 28, 8, 4, 22, 45, 26, 40, 43, 24, 21, 62, 47, 23, 3, 30, 42, 5, 27, 2, 10, 0]
Rota do Picker 10: [0, 32, 52, 8, 45, 23, 3, 26, 24, 1, 2, 42, 27, 71, 41, 62, 21, 9, 4, 22, 61, 46, 11, 30, 10, 78, 43, 0]
Rota do Picker 11: [0, 2, 26, 46, 20, 40, 3, 24, 51, 71, 37, 77, 14, 22, 41, 1, 78, 43, 52, 32, 21, 76, 57, 36, 33, 13, 23, 45, 8, 28, 27, 60, 11, 72, 0]
Rota do Picker 12: [0, 78, 5, 8, 42, 14, 71, 11, 45, 26, 24, 3, 22, 2, 1, 41, 30, 61, 43, 23, 21, 4, 27, 13, 62, 9, 0]
Rota do Picker 13: [0, 2, 42, 45, 14, 57, 97, 72, 10, 22, 23, 26, 20, 78, 62, 33, 13, 8, 11, 1, 60, 43, 40, 24, 4, 3, 21, 46, 0]

Caso de teste: SLAPRP_Guo_small_O200_alpha0.3_v10.txt

Distancia Total: 2870.0
Quantidade de Pickers: 13
