Rota do Picker 1: [0, 26, 47, 50, 8, 48, 30, 49, 10, 41, 45, 46, 69, 9, 87, 27, 7, 1, 22, 0]
Rota do Picker 2: [0, 17, 1, 3, 83, 7, 27, 9, 69, 46, 41, 87, 10, 45, 57, 22, 8, 48, 26, 64, 67, 11, 47, 0]
Rota do Picker 3: [0, 83, 3, 45, 1, 87, 46, 26, 50, 40, 57, 47, 10, 20, 30, 9, 67, 27, 64, 7, 8, 48, 69, 97, 49, 22, 0]
Rota do Picker 4: [0, 1, 21, 41, 26, 46, 45, 20, 22, 7, 8, 40, 57, 27, 30, 70, 47, 11, 48, 83, 3, 13, 69, 10, 67, 9, 0]
Rota do Picker 5: [0, 1, 7, 27, 9, 10, 69, 68, 67, 47, 70, 50, 26, 87, 30, 45, 46, 0]
Rota do Picker 6: [0, 18, 17, 22, 41, 57, 39, 76, 94, 40, 20, 77, 13, 59, 37, 74, 32, 12, 1, 96, 55, 31, 11, 0]
Rota do Picker 7: [0, 22, 64, 27, 9, 17, 97, 0]

Caso de teste: SLAPRP_Guo_small_O100_alpha0.4_v7.txt

Distancia Total: 1168.0
Quantidade de Pickers: 7
