Rota do Picker 1: [0, 1, 21, 41, 4, 24, 84, 33, 73, 17, 37, 18, 75, 16, 22, 42, 25, 65, 5, 44, 64, 23, 3, 32, 52, 63, 43, 53, 0]
Rota do Picker 2: [0, 22, 24, 4, 62, 6, 44, 25, 5, 3, 23, 43, 21, 15, 35, 75, 53, 37, 33, 41, 1, 0]
Rota do Picker 3: [0, 32, 52, 12, 5, 44, 24, 4, 82, 63, 65, 25, 15, 17, 16, 84, 64, 45, 26, 1, 61, 41, 21, 62, 42, 22, 0]
Rota do Picker 4: [0, 13, 33, 35, 21, 61, 4, 24, 26, 45, 5, 52, 92, 36, 56, 16, 43, 23, 3, 64, 7, 82, 62, 42, 22, 1, 0]
Rota do Picker 5: [0, 42, 62, 23, 3, 41, 1, 21, 51, 6, 7, 24, 4, 15, 13, 33, 53, 81, 61, 44, 64, 46, 26, 93, 92, 72, 5, 65, 16, 0]
Rota do Picker 6: [0, 3, 63, 24, 4, 1, 61, 41, 21, 0]

Caso de teste: SLAPRP_Guo_small_O100_alpha0.3_v3.txt

Distancia Total: 690.0
Quantidade de Pickers: 6
