Rota do Picker 1: [0, 2, 64, 20, 38, 60, 65, 39, 18, 55, 51, 11, 26, 37, 0]
Rota do Picker 2: [0, 26, 46, 8, 45, 27, 65, 87, 7, 64, 10, 83, 9, 86, 50, 30, 1, 0]
Rota do Picker 3: [0, 45, 50, 87, 10, 21, 27, 26, 2, 30, 86, 83, 3, 1, 64, 65, 46, 9, 8, 7, 41, 70, 37, 0]
Rota do Picker 4: [0, 46, 30, 40, 37, 27, 65, 60, 67, 8, 45, 2, 9, 87, 89, 26, 20, 48, 7, 21, 64, 86, 76, 1, 10, 0]
Rota do Picker 5: [0, 70, 45, 8, 87, 27, 83, 65, 46, 30, 10, 9, 7, 26, 89, 64, 67, 48, 50, 2, 86, 0]
Rota do Picker 6: [0, 45, 46, 20, 0]
Rota do Picker 7: [0, 40, 67, 37, 94, 27, 10, 8, 1, 30, 20, 64, 60, 76, 87, 50, 46, 26, 65, 45, 48, 9, 7, 2, 41, 21, 0]
Rota do Picker 8: [0, 7, 27, 87, 8, 9, 46, 26, 30, 70, 48, 50, 10, 65, 45, 1, 67, 0]

Caso de teste: SLAPRP_Guo_small_O100_alpha0.2_v10.txt

Distancia Total: 1394.0
Quantidade de Pickers: 8
