Rota do Picker 1: [0, 41, 61, 4, 64, 54, 81, 82, 1, 83, 24, 44, 55, 21, 23, 43, 7, 17, 6, 42, 16, 0]
Rota do Picker 2: [0, 44, 61, 1, 4, 41, 21, 23, 81, 56, 27, 82, 42, 22, 24, 43, 5, 64, 83, 6, 62, 63, 7, 0]
Rota do Picker 3: [0, 21, 41, 61, 81, 4, 54, 5, 18, 25, 44, 17, 24, 1, 74, 36, 26, 37, 43, 23, 55, 7, 16, 83, 0]
Rota do Picker 4: [0, 45, 25, 91, 31, 21, 63, 81, 41, 1, 44, 62, 42, 74, 8, 84, 83, 26, 24, 23, 4, 61, 43, 0]
Rota do Picker 5: [0, 24, 63, 21, 74, 36, 42, 17, 81, 61, 1, 55, 13, 18, 44, 25, 56, 37, 54, 65, 43, 23, 4, 41, 6, 51, 0]
Rota do Picker 6: [0, 21, 41, 61, 81, 4, 44, 84, 23, 1, 24, 42, 64, 26, 63, 6, 43, 25, 83, 7, 5, 45, 0]

Caso de teste: SLAPRP_Guo_small_O100_alpha0.4_v7.txt

Distancia Total: 1114.0
Quantidade de Pickers: 6
