Rota do Picker 1: [0, 22, 26, 18, 46, 0]
Rota do Picker 2: [0, 20, 45, 87, 27, 4, 48, 26, 30, 46, 7, 42, 22, 2, 1, 36, 10, 5, 8, 65, 41, 68, 18, 9, 61, 47, 0]
Rota do Picker 3: [0, 1, 2, 22, 7, 8, 30, 46, 18, 65, 27, 87, 41, 5, 45, 13, 9, 3, 43, 83, 4, 61, 10, 26, 0]
Rota do Picker 4: [0, 1, 22, 27, 18, 36, 46, 71, 61, 26, 42, 41, 5, 62, 3, 23, 83, 7, 8, 30, 20, 0]
Rota do Picker 5: [0, 1, 45, 27, 18, 20, 11, 57, 79, 40, 36, 12, 97, 37, 13, 22, 61, 41, 7, 98, 17, 14, 0]
Rota do Picker 6: [0, 22, 7, 46, 18, 40, 14, 13, 47, 61, 21, 10, 8, 4, 42, 20, 36, 30, 27, 45, 83, 23, 3, 41, 26, 11, 2, 1, 0]
Rota do Picker 7: [0, 4, 14, 3, 8, 45, 61, 9, 30, 87, 41, 26, 42, 1, 22, 5, 7, 27, 36, 46, 10, 18, 68, 0]
Rota do Picker 8: [0, 61, 7, 46, 22, 8, 27, 1, 62, 87, 9, 10, 3, 13, 30, 4, 45, 68, 26, 0]

Caso de teste: SLAPRP_Guo_small_O100_alpha0.2_v9.txt

Distancia Total: 1446.0
Quantidade de Pickers: 8
