Rota do Picker 1: [0, 5, 61, 1, 43, 23, 41, 21, 25, 6, 63, 82, 64, 81, 44, 45, 0]
Rota do Picker 2: [0, 1, 21, 41, 61, 5, 6, 44, 8, 43, 23, 81, 82, 64, 25, 46, 45, 24, 26, 83, 65, 0]
Rota do Picker 3: [0, 21, 41, 61, 11, 17, 56, 0]
Rota do Picker 4: [0, 8, 1, 21, 23, 5, 44, 41, 43, 64, 27, 25, 2, 42, 62, 82, 46, 61, 63, 7, 6, 45, 83, 65, 26, 81, 0]
Rota do Picker 5: [0, 83, 63, 23, 43, 21, 45, 8, 64, 7, 6, 65, 27, 81, 26, 82, 44, 5, 61, 41, 1, 0]
Rota do Picker 6: [0, 81, 41, 61, 21, 1, 5, 64, 23, 82, 43, 63, 83, 44, 56, 0]
Rota do Picker 7: [0, 44, 25, 8, 5, 23, 61, 41, 1, 21, 27, 81, 82, 7, 45, 63, 65, 64, 26, 43, 6, 22, 0]

Caso de teste: SLAPRP_Guo_small_O100_alpha0.4_v2.txt

Distancia Total: 832.0
Quantidade de Pickers: 7
