Rota do Picker 1: [0, 41, 21, 61, 46, 26, 27, 7, 3, 4, 89, 69, 9, 68, 28, 8, 45, 2, 22, 47, 87, 40, 20, 19, 0]
Rota do Picker 2: [0, 41, 11, 33, 46, 23, 26, 9, 7, 27, 69, 1, 21, 4, 8, 30, 50, 2, 22, 32, 38, 97, 77, 57, 17, 12, 51, 0]
Rota do Picker 3: [0, 45, 2, 26, 46, 8, 68, 20, 40, 19, 30, 10, 9, 87, 67, 27, 7, 61, 21, 0]
Rota do Picker 4: [0, 74, 94, 20, 57, 17, 41, 21, 1, 8, 45, 83, 42, 2, 22, 47, 87, 67, 27, 61, 11, 13, 32, 37, 52, 0]
Rota do Picker 5: [0, 21, 2, 7, 27, 9, 30, 10, 65, 45, 26, 46, 8, 28, 3, 33, 40, 20, 13, 50, 42, 22, 23, 0]
Rota do Picker 6: [0, 21, 45, 11, 10, 36, 19, 40, 20, 1, 87, 67, 69, 9, 46, 23, 3, 27, 7, 22, 2, 4, 8, 28, 26, 14, 0]

Caso de teste: SLAPRP_Guo_small_O100_alpha0.2_v4.txt

Distancia Total: 842.0
Quantidade de Pickers: 6
