Rota do Picker 1: [0, 17, 45, 30, 69, 9, 46, 26, 22, 83, 3, 1, 61, 12, 55, 37, 57, 40, 23, 10, 50, 8, 87, 27, 7, 0]
Rota do Picker 2: [0, 23, 83, 26, 46, 8, 10, 52, 13, 55, 20, 60, 50, 69, 9, 87, 27, 7, 2, 3, 36, 37, 17, 45, 4, 21, 1, 0]
Rota do Picker 3: [0, 1, 41, 8, 30, 50, 46, 26, 45, 7, 27, 87, 9, 69, 10, 21, 4, 61, 12, 3, 23, 83, 13, 0]
Rota do Picker 4: [0, 1, 21, 3, 11, 8, 83, 46, 7, 27, 87, 41, 13, 94, 22, 55, 20, 18, 52, 77, 37, 74, 97, 57, 96, 36, 12, 0]
Rota do Picker 5: [0, 1, 7, 27, 45, 26, 30, 50, 9, 23, 83, 11, 61, 69, 8, 10, 21, 40, 17, 13, 46, 4, 0]
Rota do Picker 6: [0, 26, 1, 2, 22, 45, 69, 9, 10, 50, 8, 17, 36, 11, 74, 94, 57, 41, 46, 27, 7, 83, 3, 21, 0]

Caso de teste: SLAPRP_Guo_small_O100_alpha0.3_v4.txt

Distancia Total: 968.0
Quantidade de Pickers: 6
