Rota do Picker 1: [0, 1, 0]
Rota do Picker 2: [0, 1, 0]
Rota do Picker 3: [0, 1, 21, 2, 43, 56, 16, 37, 53, 73, 4, 5, 6, 44, 45, 26, 82, 42, 22, 8, 64, 63, 65, 83, 24, 27, 7, 3, 81, 61, 41, 0]
Rota do Picker 4: [0, 1, 21, 3, 5, 6, 7, 24, 4, 64, 62, 81, 61, 45, 25, 27, 22, 42, 23, 43, 54, 73, 53, 93, 33, 34, 44, 41, 0]
Rota do Picker 5: [0, 1, 61, 21, 11, 12, 14, 13, 4, 43, 23, 3, 64, 25, 6, 0]
Rota do Picker 6: [0, 1, 21, 41, 61, 81, 4, 24, 5, 6, 33, 53, 54, 74, 18, 56, 16, 13, 73, 17, 15, 83, 43, 23, 3, 62, 22, 8, 26, 63, 82, 42, 0]

Caso de teste: SLAPRP_Guo_small_O50_alpha0.2_v6.txt

Distancia Total: 534.0
Quantidade de Pickers: 6
