Rota do Picker 1: [0, 1, 0]
Rota do Picker 2: [0, 1, 0]
Rota do Picker 3: [0, 1, 0]
Rota do Picker 4: [0, 1, 0]
Rota do Picker 5: [0, 21, 61, 4, 24, 43, 63, 8, 65, 6, 34, 35, 55, 45, 5, 1, 15, 36, 91, 83, 23, 7, 26, 66, 73, 53, 33, 13, 0]
Rota do Picker 6: [0, 91, 51, 34, 15, 13, 71, 6, 44, 24, 4, 21, 61, 3, 43, 54, 74, 35, 55, 25, 5, 66, 26, 32, 53, 33, 92, 72, 22, 83, 63, 1, 0]
Rota do Picker 7: [0, 22, 24, 44, 8, 16, 36, 52, 23, 6, 7, 81, 61, 13, 33, 53, 93, 72, 32, 4, 46, 26, 5, 63, 43, 21, 1, 0]
Rota do Picker 8: [0, 1, 21, 3, 23, 45, 65, 52, 72, 54, 34, 13, 36, 55, 35, 15, 27, 7, 6, 44, 24, 4, 61, 81, 25, 85, 83, 63, 43, 5, 22, 0]
Rota do Picker 9: [0, 2, 22, 63, 83, 6, 7, 27, 13, 73, 54, 74, 36, 3, 66, 26, 44, 4, 24, 84, 85, 65, 43, 23, 61, 21, 1, 0]
Rota do Picker 10: [0, 21, 3, 23, 25, 8, 13, 33, 53, 91, 71, 24, 4, 1, 22, 5, 27, 7, 26, 15, 16, 17, 83, 63, 43, 42, 62, 34, 55, 35, 72, 64, 44, 0]
Rota do Picker 11: [0, 81, 21, 1, 7, 8, 26, 6, 24, 84, 4, 43, 23, 15, 55, 91, 74, 34, 52, 32, 73, 53, 33, 13, 61, 0]
Rota do Picker 12: [0, 21, 1, 4, 24, 43, 63, 3, 23, 83, 27, 47, 7, 5, 65, 44, 84, 13, 73, 33, 52, 92, 72, 32, 6, 16, 0]
Rota do Picker 13: [0, 1, 32, 72, 53, 54, 74, 34, 23, 4, 24, 44, 7, 27, 47, 46, 66, 6, 5, 63, 43, 61, 21, 0]
Rota do Picker 14: [0, 21, 1, 61, 43, 63, 6, 25, 65, 64, 3, 23, 5, 47, 7, 45, 17, 15, 73, 53, 13, 72, 32, 84, 44, 24, 4, 0]
Rota do Picker 15: [0, 21, 1, 4, 44, 6, 66, 34, 17, 35, 54, 14, 13, 24, 46, 26, 83, 63, 43, 45, 5, 23, 3, 0]
Rota do Picker 16: [0, 1, 21, 4, 63, 43, 82, 22, 12, 32, 51, 71, 33, 0]

Caso de teste: SLAPRP_Guo_small_O200_alpha0.3_v4.txt

Distancia Total: 1544.0
Quantidade de Pickers: 16
