Rota do Picker 1: [0, 1, 61, 24, 64, 8, 62, 82, 63, 43, 3, 81, 21, 4, 44, 45, 26, 7, 27, 25, 23, 41, 0]
Rota do Picker 2: [0, 1, 21, 41, 61, 3, 23, 43, 63, 83, 7, 26, 46, 27, 65, 45, 24, 4, 64, 44, 25, 0]
Rota do Picker 3: [0, 3, 23, 43, 63, 42, 41, 61, 7, 45, 62, 18, 56, 83, 64, 44, 24, 4, 21, 1, 0]
Rota do Picker 4: [0, 1, 21, 41, 61, 42, 62, 4, 64, 6, 45, 63, 83, 27, 24, 44, 7, 65, 25, 43, 23, 3, 0]
Rota do Picker 5: [0, 62, 82, 3, 43, 46, 81, 24, 44, 65, 25, 6, 4, 23, 42, 41, 61, 21, 1, 0]
Rota do Picker 6: [0, 1, 41, 61, 81, 25, 4, 46, 83, 18, 56, 27, 45, 24, 44, 82, 42, 63, 43, 3, 8, 7, 26, 6, 21, 0]

Caso de teste: SLAPRP_Guo_small_O100_alpha0.4_v4.txt

Distancia Total: 616.0
Quantidade de Pickers: 6
