Rota do Picker 1: [0, 1, 0]
Rota do Picker 2: [0, 15, 85, 44, 62, 23, 43, 47, 55, 53, 54, 35, 16, 74, 8, 6, 7, 5, 81, 61, 21, 1, 0]
Rota do Picker 3: [0, 73, 26, 81, 21, 1, 23, 83, 5, 25, 85, 6, 7, 44, 24, 64, 84, 55, 54, 74, 34, 62, 42, 61, 0]
Rota do Picker 4: [0, 21, 61, 81, 23, 83, 6, 44, 84, 64, 9, 14, 35, 15, 55, 74, 54, 66, 46, 41, 1, 5, 25, 7, 27, 47, 53, 73, 65, 0]
Rota do Picker 5: [0, 1, 21, 61, 81, 23, 43, 26, 6, 65, 5, 51, 91, 93, 53, 17, 24, 46, 64, 44, 15, 36, 54, 14, 0]
Rota do Picker 6: [0, 16, 55, 5, 25, 85, 45, 53, 73, 36, 34, 15, 83, 43, 23, 44, 4, 81, 61, 21, 1, 0]
Rota do Picker 7: [0, 1, 21, 61, 81, 5, 25, 7, 47, 53, 73, 31, 14, 74, 8, 26, 66, 46, 6, 23, 43, 63, 55, 15, 35, 91, 0]
Rota do Picker 8: [0, 1, 81, 61, 23, 83, 63, 46, 6, 42, 21, 74, 35, 65, 45, 25, 5, 26, 64, 24, 66, 7, 16, 14, 54, 53, 34, 82, 62, 0]
Rota do Picker 9: [0, 6, 42, 62, 22, 15, 52, 92, 64, 24, 44, 8, 43, 23, 61, 21, 81, 1, 0]
Rota do Picker 10: [0, 1, 21, 5, 25, 44, 42, 62, 82, 85, 8, 34, 36, 63, 23, 55, 15, 7, 6, 66, 24, 84, 64, 81, 61, 0]
Rota do Picker 11: [0, 1, 21, 81, 3, 54, 16, 72, 84, 64, 25, 45, 83, 42, 44, 26, 6, 5, 43, 23, 63, 15, 35, 27, 7, 8, 61, 0]
Rota do Picker 12: [0, 1, 21, 23, 6, 65, 43, 24, 16, 15, 35, 55, 17, 93, 53, 47, 84, 44, 45, 46, 26, 5, 81, 61, 0]
Rota do Picker 13: [0, 1, 61, 81, 5, 44, 64, 42, 62, 26, 7, 27, 46, 16, 73, 53, 17, 24, 63, 23, 21, 0]

Caso de teste: SLAPRP_Guo_small_O200_alpha0.2_v2.txt

Distancia Total: 1638.0
Quantidade de Pickers: 13
