Rota do Picker 1: [0, 1, 21, 61, 4, 23, 43, 5, 46, 7, 8, 84, 44, 64, 24, 22, 26, 25, 72, 52, 36, 16, 33, 0]
Rota do Picker 2: [0, 93, 53, 34, 84, 5, 25, 43, 63, 23, 64, 24, 4, 26, 6, 81, 61, 21, 1, 45, 8, 7, 3, 0]
Rota do Picker 3: [0, 1, 23, 8, 27, 15, 35, 83, 63, 43, 3, 7, 91, 71, 17, 16, 93, 53, 52, 32, 42, 62, 64, 24, 4, 61, 21, 0]
Rota do Picker 4: [0, 21, 22, 24, 84, 17, 92, 52, 72, 14, 28, 8, 42, 65, 5, 3, 23, 43, 74, 15, 55, 44, 4, 61, 1, 0]
Rota do Picker 5: [0, 74, 17, 3, 23, 43, 5, 45, 4, 7, 27, 9, 6, 22, 15, 34, 52, 32, 61, 1, 21, 24, 44, 25, 65, 0]
Rota do Picker 6: [0, 21, 24, 44, 64, 6, 63, 83, 2, 5, 8, 27, 7, 62, 42, 61, 41, 32, 16, 55, 33, 52, 72, 53, 43, 23, 4, 81, 1, 0]

Caso de teste: SLAPRP_Guo_small_O100_alpha0.3_v5.txt

Distancia Total: 780.0
Quantidade de Pickers: 6
