Rota do Picker 1: [0, 3, 23, 7, 4, 45, 8, 6, 82, 22, 24, 25, 65, 63, 43, 64, 26, 5, 21, 1, 41, 42, 62, 33, 0]
Rota do Picker 2: [0, 1, 3, 43, 23, 5, 6, 4, 24, 7, 44, 64, 45, 25, 26, 46, 81, 41, 56, 54, 55, 36, 21, 22, 42, 62, 31, 0]
Rota do Picker 3: [0, 1, 21, 22, 42, 33, 56, 15, 93, 73, 16, 63, 43, 6, 26, 46, 25, 81, 3, 4, 44, 24, 41, 61, 5, 45, 72, 0]
Rota do Picker 4: [0, 1, 21, 41, 22, 42, 24, 44, 64, 63, 3, 23, 43, 5, 65, 82, 62, 45, 46, 26, 6, 7, 83, 27, 4, 61, 0]
Rota do Picker 5: [0, 3, 1, 21, 43, 42, 22, 41, 61, 27, 26, 62, 92, 72, 56, 24, 4, 8, 6, 5, 23, 83, 63, 71, 51, 0]
Rota do Picker 6: [0, 32, 12, 52, 14, 54, 37, 91, 71, 63, 43, 3, 41, 1, 61, 26, 8, 4, 82, 62, 0]

Caso de teste: SLAPRP_Guo_small_O100_alpha0.4_v3.txt

Distancia Total: 754.0
Quantidade de Pickers: 6
