SKUs: 40
Pedidos: 101

Primeiro pedido:
Order(1, [1, 2, 3, 4, 5, 6, 7, 34])

Ultimo pedido:
Order(101, [1, 2, 5, 8, 25, 35])

Location(1, 1, -1, 20)
Location(2, 1, -2, 20)
Location(3, 1, -3, 20)
Location(4, 1, -4, 20)
Location(5, 1, -5, 20)
Location(6, 1, -6, 20)
Location(7, 1, -7, 20)
Location(8, 1, -8, 20)
Location(9, 1, -9, 20)
Location(10, 1, -10, 40)
Location(11, 1, 1, 20)
Location(12, 1, 2, 20)
Location(13, 1, 3, 20)
Location(14, 1, 4, 20)
Location(15, 1, 5, 20)
Location(16, 1, 6, 20)
Location(17, 1, 7, 20)
Location(18, 1, 8, 20)
Location(19, 1, 9, 20)
Location(20, 1, 10, 40)
Location(21, 2, -1, 20)
Location(22, 2, -2, 20)
Location(23, 2, -3, 20)
Location(24, 2, -4, 20)
Location(25, 2, -5, 20)
Location(26, 2, -6, 20)
Location(27, 2, -7, 20)
Location(28, 2, -8, 20)
Location(29, 2, -9, 20)
Location(30, 2, -10, 40)
Location(31, 2, 1, 20)
Location(32, 2, 2, 20)
Location(33, 2, 3, 20)
Location(34, 2, 4, 20)
Location(35, 2, 5, 20)
Location(36, 2, 6, 20)
Location(37, 2, 7, 20)
Location(38, 2, 8, 20)
Location(39, 2, 9, 20)
Location(40, 2, 10, 40)
Location(41, 3, -1, 20)
Location(42, 3, -2, 20)
Location(43, 3, -3, 20)
Location(44, 3, -4, 20)
Location(45, 3, -5, 20)
Location(46, 3, -6, 20)
Location(47, 3, -7, 20)
Location(48, 3, -8, 20)
Location(49, 3, -9, 20)
Location(50, 3, -10, 40)
Location(51, 3, 1, 20)
Location(52, 3, 2, 20)
Location(53, 3, 3, 20)
Location(54, 3, 4, 20)
Location(55, 3, 5, 20)
Location(56, 3, 6, 20)
Location(57, 3, 7, 20)
Location(58, 3, 8, 20)
Location(59, 3, 9, 20)
Location(60, 3, 10, 40)
Location(61, 4, -1, 20)
Location(62, 4, -2, 20)
Location(63, 4, -3, 20)
Location(64, 4, -4, 20)
Location(65, 4, -5, 20)
Location(66, 4, -6, 20)
Location(67, 4, -7, 20)
Location(68, 4, -8, 20)
Location(69, 4, -9, 20)
Location(70, 4, -10, 40)
Location(71, 4, 1, 20)
Location(72, 4, 2, 20)
Location(73, 4, 3, 20)
Location(74, 4, 4, 20)
Location(75, 4, 5, 20)
Location(76, 4, 6, 20)
Location(77, 4, 7, 20)
Location(78, 4, 8, 20)
Location(79, 4, 9, 20)
Location(80, 4, 10, 40)
Location(81, 5, -1, 20)
Location(82, 5, -2, 20)
Location(83, 5, -3, 20)
Location(84, 5, -4, 20)
Location(85, 5, -5, 20)
Location(86, 5, -6, 20)
Location(87, 5, -7, 20)
Location(88, 5, -8, 20)
Location(89, 5, -9, 20)
Location(90, 5, -10, 40)
Location(91, 5, 1, 20)
Location(92, 5, 2, 20)
Location(93, 5, 3, 20)
Location(94, 5, 4, 20)
Location(95, 5, 5, 20)
Location(96, 5, 6, 20)
Location(97, 5, 7, 20)
Location(98, 5, 8, 20)
Location(99, 5, 9, 20)
Location(100, 5, 10, 40)

Frequencias: [37, 47, 37, 41, 42, 55, 46, 56, 2, 4, 2, 4, 3, 9, 5, 9, 5, 3, 5, 5, 4, 7, 7, 8, 5, 11, 3, 6, 4, 5, 3, 4, 5, 5, 6, 3, 3, 5, 3, 0]

Matriz de coocorrencia: 
40×40 Matrix{Int64}:
  0  20  16  15  16  20  19  22  1  1  0  3  1  3  2  2  0  1  1  4  2  1  2  3  2  4  2  1  2  2  1  1  1  4  3  2  2  2  1  0
 20   0  22  22  24  28  26  27  2  2  0  2  0  6  3  3  2  1  3  2  1  4  4  1  4  2  2  3  2  3  1  2  3  4  4  1  0  1  2  0
 16  22   0  19  21  21  16  20  1  2  2  2  2  2  2  3  3  1  0  1  1  5  2  3  2  6  0  3  1  2  0  2  0  3  1  2  1  2  1  0
 15  22  19   0  21  26  24  22  0  0  1  3  0  5  2  3  3  2  1  2  2  3  3  3  0  6  0  1  2  1  1  2  3  3  0  0  0  3  2  0
 16  24  21  21   0  23  22  27  0  4  2  3  1  4  2  4  3  3  0  3  1  2  1  3  2  4  0  3  2  2  0  1  0  2  3  0  0  3  2  0
 20  28  21  26  23   0  32  29  1  1  0  3  2  5  1  4  3  2  2  4  4  2  1  3  1  2  1  4  2  4  3  2  2  3  2  2  3  2  1  0
 19  26  16  24  22  32   0  21  1  1  1  4  2  4  4  1  1  2  3  4  2  3  2  3  1  5  2  1  2  1  3  2  3  4  2  1  1  2  2  0
 22  27  20  22  27  29  21   0  1  4  2  3  3  5  1  3  2  1  4  2  1  2  2  7  4  3  3  5  2  3  2  2  4  3  4  1  1  3  1  0
  1   2   1   0   0   1   1   1  0  0  0  0  0  0  0  1  0  0  0  0  0  0  0  0  0  0  0  0  0  0  0  0  0  0  0  0  0  0  0  0
  1   2   2   0   4   1   1   4  0  0  0  0  0  1  0  0  0  1  0  0  0  0  0  0  0  0  0  0  0  0  0  0  0  1  0  0  0  1  0  0
  0   0   2   1   2   0   1   2  0  0  0  0  0  0  0  0  1  0  0  0  0  0  0  2  0  1  0  0  1  0  0  0  0  0  0  0  0  0  0  0
  3   2   2   3   3   3   4   3  0  0  0  0  0  0  1  0  0  0  0  0  0  0  0  0  0  0  0  0  0  0  0  1  0  0  0  0  0  0  0  0
  1   0   2   0   1   2   2   3  0  0  0  0  0  0  0  0  1  0  1  0  0  0  0  1  0  0  1  0  0  0  0  0  0  0  1  0  1  0  0  0
  3   6   2   5   4   5   4   5  0  1  0  0  0  0  1  0  1  0  1  0  2  0  0  2  0  1  0  2  1  0  0  0  1  2  1  0  0  1  0  0
  2   3   2   2   2   1   4   1  0  0  0  1  0  1  0  0  0  0  0  0  0  0  0  0  0  0  0  0  0  0  1  1  1  0  0  0  0  0  1  0
  2   3   3   3   4   4   1   3  1  0  0  0  0  0  0  0  1  0  0  0  0  0  0  0  0  1  0  0  0  1  0  1  0  0  0  1  0  1  1  0
  0   2   3   3   3   3   1   2  0  0  1  0  1  1  0  1  0  1  0  0  1  0  0  1  0  1  0  0  1  0  0  0  0  0  0  0  1  1  0  0
  1   1   1   2   3   2   2   1  0  1  0  0  0  0  0  0  1  0  0  0  0  0  0  0  0  1  0  0  0  0  0  0  0  0  0  0  0  0  0  0
  1   3   0   1   0   2   3   4  0  0  0  0  1  1  0  0  0  0  0  0  0  0  0  1  0  0  1  0  0  0  0  1  1  1  1  0  0  0  0  0
  4   2   1   2   3   4   4   2  0  0  0  0  0  0  0  0  0  0  0  0  2  1  0  0  1  0  0  0  0  0  1  0  0  0  0  0  1  1  0  0
  2   1   1   2   1   4   2   1  0  0  0  0  0  2  0  0  1  0  0  2  0  0  0  0  0  0  0  0  0  0  0  0  0  0  0  0  1  1  0  0
  1   4   5   3   2   2   3   2  0  0  0  0  0  0  0  0  0  0  0  1  0  0  1  0  0  1  0  1  0  0  0  0  0  0  0  0  0  0  0  0
  2   4   2   3   1   1   2   2  0  0  0  0  0  0  0  0  0  0  0  0  0  1  0  0  1  2  0  0  0  0  0  0  1  0  1  0  0  0  0  0
  3   1   3   3   3   3   3   7  0  0  2  0  1  2  0  0  1  0  1  0  0  0  0  0  0  3  1  1  1  1  0  0  0  0  1  0  1  0  0  0
  2   4   2   0   2   1   1   4  0  0  0  0  0  0  0  0  0  0  0  1  0  0  1  0  0  0  0  1  0  0  0  0  0  0  1  0  0  0  0  0
  4   2   6   6   4   2   5   3  0  0  1  0  0  1  0  1  1  1  0  0  0  1  2  3  0  0  0  1  0  2  0  0  0  0  0  1  1  2  0  0
  2   2   0   0   0   1   2   3  0  0  0  0  1  0  0  0  0  0  1  0  0  0  0  1  0  0  0  0  1  0  0  0  0  0  2  1  0  0  0  0
  1   3   3   1   3   4   1   5  0  0  0  0  0  2  0  0  0  0  0  0  0  1  0  1  1  1  0  0  0  1  0  0  0  0  1  0  0  0  0  0
  2   2   1   2   2   2   2   2  0  0  1  0  0  1  0  0  1  0  0  0  0  0  0  1  0  0  1  0  0  0  0  0  0  0  1  0  0  0  0  0
  2   3   2   1   2   4   1   3  0  0  0  0  0  0  0  1  0  0  0  0  0  0  0  1  0  2  0  1  0  0  1  1  1  0  0  1  1  0  0  0
  1   1   0   1   0   3   3   2  0  0  0  0  0  0  1  0  0  0  0  1  0  0  0  0  0  0  0  0  0  1  0  0  2  0  0  0  0  0  0  0
  1   2   2   2   1   2   2   2  0  0  0  1  0  0  1  1  0  0  1  0  0  0  0  0  0  0  0  0  0  1  0  0  1  0  0  0  0  0  0  0
  1   3   0   3   0   2   3   4  0  0  0  0  0  1  1  0  0  0  1  0  0  0  1  0  0  0  0  0  0  1  2  1  0  1  0  0  0  0  0  0
  4   4   3   3   2   3   4   3  0  1  0  0  0  2  0  0  0  0  1  0  0  0  0  0  0  0  0  0  0  0  0  0  1  0  0  0  0  1  0  0
  3   4   1   0   3   2   2   4  0  0  0  0  1  1  0  0  0  0  1  0  0  0  1  1  1  0  2  1  1  0  0  0  0  0  0  0  0  0  0  0
  2   1   2   0   0   2   1   1  0  0  0  0  0  0  0  1  0  0  0  0  0  0  0  0  0  1  1  0  0  1  0  0  0  0  0  0  0  0  0  0
  2   0   1   0   0   3   1   1  0  0  0  0  1  0  0  0  1  0  0  1  1  0  0  1  0  1  0  0  0  1  0  0  0  0  0  0  0  1  0  0
  2   1   2   3   3   2   2   3  0  1  0  0  0  1  0  1  1  0  0  1  1  0  0  0  0  2  0  0  0  0  0  0  0  1  0  0  1  0  1  0
  1   2   1   2   2   1   2   1  0  0  0  0  0  0  1  1  0  0  0  0  0  0  0  0  0  0  0  0  0  0  0  0  0  0  0  0  0  1  0  0
  0   0   0   0   0   0   0   0  0  0  0  0  0  0  0  0  0  0  0  0  0  0  0  0  0  0  0  0  0  0  0  0  0  0  0  0  0  0  0  0
SKU(37, 181.0, 0.07)
SKU(47, 174.0, 0.08)
SKU(37, 90.0, 0.21)
SKU(41, 144.0, 0.1)
SKU(42, 119.0, 0.13)
SKU(55, 198.0, 0.08)
SKU(46, 186.0, 0.07)
SKU(56, 168.0, 0.11)
SKU(2, 32.0, 0.09)
SKU(4, 23.0, 0.21)
SKU(2, 35.0, 0.11)
SKU(4, 38.0, 0.12)
SKU(3, 20.0, 0.19)
SKU(9, 90.0, 0.07)
SKU(5, 69.0, 0.05)
SKU(9, 76.0, 0.09)
SKU(5, 50.0, 0.08)
SKU(3, 27.0, 0.12)
SKU(5, 22.0, 0.26)
SKU(5, 37.0, 0.17)
SKU(4, 58.0, 0.07)
SKU(7, 40.0, 0.16)
SKU(7, 53.0, 0.1)
SKU(8, 103.0, 0.05)
SKU(5, 48.0, 0.11)
SKU(11, 78.0, 0.09)
SKU(3, 30.0, 0.13)
SKU(6, 37.0, 0.16)
SKU(4, 60.0, 0.06)
SKU(5, 93.0, 0.04)
SKU(3, 24.0, 0.15)
SKU(4, 66.0, 0.06)
SKU(5, 63.0, 0.07)
SKU(5, 81.0, 0.05)
SKU(6, 39.0, 0.12)
SKU(3, 22.0, 0.16)
SKU(3, 69.0, 0.04)
SKU(5, 33.0, 0.14)
SKU(3, 36.0, 0.08)
SKU(0, 14.0, 0.12)

extremidades das matrizes:
S_hat: (-0.13109075401623657, 0.7866727718680036)
S_hat * P: (-0.11830404254109006, 0.709939993612777)
W * S_hat: (0.0, 1.255976550435873)
W * S_hat * P: (0.0, 1.1334674544244363)
correlacao{S_hat, S_hat_hat} = 0.9857190491320796

Posicao 1 (Corredor 1, Prateleira -1)
   SKU 6 -> 89
   SKU 7 -> 184

Posicao 2 (Corredor 1, Prateleira -2)
   SKU 4 -> 84
   SKU 5 -> 60
   SKU 30 -> 93

Posicao 3 (Corredor 1, Prateleira -3)
   SKU 15 -> 69
   SKU 16 -> 76
   SKU 32 -> 66

Posicao 11 (Corredor 1, Prateleira 1)
   SKU 2 -> 141
   SKU 6 -> 109

Posicao 12 (Corredor 1, Prateleira 2)
   SKU 3 -> 34
   SKU 5 -> 59
   SKU 24 -> 103

Posicao 13 (Corredor 1, Prateleira 3)
   SKU 22 -> 40
   SKU 25 -> 48
   SKU 37 -> 69

Posicao 21 (Corredor 2, Prateleira -1)
   SKU 1 -> 181
   SKU 2 -> 33
   SKU 8 -> 42

Posicao 22 (Corredor 2, Prateleira -2)
   SKU 14 -> 90
   SKU 26 -> 78
   SKU 33 -> 63

Posicao 23 (Corredor 2, Prateleira -3)
   SKU 12 -> 38
   SKU 38 -> 33
   SKU 39 -> 36

Posicao 31 (Corredor 2, Prateleira 1)
   SKU 4 -> 60
   SKU 7 -> 2
   SKU 8 -> 126

Posicao 32 (Corredor 2, Prateleira 2)
   SKU 3 -> 56
   SKU 17 -> 50
   SKU 34 -> 81

Posicao 33 (Corredor 2, Prateleira 3)
   SKU 10 -> 23
   SKU 18 -> 27
   SKU 31 -> 24

Posicao 41 (Corredor 3, Prateleira -1)
   SKU 21 -> 58
   SKU 23 -> 53
   SKU 35 -> 39

Posicao 42 (Corredor 3, Prateleira -2)
   SKU 11 -> 35
   SKU 19 -> 22
   SKU 27 -> 30

Posicao 51 (Corredor 3, Prateleira 1)
   SKU 20 -> 37
   SKU 28 -> 37
   SKU 29 -> 60

Posicao 52 (Corredor 3, Prateleira 2)
   SKU 9 -> 32
   SKU 13 -> 20
   SKU 36 -> 22

Posicao 100 (Corredor 5, Prateleira 10)
   SKU 40 -> 14

