Rota do Picker 1: [0, 3, 23, 26, 46, 47, 20, 9, 36, 45, 8, 21, 14, 94, 10, 30, 31, 11, 83, 61, 7, 22, 4, 62, 72, 13, 27, 42, 2, 1, 43, 0]
Rota do Picker 2: [0, 3, 46, 4, 20, 2, 22, 42, 23, 26, 27, 45, 10, 83, 41, 21, 61, 47, 43, 1, 33, 30, 8, 9, 0]
Rota do Picker 3: [0, 22, 42, 21, 18, 39, 40, 30, 43, 13, 33, 2, 31, 51, 14, 55, 41, 11, 19, 37, 75, 36, 23, 3, 12, 8, 32, 52, 20, 0]
Rota do Picker 4: [0, 1, 47, 2, 43, 84, 7, 89, 45, 26, 42, 27, 62, 30, 21, 9, 8, 23, 3, 10, 46, 41, 11, 0]
Rota do Picker 5: [0, 18, 31, 8, 1, 21, 62, 72, 83, 23, 75, 11, 36, 40, 20, 14, 4, 26, 30, 46, 55, 33, 13, 22, 2, 27, 0]
Rota do Picker 6: [0, 4, 52, 21, 32, 11, 42, 2, 22, 14, 34, 18, 46, 30, 36, 8, 77, 47, 27, 62, 41, 43, 20, 72, 13, 37, 10, 61, 23, 3, 45, 71, 51, 26, 7, 40, 0]
Rota do Picker 7: [0, 14, 62, 11, 4, 61, 43, 83, 22, 42, 7, 10, 8, 27, 3, 23, 46, 47, 21, 20, 30, 45, 26, 2, 1, 33, 0]
Rota do Picker 8: [0, 21, 3, 46, 4, 27, 14, 9, 47, 8, 2, 61, 36, 7, 10, 30, 62, 23, 45, 22, 26, 0]
Rota do Picker 9: [0, 22, 42, 46, 10, 30, 27, 21, 84, 89, 67, 4, 26, 7, 3, 45, 9, 8, 23, 0]
Rota do Picker 10: [0, 47, 14, 42, 2, 9, 26, 10, 7, 89, 41, 84, 32, 52, 8, 1, 3, 23, 46, 27, 21, 45, 30, 0]
Rota do Picker 11: [0, 11, 52, 72, 26, 46, 84, 10, 47, 61, 83, 43, 40, 23, 41, 45, 32, 21, 2, 22, 42, 62, 8, 36, 27, 20, 18, 51, 7, 3, 1, 14, 33, 0]
Rota do Picker 12: [0, 11, 32, 52, 46, 41, 51, 40, 89, 9, 30, 20, 47, 28, 4, 2, 3, 23, 8, 10, 45, 13, 42, 62, 26, 27, 22, 43, 21, 61, 0]

Caso de teste: SLAPRP_Guo_small_O200_alpha0.3_v8.txt

Distancia Total: 2616.0
Quantidade de Pickers: 12
