Rota do Picker 1: [0, 1, 21, 41, 61, 81, 71, 91, 14, 93, 55, 27, 4, 24, 44, 8, 7, 5, 25, 65, 45, 83, 23, 3, 22, 42, 62, 0]
Rota do Picker 2: [0, 21, 23, 43, 63, 5, 6, 62, 42, 82, 24, 8, 81, 44, 7, 27, 53, 33, 46, 26, 4, 3, 45, 25, 41, 1, 0]
Rota do Picker 3: [0, 1, 61, 22, 82, 8, 65, 4, 44, 26, 45, 64, 7, 5, 3, 63, 83, 43, 21, 41, 23, 42, 62, 24, 25, 37, 0]
Rota do Picker 4: [0, 1, 33, 53, 73, 15, 32, 92, 72, 34, 16, 35, 14, 91, 51, 71, 62, 42, 0]
Rota do Picker 5: [0, 3, 1, 21, 41, 45, 5, 24, 64, 42, 62, 22, 44, 65, 6, 8, 43, 23, 26, 81, 61, 0]
Rota do Picker 6: [0, 1, 21, 3, 43, 64, 44, 24, 4, 45, 41, 61, 6, 46, 5, 23, 63, 42, 62, 22, 13, 0]

Caso de teste: SLAPRP_Guo_small_O100_alpha0.3_v3.txt

Distancia Total: 662.0
Quantidade de Pickers: 6
