Rota do Picker 1: [0, 56, 3, 81, 41, 21, 61, 4, 24, 44, 6, 8, 25, 45, 23, 26, 46, 1, 43, 0]
Rota do Picker 2: [0, 1, 21, 41, 81, 4, 26, 6, 46, 43, 23, 3, 82, 83, 63, 65, 25, 64, 24, 61, 0]
Rota do Picker 3: [0, 41, 61, 6, 8, 4, 64, 44, 27, 7, 25, 43, 23, 3, 21, 1, 0]
Rota do Picker 4: [0, 21, 4, 24, 64, 25, 7, 26, 46, 45, 65, 83, 43, 23, 82, 84, 8, 27, 63, 3, 81, 61, 41, 1, 0]
Rota do Picker 5: [0, 1, 21, 41, 61, 81, 24, 44, 4, 6, 46, 7, 8, 27, 45, 65, 25, 63, 43, 23, 3, 82, 0]
Rota do Picker 6: [0, 21, 41, 61, 81, 24, 26, 6, 7, 27, 4, 44, 83, 43, 23, 3, 1, 0]
Rota do Picker 7: [0, 65, 81, 21, 41, 61, 24, 6, 26, 8, 4, 25, 84, 3, 23, 43, 83, 44, 64, 45, 82, 1, 0]
Rota do Picker 8: [0, 1, 4, 44, 46, 3, 6, 27, 7, 23, 43, 63, 82, 22, 25, 45, 24, 61, 41, 21, 0]
Rota do Picker 9: [0, 11, 14, 35, 75, 25, 24, 44, 4, 6, 26, 7, 27, 83, 63, 43, 23, 3, 61, 81, 41, 21, 1, 82, 0]
Rota do Picker 10: [0, 1, 81, 61, 44, 82, 41, 21, 4, 64, 83, 43, 3, 46, 26, 24, 0]
Rota do Picker 11: [0, 1, 3, 23, 43, 63, 24, 64, 84, 4, 7, 8, 45, 25, 81, 61, 41, 21, 62, 0]
Rota do Picker 12: [0, 43, 4, 83, 23, 3, 1, 61, 81, 21, 64, 25, 45, 6, 63, 24, 44, 82, 41, 0]

Caso de teste: SLAPRP_Guo_small_O200_alpha0.2_v10.txt

Distancia Total: 1010.0
Quantidade de Pickers: 12
