Rota do Picker 1: [0, 63, 24, 4, 42, 22, 61, 81, 46, 83, 44, 64, 3, 23, 43, 7, 5, 82, 62, 41, 21, 1, 26, 65, 75, 93, 0]
Rota do Picker 2: [0, 41, 61, 23, 43, 81, 63, 18, 6, 44, 24, 1, 45, 83, 62, 42, 4, 73, 27, 22, 5, 21, 0]
Rota do Picker 3: [0, 21, 23, 43, 63, 46, 6, 7, 22, 62, 45, 26, 64, 41, 83, 42, 3, 8, 1, 4, 5, 25, 82, 44, 0]
Rota do Picker 4: [0, 1, 41, 61, 23, 43, 27, 72, 21, 46, 45, 6, 4, 62, 25, 5, 83, 42, 22, 24, 64, 81, 44, 7, 0]
Rota do Picker 5: [0, 18, 53, 15, 16, 56, 35, 36, 75, 3, 23, 43, 37, 17, 93, 33, 92, 13, 72, 52, 21, 14, 12, 61, 41, 1, 83, 0]
Rota do Picker 6: [0, 1, 21, 41, 61, 23, 74, 75, 0]
Rota do Picker 7: [0, 26, 5, 43, 41, 21, 55, 23, 46, 6, 24, 4, 22, 1, 61, 25, 82, 62, 45, 81, 64, 42, 2, 83, 27, 63, 44, 0]
Rota do Picker 8: [0, 26, 45, 44, 7, 82, 42, 64, 81, 83, 46, 24, 63, 43, 23, 4, 22, 65, 25, 5, 41, 21, 1, 0]
Rota do Picker 9: [0, 26, 82, 44, 24, 46, 7, 62, 42, 22, 21, 83, 27, 41, 25, 8, 3, 43, 4, 6, 23, 81, 63, 45, 5, 1, 65, 0]
Rota do Picker 10: [0, 37, 5, 61, 81, 24, 64, 22, 36, 27, 16, 41, 21, 1, 3, 23, 18, 4, 25, 0]
Rota do Picker 11: [0, 1, 41, 81, 43, 22, 21, 23, 5, 61, 64, 83, 44, 24, 4, 27, 7, 63, 25, 0]
Rota do Picker 12: [0, 21, 22, 42, 62, 44, 46, 83, 26, 5, 81, 43, 64, 24, 1, 25, 65, 82, 27, 8, 63, 23, 6, 61, 7, 45, 41, 4, 0]
Rota do Picker 13: [0, 81, 41, 61, 72, 91, 22, 93, 63, 45, 54, 74, 26, 65, 35, 62, 42, 7, 64, 37, 18, 5, 43, 23, 21, 1, 17, 36, 11, 0]

Caso de teste: SLAPRP_Guo_small_O200_alpha0.3_v9.txt

Distancia Total: 2026.0
Quantidade de Pickers: 13
