Rota do Picker 1: [0, 21, 64, 8, 27, 47, 68, 2, 48, 65, 50, 30, 1, 69, 22, 45, 7, 67, 26, 46, 87, 9, 10, 0]
Rota do Picker 2: [0, 64, 8, 47, 40, 2, 22, 26, 46, 48, 30, 20, 21, 41, 9, 50, 67, 10, 69, 45, 89, 7, 27, 87, 65, 83, 0]
Rota do Picker 3: [0, 69, 87, 7, 27, 30, 10, 9, 8, 45, 2, 47, 65, 26, 46, 67, 64, 48, 50, 89, 0]
Rota do Picker 4: [0, 7, 46, 96, 45, 69, 9, 48, 8, 26, 68, 50, 27, 10, 30, 47, 87, 64, 65, 0]
Rota do Picker 5: [0, 7, 96, 64, 8, 9, 89, 41, 3, 83, 48, 30, 67, 47, 22, 1, 45, 46, 26, 87, 27, 21, 69, 50, 20, 65, 0]
Rota do Picker 6: [0, 12, 75, 18, 98, 76, 77, 51, 22, 40, 36, 60, 2, 20, 39, 7, 93, 59, 57, 37, 55, 31, 41, 96, 10, 1, 0]
Rota do Picker 7: [0, 7, 8, 48, 30, 46, 45, 20, 26, 96, 69, 9, 87, 27, 50, 2, 67, 1, 10, 21, 47, 0]
Rota do Picker 8: [0, 10, 9, 2, 45, 67, 48, 8, 26, 1, 7, 69, 65, 22, 41, 30, 50, 47, 27, 87, 46, 0]
Rota do Picker 9: [0, 50, 30, 64, 8, 46, 67, 26, 48, 89, 45, 68, 69, 9, 87, 27, 7, 0]
Rota do Picker 10: [0, 1, 22, 7, 67, 12, 65, 68, 8, 83, 3, 40, 48, 10, 45, 46, 26, 41, 9, 89, 47, 20, 21, 2, 30, 50, 69, 96, 87, 27, 0]
Rota do Picker 11: [0, 7, 8, 26, 20, 40, 64, 9, 30, 2, 22, 96, 1, 27, 47, 45, 67, 68, 87, 41, 36, 10, 46, 83, 3, 21, 0]
Rota do Picker 12: [0, 65, 45, 87, 7, 1, 67, 27, 2, 47, 48, 26, 30, 50, 10, 46, 64, 9, 22, 8, 89, 68, 0]

Caso de teste: SLAPRP_Guo_small_O200_alpha0.3_v4.txt

Distancia Total: 2374.0
Quantidade de Pickers: 12
