Rota do Picker 1: [0, 1, 11, 31, 7, 27, 87, 45, 47, 64, 10, 29, 9, 8, 3, 68, 67, 26, 50, 2, 69, 30, 41, 28, 48, 46, 0]
Rota do Picker 2: [0, 50, 94, 13, 29, 9, 46, 32, 18, 75, 55, 12, 2, 8, 45, 20, 26, 30, 68, 41, 47, 69, 1, 27, 48, 40, 7, 10, 60, 87, 36, 96, 11, 0]
Rota do Picker 3: [0, 7, 27, 9, 69, 30, 18, 20, 45, 1, 40, 8, 46, 26, 2, 11, 3, 67, 96, 60, 68, 48, 21, 87, 19, 37, 28, 10, 0]
Rota do Picker 4: [0, 18, 60, 50, 10, 22, 46, 26, 1, 3, 30, 87, 20, 21, 67, 89, 40, 19, 48, 69, 9, 27, 7, 13, 45, 47, 68, 8, 64, 32, 0]
Rota do Picker 5: [0, 46, 20, 30, 2, 8, 9, 27, 18, 37, 36, 60, 67, 64, 19, 87, 1, 3, 47, 89, 32, 29, 96, 28, 7, 41, 40, 26, 45, 0]
Rota do Picker 6: [0, 26, 46, 45, 18, 20, 30, 39, 10, 57, 36, 55, 21, 8, 28, 60, 0]
Rota do Picker 7: [0, 12, 13, 40, 60, 77, 46, 30, 1, 21, 74, 94, 57, 8, 19, 36, 20, 37, 18, 96, 41, 75, 59, 7, 50, 39, 55, 0]
Rota do Picker 8: [0, 40, 41, 27, 46, 7, 60, 20, 87, 67, 30, 18, 19, 32, 0]
Rota do Picker 9: [0, 26, 46, 8, 45, 41, 9, 10, 3, 2, 50, 7, 1, 67, 22, 89, 47, 21, 87, 27, 0]
Rota do Picker 10: [0, 29, 7, 10, 9, 27, 20, 87, 3, 12, 1, 69, 89, 18, 46, 2, 67, 30, 48, 13, 68, 22, 45, 26, 28, 8, 83, 0]
Rota do Picker 11: [0, 18, 27, 9, 8, 3, 20, 10, 67, 7, 46, 26, 19, 1, 87, 45, 40, 2, 32, 28, 29, 48, 89, 69, 13, 21, 30, 41, 0]
Rota do Picker 12: [0, 30, 29, 26, 50, 47, 3, 67, 87, 10, 28, 45, 27, 46, 9, 68, 48, 8, 7, 20, 0]
Rota do Picker 13: [0, 21, 2, 7, 46, 27, 9, 69, 48, 45, 26, 29, 1, 10, 50, 67, 68, 28, 22, 87, 8, 47, 30, 0]

Caso de teste: SLAPRP_Guo_small_O200_alpha0.2_v4.txt

Distancia Total: 3136.0
Quantidade de Pickers: 13
