Rota do Picker 1: [0, 1, 0]
Rota do Picker 2: [0, 1, 0]
Rota do Picker 3: [0, 1, 21, 41, 4, 23, 43, 5, 7, 8, 62, 82, 36, 35, 22, 65, 6, 64, 44, 24, 3, 25, 0]
Rota do Picker 4: [0, 21, 22, 42, 62, 27, 4, 24, 64, 25, 43, 23, 7, 6, 5, 65, 82, 83, 3, 63, 26, 45, 1, 0]
Rota do Picker 5: [0, 1, 23, 43, 6, 27, 7, 25, 5, 4, 21, 81, 61, 41, 82, 3, 0]
Rota do Picker 6: [0, 91, 55, 15, 14, 21, 1, 24, 64, 6, 27, 8, 43, 83, 63, 23, 41, 61, 81, 73, 93, 33, 92, 52, 45, 5, 4, 0]
Rota do Picker 7: [0, 21, 41, 61, 52, 92, 32, 23, 3, 26, 7, 8, 6, 25, 5, 63, 83, 43, 64, 24, 4, 42, 82, 62, 22, 1, 0]
Rota do Picker 8: [0, 1, 3, 23, 43, 26, 61, 41, 21, 4, 25, 5, 6, 46, 62, 42, 22, 55, 35, 73, 52, 13, 51, 91, 37, 74, 34, 54, 0]
Rota do Picker 9: [0, 41, 61, 21, 44, 64, 5, 45, 25, 24, 4, 22, 62, 82, 26, 46, 8, 3, 43, 63, 83, 23, 1, 0]
Rota do Picker 10: [0, 21, 41, 1, 4, 24, 65, 81, 61, 45, 27, 6, 26, 64, 44, 23, 83, 43, 42, 22, 82, 7, 5, 0]
Rota do Picker 11: [0, 21, 1, 61, 81, 41, 17, 18, 7, 83, 63, 25, 26, 65, 44, 6, 22, 2, 24, 4, 5, 43, 23, 3, 82, 0]
Rota do Picker 12: [0, 1, 21, 41, 4, 64, 3, 43, 23, 5, 45, 25, 24, 42, 22, 0]
Rota do Picker 13: [0, 1, 21, 61, 41, 23, 63, 43, 4, 93, 33, 34, 52, 54, 14, 12, 0]
Rota do Picker 14: [0, 21, 1, 41, 61, 5, 6, 23, 83, 43, 24, 4, 45, 26, 46, 7, 65, 42, 22, 0]

Caso de teste: SLAPRP_Guo_small_O200_alpha0.3_v4.txt

Distancia Total: 1144.0
Quantidade de Pickers: 14
