Rota do Picker 1: [0, 21, 11, 31, 34, 76, 37, 47, 45, 3, 23, 26, 46, 24, 30, 10, 8, 12, 14, 94, 43, 61, 22, 42, 20, 40, 60, 15, 72, 0]
Rota do Picker 2: [0, 78, 33, 24, 9, 5, 45, 27, 67, 2, 22, 42, 4, 47, 30, 10, 46, 26, 23, 3, 62, 21, 0]
Rota do Picker 3: [0, 21, 2, 23, 8, 10, 9, 45, 26, 46, 24, 22, 42, 84, 15, 37, 57, 14, 11, 28, 34, 78, 60, 40, 20, 0]
Rota do Picker 4: [0, 1, 21, 41, 26, 46, 30, 50, 10, 27, 61, 11, 31, 76, 37, 34, 94, 60, 24, 62, 22, 23, 47, 45, 2, 42, 72, 52, 14, 51, 0]
Rota do Picker 5: [0, 45, 9, 8, 42, 2, 22, 13, 53, 20, 78, 3, 41, 1, 21, 12, 10, 50, 30, 47, 27, 15, 76, 57, 37, 33, 31, 11, 0]
Rota do Picker 6: [0, 45, 20, 52, 72, 14, 5, 23, 8, 10, 30, 9, 47, 27, 42, 2, 62, 3, 21, 46, 26, 43, 22, 0]
Rota do Picker 7: [0, 47, 43, 2, 26, 46, 27, 31, 11, 60, 57, 14, 52, 32, 3, 37, 40, 20, 76, 12, 83, 23, 61, 41, 21, 1, 22, 42, 34, 78, 0]
Rota do Picker 8: [0, 1, 2, 22, 42, 43, 83, 76, 11, 31, 60, 40, 20, 15, 50, 30, 9, 47, 27, 33, 61, 21, 41, 3, 23, 4, 10, 8, 45, 5, 13, 0]
Rota do Picker 9: [0, 31, 40, 60, 97, 37, 15, 34, 14, 1, 2, 62, 22, 42, 76, 94, 51, 20, 33, 61, 41, 21, 26, 30, 10, 8, 46, 47, 67, 23, 3, 0]
Rota do Picker 10: [0, 34, 3, 61, 21, 41, 27, 47, 9, 15, 96, 76, 37, 57, 14, 1, 22, 42, 62, 51, 11, 10, 26, 46, 89, 67, 45, 2, 0]
Rota do Picker 11: [0, 43, 4, 3, 42, 24, 50, 10, 57, 97, 37, 12, 14, 46, 26, 45, 9, 67, 47, 22, 2, 21, 0]
Rota do Picker 12: [0, 43, 83, 78, 15, 33, 13, 34, 94, 41, 21, 1, 46, 26, 62, 42, 22, 24, 4, 45, 47, 30, 3, 8, 9, 23, 2, 11, 0]
Rota do Picker 13: [0, 21, 14, 34, 51, 45, 47, 43, 2, 30, 10, 28, 8, 26, 24, 1, 42, 67, 12, 15, 57, 72, 52, 62, 22, 23, 3, 0]

Caso de teste: SLAPRP_Guo_small_O200_alpha0.3_v6.txt

Distancia Total: 2136.0
Quantidade de Pickers: 13
