Rota do Picker 1: [0, 1, 21, 41, 61, 5, 45, 23, 6, 7, 82, 64, 44, 24, 83, 63, 43, 4, 62, 42, 22, 0]
Rota do Picker 2: [0, 1, 21, 41, 61, 5, 6, 46, 26, 23, 83, 43, 42, 62, 4, 24, 44, 25, 27, 63, 22, 65, 8, 0]
Rota do Picker 3: [0, 24, 6, 26, 42, 22, 36, 37, 43, 64, 81, 23, 83, 44, 25, 45, 5, 27, 8, 7, 61, 41, 21, 1, 0]
Rota do Picker 4: [0, 1, 41, 61, 21, 71, 91, 14, 16, 33, 18, 56, 36, 17, 93, 53, 73, 42, 27, 26, 6, 24, 64, 4, 5, 25, 43, 63, 23, 2, 0]
Rota do Picker 5: [0, 1, 21, 41, 61, 81, 14, 34, 92, 72, 15, 75, 37, 17, 44, 7, 53, 73, 82, 42, 22, 5, 43, 3, 23, 63, 64, 24, 4, 0]
Rota do Picker 6: [0, 1, 21, 41, 33, 53, 55, 37, 81, 61, 42, 62, 82, 27, 3, 7, 46, 26, 83, 44, 24, 4, 5, 43, 23, 11, 15, 54, 14, 0]

Caso de teste: SLAPRP_Guo_small_O100_alpha0.2_v9.txt

Distancia Total: 724.0
Quantidade de Pickers: 6
