Rota do Picker 1: [0, 36, 82, 75, 62, 42, 24, 4, 61, 21, 1, 5, 16, 26, 54, 44, 55, 64, 53, 0]
Rota do Picker 2: [0, 1, 21, 61, 4, 64, 26, 42, 7, 62, 44, 24, 83, 6, 82, 45, 25, 5, 84, 65, 0]
Rota do Picker 3: [0, 1, 61, 81, 4, 64, 84, 42, 56, 13, 21, 55, 27, 62, 5, 41, 45, 63, 14, 16, 7, 24, 36, 83, 15, 82, 0]
Rota do Picker 4: [0, 82, 55, 8, 84, 64, 83, 5, 26, 75, 81, 44, 42, 65, 62, 24, 4, 61, 21, 1, 63, 91, 0]
Rota do Picker 5: [0, 1, 81, 4, 24, 84, 17, 36, 62, 34, 56, 25, 44, 5, 45, 42, 16, 21, 61, 14, 54, 0]
Rota do Picker 6: [0, 1, 61, 81, 24, 62, 16, 54, 14, 56, 84, 55, 17, 5, 75, 37, 82, 42, 4, 21, 0]
Rota do Picker 7: [0, 1, 4, 24, 62, 52, 55, 91, 7, 61, 45, 42, 23, 27, 6, 5, 25, 81, 21, 44, 84, 63, 82, 0]

Caso de teste: SLAPRP_Guo_small_O100_alpha0.2_v9.txt

Distancia Total: 1220.0
Quantidade de Pickers: 7
