Rota do Picker 1: [0, 83, 23, 63, 26, 61, 3, 45, 27, 62, 64, 43, 25, 5, 41, 21, 1, 44, 46, 8, 42, 22, 82, 6, 0]
Rota do Picker 2: [0, 21, 41, 61, 81, 4, 25, 1, 23, 6, 43, 3, 7, 62, 45, 64, 83, 82, 46, 26, 63, 5, 42, 22, 0]
Rota do Picker 3: [0, 22, 7, 65, 8, 3, 42, 63, 83, 62, 25, 41, 61, 81, 43, 26, 27, 1, 21, 23, 5, 6, 64, 45, 82, 0]
Rota do Picker 4: [0, 42, 44, 82, 62, 22, 83, 43, 3, 61, 41, 21, 1, 81, 5, 45, 23, 7, 65, 26, 64, 25, 0]
Rota do Picker 5: [0, 61, 81, 7, 75, 41, 1, 21, 0]
Rota do Picker 6: [0, 43, 65, 41, 62, 46, 45, 5, 21, 63, 23, 1, 3, 7, 27, 26, 8, 6, 25, 42, 2, 22, 44, 24, 61, 0]
Rota do Picker 7: [0, 1, 61, 11, 51, 13, 33, 73, 0]
Rota do Picker 8: [0, 1, 21, 3, 5, 26, 45, 22, 46, 63, 7, 25, 61, 27, 43, 8, 64, 41, 81, 6, 83, 23, 82, 62, 65, 0]
Rota do Picker 9: [0, 1, 21, 61, 23, 41, 43, 42, 22, 5, 81, 63, 62, 82, 44, 83, 3, 0]
Rota do Picker 10: [0, 1, 21, 41, 61, 22, 42, 63, 3, 23, 43, 81, 45, 82, 83, 75, 65, 5, 62, 46, 0]
Rota do Picker 11: [0, 8, 61, 7, 46, 64, 63, 81, 6, 62, 22, 42, 45, 83, 41, 23, 25, 5, 43, 3, 21, 1, 44, 82, 0]
Rota do Picker 12: [0, 65, 42, 44, 7, 64, 25, 63, 22, 82, 26, 1, 21, 41, 61, 23, 43, 5, 46, 3, 6, 0]
Rota do Picker 13: [0, 41, 21, 61, 82, 26, 81, 83, 63, 43, 23, 22, 42, 62, 46, 5, 1, 75, 6, 64, 44, 25, 0]

Caso de teste: SLAPRP_Guo_small_O200_alpha0.3_v2.txt

Distancia Total: 1630.0
Quantidade de Pickers: 13
