SKUs: 40
Pedidos: 204

Primeiro pedido:
Order(1, [1, 2, 3, 5, 8, 12, 22, 34])

Ultimo pedido:
Order(204, [2, 3, 6, 37])

Location(1, 1, -1, 20)
Location(2, 1, -2, 20)
Location(3, 1, -3, 20)
Location(4, 1, -4, 20)
Location(5, 1, -5, 20)
Location(6, 1, -6, 20)
Location(7, 1, -7, 20)
Location(8, 1, -8, 20)
Location(9, 1, -9, 20)
Location(10, 1, -10, 40)
Location(11, 1, 1, 20)
Location(12, 1, 2, 20)
Location(13, 1, 3, 20)
Location(14, 1, 4, 20)
Location(15, 1, 5, 20)
Location(16, 1, 6, 20)
Location(17, 1, 7, 20)
Location(18, 1, 8, 20)
Location(19, 1, 9, 20)
Location(20, 1, 10, 40)
Location(21, 2, -1, 20)
Location(22, 2, -2, 20)
Location(23, 2, -3, 20)
Location(24, 2, -4, 20)
Location(25, 2, -5, 20)
Location(26, 2, -6, 20)
Location(27, 2, -7, 20)
Location(28, 2, -8, 20)
Location(29, 2, -9, 20)
Location(30, 2, -10, 40)
Location(31, 2, 1, 20)
Location(32, 2, 2, 20)
Location(33, 2, 3, 20)
Location(34, 2, 4, 20)
Location(35, 2, 5, 20)
Location(36, 2, 6, 20)
Location(37, 2, 7, 20)
Location(38, 2, 8, 20)
Location(39, 2, 9, 20)
Location(40, 2, 10, 40)
Location(41, 3, -1, 20)
Location(42, 3, -2, 20)
Location(43, 3, -3, 20)
Location(44, 3, -4, 20)
Location(45, 3, -5, 20)
Location(46, 3, -6, 20)
Location(47, 3, -7, 20)
Location(48, 3, -8, 20)
Location(49, 3, -9, 20)
Location(50, 3, -10, 40)
Location(51, 3, 1, 20)
Location(52, 3, 2, 20)
Location(53, 3, 3, 20)
Location(54, 3, 4, 20)
Location(55, 3, 5, 20)
Location(56, 3, 6, 20)
Location(57, 3, 7, 20)
Location(58, 3, 8, 20)
Location(59, 3, 9, 20)
Location(60, 3, 10, 40)
Location(61, 4, -1, 20)
Location(62, 4, -2, 20)
Location(63, 4, -3, 20)
Location(64, 4, -4, 20)
Location(65, 4, -5, 20)
Location(66, 4, -6, 20)
Location(67, 4, -7, 20)
Location(68, 4, -8, 20)
Location(69, 4, -9, 20)
Location(70, 4, -10, 40)
Location(71, 4, 1, 20)
Location(72, 4, 2, 20)
Location(73, 4, 3, 20)
Location(74, 4, 4, 20)
Location(75, 4, 5, 20)
Location(76, 4, 6, 20)
Location(77, 4, 7, 20)
Location(78, 4, 8, 20)
Location(79, 4, 9, 20)
Location(80, 4, 10, 40)
Location(81, 5, -1, 20)
Location(82, 5, -2, 20)
Location(83, 5, -3, 20)
Location(84, 5, -4, 20)
Location(85, 5, -5, 20)
Location(86, 5, -6, 20)
Location(87, 5, -7, 20)
Location(88, 5, -8, 20)
Location(89, 5, -9, 20)
Location(90, 5, -10, 40)
Location(91, 5, 1, 20)
Location(92, 5, 2, 20)
Location(93, 5, 3, 20)
Location(94, 5, 4, 20)
Location(95, 5, 5, 20)
Location(96, 5, 6, 20)
Location(97, 5, 7, 20)
Location(98, 5, 8, 20)
Location(99, 5, 9, 20)
Location(100, 5, 10, 40)

Frequencias: [83, 85, 86, 89, 78, 95, 91, 72, 7, 12, 11, 12, 8, 5, 8, 11, 12, 8, 8, 9, 3, 11, 10, 6, 8, 14, 6, 7, 10, 11, 8, 7, 8, 11, 6, 11, 10, 10, 0, 0]

Matriz de coocorrencia: 
40×40 Matrix{Int64}:
  0  45  39  40  38  53  41  38  4  7  6  6  1  1  3  6  3  3  3  6  3  3  5  4  4   5  4  4  5  4  2  4  3  5  4  6  5  3  0  0
 45   0  39  37  41  47  40  34  3  6  4  5  5  3  4  5  8  1  7  5  2  7  4  3  3   3  2  2  4  5  1  2  3  4  3  5  8  3  0  0
 39  39   0  37  36  42  32  29  7  4  3  4  3  1  3  2  6  4  2  4  2  8  4  3  2   7  4  3  3  4  3  4  2  6  3  7  6  4  0  0
 40  37  37   0  38  45  33  36  2  4  5  6  3  3  5  4  3  3  6  4  2  5  7  0  2   5  3  1  4  6  2  1  5  3  1  6  5  5  0  0
 38  41  36  38   0  46  43  37  2  6  7  4  6  3  4  7  6  2  5  4  0  6  4  4  2   7  2  3  5  6  3  2  4  4  2  5  4  4  0  0
 53  47  42  45  46   0  49  42  5  7  4  6  5  2  6  8  5  4  5  5  3  3  3  4  5  10  3  3  7  4  1  3  6  4  3  7  6  4  0  0
 41  40  32  33  43  49   0  37  1  6  3  2  6  3  4  7  6  4  5  3  2  3  3  4  5   5  2  4  5  7  1  4  4  5  4  3  4  5  0  0
 38  34  29  36  37  42  37   0  1  5  5  6  3  1  4  7  5  5  3  3  1  9  6  4  3   4  2  6  8  4  3  4  2  7  2  3  3  4  0  0
  4   3   7   2   2   5   1   1  0  0  0  0  0  0  0  0  1  1  0  0  0  0  1  0  0   3  0  0  0  1  0  1  1  0  0  0  1  2  0  0
  7   6   4   4   6   7   6   5  0  0  1  1  1  0  0  0  0  0  0  1  1  0  0  0  0   2  0  1  1  2  0  1  0  2  1  1  0  1  0  0
  6   4   3   5   7   4   3   5  0  1  0  0  0  0  1  3  1  1  0  0  0  0  2  0  0   1  0  0  1  0  0  0  1  1  1  0  0  0  0  0
  6   5   4   6   4   6   2   6  0  1  0  0  1  0  0  0  1  0  1  1  0  2  1  0  1   2  1  0  1  0  0  0  0  2  1  3  0  0  0  0
  1   5   3   3   6   5   6   3  0  1  0  1  0  1  0  1  1  1  1  1  0  1  0  0  0   0  0  1  0  1  0  0  0  1  0  0  0  0  0  0
  1   3   1   3   3   2   3   1  0  0  0  0  1  0  0  0  1  0  1  0  0  0  0  0  1   0  0  0  0  1  0  0  0  0  0  0  0  0  0  0
  3   4   3   5   4   6   4   4  0  0  1  0  0  0  0  1  0  0  0  0  0  0  2  0  0   0  0  0  1  0  1  0  0  0  0  0  0  0  0  0
  6   5   2   4   7   8   7   7  0  0  3  0  1  0  1  0  1  1  1  0  0  0  1  0  0   2  0  0  1  0  0  0  0  1  0  0  1  0  0  0
  3   8   6   3   6   5   6   5  1  0  1  1  1  1  0  1  0  0  0  0  0  1  0  1  1   1  0  1  0  1  0  0  0  0  0  1  1  0  0  0
  3   1   4   3   2   4   4   5  1  0  1  0  1  0  0  1  0  0  0  0  0  1  0  0  2   0  0  1  0  1  0  2  0  1  0  0  0  1  0  0
  3   7   2   6   5   5   5   3  0  0  0  1  1  1  0  1  0  0  0  0  0  1  1  0  0   0  0  0  0  0  0  1  0  0  0  0  1  1  0  0
  6   5   4   4   4   5   3   3  0  1  0  1  1  0  0  0  0  0  0  0  0  1  0  1  1   0  0  0  0  1  0  0  0  0  0  0  1  0  0  0
  3   2   2   2   0   3   2   1  0  1  0  0  0  0  0  0  0  0  0  0  0  0  0  0  0   0  0  1  0  0  0  0  0  0  0  0  0  0  0  0
  3   7   8   5   6   3   3   9  0  0  0  2  1  0  0  0  1  1  1  1  0  0  1  0  1   1  0  2  0  0  1  0  0  4  0  1  0  1  0  0
  5   4   4   7   4   3   3   6  1  0  2  1  0  0  2  1  0  0  1  0  0  1  0  0  0   2  0  1  0  1  0  2  0  0  0  0  0  2  0  0
  4   3   3   0   4   4   4   4  0  0  0  0  0  0  0  0  1  0  0  1  0  0  0  0  0   0  0  0  0  0  0  0  0  0  1  0  0  1  0  0
  4   3   2   2   2   5   5   3  0  0  0  1  0  1  0  0  1  2  0  1  0  1  0  0  0   0  0  2  0  0  0  1  0  0  0  1  2  1  0  0
  5   3   7   5   7  10   5   4  3  2  1  2  0  0  0  2  1  0  0  0  0  1  2  0  0   0  1  0  2  0  0  1  1  1  0  0  1  0  0  0
  4   2   4   3   2   3   2   2  0  0  0  1  0  0  0  0  0  0  0  0  0  0  0  0  0   1  0  1  0  0  0  0  1  0  1  0  0  0  0  0
  4   2   3   1   3   3   4   6  0  1  0  0  1  0  0  0  1  1  0  0  1  2  1  0  2   0  1  0  0  0  1  0  0  0  1  0  0  2  0  0
  5   4   3   4   5   7   5   8  0  1  1  1  0  0  1  1  0  0  0  0  0  0  0  0  0   2  0  0  0  0  0  0  0  2  0  0  0  0  0  0
  4   5   4   6   6   4   7   4  1  2  0  0  1  1  0  0  1  1  0  1  0  0  1  0  0   0  0  0  0  0  0  0  0  0  0  0  0  2  0  0
  2   1   3   2   3   1   1   3  0  0  0  0  0  0  1  0  0  0  0  0  0  1  0  0  0   0  0  1  0  0  0  1  0  1  0  0  0  0  0  0
  4   2   4   1   2   3   4   4  1  1  0  0  0  0  0  0  0  2  1  0  0  0  2  0  1   1  0  0  0  0  1  0  0  0  1  0  0  1  0  0
  3   3   2   5   4   6   4   2  1  0  1  0  0  0  0  0  0  0  0  0  0  0  0  0  0   1  1  0  0  0  0  0  0  0  0  0  0  0  0  0
  5   4   6   3   4   4   5   7  0  2  1  2  1  0  0  1  0  1  0  0  0  4  0  0  0   1  0  0  2  0  1  0  0  0  1  0  0  0  0  0
  4   3   3   1   2   3   4   2  0  1  1  1  0  0  0  0  0  0  0  0  0  0  0  1  0   0  1  1  0  0  0  1  0  1  0  1  0  0  0  0
  6   5   7   6   5   7   3   3  0  1  0  3  0  0  0  0  1  0  0  0  0  1  0  0  1   0  0  0  0  0  0  0  0  0  1  0  0  0  0  0
  5   8   6   5   4   6   4   3  1  0  0  0  0  0  0  1  1  0  1  1  0  0  0  0  2   1  0  0  0  0  0  0  0  0  0  0  0  1  0  0
  3   3   4   5   4   4   5   4  2  1  0  0  0  0  0  0  0  1  1  0  0  1  2  1  1   0  0  2  0  2  0  1  0  0  0  0  1  0  0  0
  0   0   0   0   0   0   0   0  0  0  0  0  0  0  0  0  0  0  0  0  0  0  0  0  0   0  0  0  0  0  0  0  0  0  0  0  0  0  0  0
  0   0   0   0   0   0   0   0  0  0  0  0  0  0  0  0  0  0  0  0  0  0  0  0  0   0  0  0  0  0  0  0  0  0  0  0  0  0  0  0
SKU(83, 196.0, 0.07)
SKU(85, 181.0, 0.08)
SKU(86, 130.0, 0.21)
SKU(89, 164.0, 0.1)
SKU(78, 137.0, 0.13)
SKU(95, 193.0, 0.08)
SKU(91, 206.0, 0.07)
SKU(72, 139.0, 0.11)
SKU(7, 35.0, 0.09)
SKU(12, 33.0, 0.21)
SKU(11, 47.0, 0.11)
SKU(12, 54.0, 0.12)
SKU(8, 24.0, 0.19)
SKU(5, 41.0, 0.07)
SKU(8, 65.0, 0.05)
SKU(11, 57.0, 0.09)
SKU(12, 52.0, 0.08)
SKU(8, 33.0, 0.12)
SKU(8, 20.0, 0.26)
SKU(9, 29.0, 0.17)
SKU(3, 35.0, 0.07)
SKU(11, 34.0, 0.16)
SKU(10, 50.0, 0.1)
SKU(6, 57.0, 0.05)
SKU(8, 37.0, 0.11)
SKU(14, 58.0, 0.09)
SKU(6, 31.0, 0.13)
SKU(7, 27.0, 0.16)
SKU(10, 70.0, 0.06)
SKU(11, 85.0, 0.04)
SKU(8, 32.0, 0.15)
SKU(7, 54.0, 0.06)
SKU(8, 55.0, 0.07)
SKU(11, 81.0, 0.05)
SKU(6, 24.0, 0.12)
SKU(11, 33.0, 0.16)
SKU(10, 83.0, 0.04)
SKU(10, 29.0, 0.14)
SKU(0, 10.0, 0.08)
SKU(0, 9.0, 0.12)

extremidades das matrizes:
S_hat: (-0.2737735772935335, 0.7950179552155343)
S_hat * P: (-0.2597706499744124, 0.728334752381145)
W * S_hat: (-0.07709098091049715, 1.2672496512419806)
W * S_hat * P: (-0.03891970756831142, 1.1619702908472782)
correlacao{S_hat, S_hat_hat} = 0.9607960901280046

Posicao 1 (Corredor 1, Prateleira -1)
   SKU 1 -> 192
   SKU 6 -> 82

Posicao 2 (Corredor 1, Prateleira -2)
   SKU 3 -> 7
   SKU 8 -> 139
   SKU 30 -> 81

Posicao 3 (Corredor 1, Prateleira -3)
   SKU 12 -> 54
   SKU 16 -> 57
   SKU 26 -> 58

Posicao 11 (Corredor 1, Prateleira 1)
   SKU 1 -> 4
   SKU 6 -> 66
   SKU 7 -> 206

Posicao 12 (Corredor 1, Prateleira 2)
   SKU 5 -> 96
   SKU 34 -> 81
   SKU 37 -> 83

Posicao 13 (Corredor 1, Prateleira 3)
   SKU 25 -> 37
   SKU 36 -> 33
   SKU 38 -> 29

Posicao 21 (Corredor 2, Prateleira -1)
   SKU 2 -> 181
   SKU 4 -> 19
   SKU 6 -> 45

Posicao 22 (Corredor 2, Prateleira -2)
   SKU 3 -> 64
   SKU 15 -> 65
   SKU 32 -> 54

Posicao 23 (Corredor 2, Prateleira -3)
   SKU 9 -> 35
   SKU 18 -> 33
   SKU 20 -> 29

Posicao 31 (Corredor 2, Prateleira 1)
   SKU 4 -> 145
   SKU 5 -> 41
   SKU 30 -> 4

Posicao 32 (Corredor 2, Prateleira 2)
   SKU 3 -> 59
   SKU 24 -> 57
   SKU 29 -> 70

Posicao 33 (Corredor 2, Prateleira 3)
   SKU 27 -> 31
   SKU 31 -> 32
   SKU 35 -> 24

Posicao 41 (Corredor 3, Prateleira -1)
   SKU 11 -> 47
   SKU 17 -> 52
   SKU 23 -> 50

Posicao 42 (Corredor 3, Prateleira -2)
   SKU 13 -> 24
   SKU 14 -> 41
   SKU 28 -> 27

Posicao 51 (Corredor 3, Prateleira 1)
   SKU 10 -> 33
   SKU 22 -> 34
   SKU 33 -> 55

Posicao 52 (Corredor 3, Prateleira 2)
   SKU 19 -> 20
   SKU 21 -> 35

Posicao 100 (Corredor 5, Prateleira 10)
   SKU 39 -> 10
   SKU 40 -> 9

