Rota do Picker 1: [0, 21, 8, 10, 30, 48, 28, 69, 47, 9, 2, 20, 17, 57, 13, 31, 49, 87, 67, 76, 96, 59, 40, 18, 3, 65, 45, 46, 26, 27, 7, 0]
Rota do Picker 2: [0, 1, 48, 10, 7, 27, 47, 84, 26, 46, 8, 28, 9, 45, 51, 55, 57, 39, 98, 12, 37, 97, 40, 18, 94, 74, 0]
Rota do Picker 3: [0, 26, 46, 45, 65, 7, 9, 13, 11, 31, 20, 40, 37, 1, 2, 28, 48, 30, 89, 69, 8, 41, 87, 67, 27, 21, 0]
Rota do Picker 4: [0, 84, 65, 45, 27, 7, 26, 46, 8, 28, 10, 30, 48, 1, 9, 69, 47, 87, 17, 57, 32, 0]
Rota do Picker 5: [0, 27, 67, 87, 45, 49, 9, 8, 28, 48, 17, 38, 7, 26, 12, 32, 13, 18, 39, 59, 55, 97, 20, 10, 47, 46, 1, 0]
Rota do Picker 6: [0, 8, 30, 10, 65, 45, 48, 69, 9, 89, 7, 46, 26, 47, 67, 27, 87, 2, 1, 0]
Rota do Picker 7: [0, 21, 2, 8, 28, 46, 30, 32, 51, 9, 65, 45, 27, 7, 87, 47, 26, 48, 3, 1, 12, 18, 39, 37, 20, 11, 13, 57, 0]
Rota do Picker 8: [0, 7, 9, 57, 37, 18, 20, 59, 55, 36, 40, 64, 84, 26, 10, 45, 3, 12, 77, 46, 27, 8, 28, 48, 67, 1, 0]
Rota do Picker 9: [0, 41, 2, 64, 8, 28, 49, 46, 26, 7, 27, 67, 9, 69, 10, 48, 45, 65, 11, 32, 0]
Rota do Picker 10: [0, 1, 8, 27, 87, 45, 51, 31, 13, 20, 40, 38, 12, 94, 74, 55, 98, 59, 39, 18, 17, 21, 84, 0]
Rota do Picker 11: [0, 30, 26, 46, 8, 9, 27, 10, 48, 7, 47, 87, 45, 3, 20, 40, 37, 57, 97, 76, 1, 2, 0]
Rota do Picker 12: [0, 30, 2, 48, 28, 8, 7, 49, 46, 26, 10, 69, 27, 9, 87, 67, 47, 1, 13, 59, 40, 18, 55, 11, 17, 57, 0]

Caso de teste: SLAPRP_Guo_small_O200_alpha0.2_v2.txt

Distancia Total: 1836.0
Quantidade de Pickers: 12
