Rota do Picker 1: [0, 1, 22, 42, 62, 82, 4, 65, 25, 46, 64, 44, 24, 7, 27, 83, 63, 23, 43, 45, 5, 61, 41, 21, 56, 16, 37, 0]
Rota do Picker 2: [0, 72, 63, 43, 23, 1, 22, 42, 62, 4, 3, 24, 44, 7, 26, 46, 27, 45, 5, 6, 61, 41, 21, 81, 0]
Rota do Picker 3: [0, 52, 72, 55, 21, 41, 61, 81, 31, 92, 73, 16, 34, 14, 18, 17, 15, 54, 74, 36, 62, 4, 24, 44, 5, 42, 22, 1, 0]
Rota do Picker 4: [0, 1, 61, 81, 21, 34, 35, 36, 56, 14, 33, 13, 41, 23, 43, 53, 74, 91, 51, 72, 44, 25, 5, 3, 83, 64, 45, 26, 6, 22, 24, 4, 0]
Rota do Picker 5: [0, 1, 21, 41, 5, 23, 43, 27, 8, 6, 26, 46, 25, 3, 63, 83, 65, 42, 22, 82, 62, 44, 64, 7, 24, 4, 0]
Rota do Picker 6: [0, 21, 1, 41, 61, 5, 65, 63, 83, 23, 24, 26, 45, 25, 43, 44, 4, 8, 0]

Caso de teste: SLAPRP_Guo_small_O100_alpha0.2_v2.txt

Distancia Total: 710.0
Quantidade de Pickers: 6
