SKUs: 40
Pedidos: 104

Primeiro pedido:
Order(1, [3, 4, 6, 7, 13, 17, 21, 37])

Ultimo pedido:
Order(104, [6, 7, 8, 26, 28])

Location(1, 1, -1, 20)
Location(2, 1, -2, 20)
Location(3, 1, -3, 20)
Location(4, 1, -4, 20)
Location(5, 1, -5, 20)
Location(6, 1, -6, 20)
Location(7, 1, -7, 20)
Location(8, 1, -8, 20)
Location(9, 1, -9, 20)
Location(10, 1, -10, 40)
Location(11, 1, 1, 20)
Location(12, 1, 2, 20)
Location(13, 1, 3, 20)
Location(14, 1, 4, 20)
Location(15, 1, 5, 20)
Location(16, 1, 6, 20)
Location(17, 1, 7, 20)
Location(18, 1, 8, 20)
Location(19, 1, 9, 20)
Location(20, 1, 10, 40)
Location(21, 2, -1, 20)
Location(22, 2, -2, 20)
Location(23, 2, -3, 20)
Location(24, 2, -4, 20)
Location(25, 2, -5, 20)
Location(26, 2, -6, 20)
Location(27, 2, -7, 20)
Location(28, 2, -8, 20)
Location(29, 2, -9, 20)
Location(30, 2, -10, 40)
Location(31, 2, 1, 20)
Location(32, 2, 2, 20)
Location(33, 2, 3, 20)
Location(34, 2, 4, 20)
Location(35, 2, 5, 20)
Location(36, 2, 6, 20)
Location(37, 2, 7, 20)
Location(38, 2, 8, 20)
Location(39, 2, 9, 20)
Location(40, 2, 10, 40)
Location(41, 3, -1, 20)
Location(42, 3, -2, 20)
Location(43, 3, -3, 20)
Location(44, 3, -4, 20)
Location(45, 3, -5, 20)
Location(46, 3, -6, 20)
Location(47, 3, -7, 20)
Location(48, 3, -8, 20)
Location(49, 3, -9, 20)
Location(50, 3, -10, 40)
Location(51, 3, 1, 20)
Location(52, 3, 2, 20)
Location(53, 3, 3, 20)
Location(54, 3, 4, 20)
Location(55, 3, 5, 20)
Location(56, 3, 6, 20)
Location(57, 3, 7, 20)
Location(58, 3, 8, 20)
Location(59, 3, 9, 20)
Location(60, 3, 10, 40)
Location(61, 4, -1, 20)
Location(62, 4, -2, 20)
Location(63, 4, -3, 20)
Location(64, 4, -4, 20)
Location(65, 4, -5, 20)
Location(66, 4, -6, 20)
Location(67, 4, -7, 20)
Location(68, 4, -8, 20)
Location(69, 4, -9, 20)
Location(70, 4, -10, 40)
Location(71, 4, 1, 20)
Location(72, 4, 2, 20)
Location(73, 4, 3, 20)
Location(74, 4, 4, 20)
Location(75, 4, 5, 20)
Location(76, 4, 6, 20)
Location(77, 4, 7, 20)
Location(78, 4, 8, 20)
Location(79, 4, 9, 20)
Location(80, 4, 10, 40)
Location(81, 5, -1, 20)
Location(82, 5, -2, 20)
Location(83, 5, -3, 20)
Location(84, 5, -4, 20)
Location(85, 5, -5, 20)
Location(86, 5, -6, 20)
Location(87, 5, -7, 20)
Location(88, 5, -8, 20)
Location(89, 5, -9, 20)
Location(90, 5, -10, 40)
Location(91, 5, 1, 20)
Location(92, 5, 2, 20)
Location(93, 5, 3, 20)
Location(94, 5, 4, 20)
Location(95, 5, 5, 20)
Location(96, 5, 6, 20)
Location(97, 5, 7, 20)
Location(98, 5, 8, 20)
Location(99, 5, 9, 20)
Location(100, 5, 10, 40)

Frequencias: [55, 47, 48, 48, 46, 40, 66, 46, 4, 10, 0, 3, 4, 6, 5, 3, 7, 5, 5, 3, 8, 6, 4, 7, 5, 7, 7, 6, 3, 6, 5, 5, 3, 3, 6, 4, 7, 3, 3, 0]

Matriz de coocorrencia: 
40×40 Matrix{Int64}:
  0  23  29  29  24  16  26  25  1  3  0  0  2  3  0  2  2  1  1  3  4  3  2  3  2  4  5  2  2  5  2  3  2  1  4  1  1  1  1  0
 23   0  22  26  24  19  38  26  0  4  0  1  2  2  1  0  1  3  2  1  3  3  1  3  1  2  3  2  0  4  3  3  0  0  1  1  5  2  0  0
 29  22   0  27  26  18  30  21  2  5  0  1  1  3  3  0  5  4  1  2  5  4  3  3  3  3  2  3  2  4  3  1  2  0  4  1  2  3  0  0
 29  26  27   0  22  19  29  25  2  4  0  1  3  3  1  3  3  2  3  0  3  3  0  0  4  2  4  3  2  3  3  3  1  2  4  1  4  1  1  0
 24  24  26  22   0  22  37  24  1  6  0  1  2  4  0  0  4  1  3  0  3  2  1  3  3  1  4  2  2  4  2  3  1  1  4  1  2  1  1  0
 16  19  18  19  22   0  30  19  2  5  0  2  1  3  1  1  3  0  3  2  6  2  0  2  2  2  3  3  1  3  2  1  0  2  1  2  4  2  2  0
 26  38  30  29  37  30   0  33  2  8  0  1  2  5  0  1  5  5  3  1  7  5  2  6  4  4  4  4  2  5  5  4  1  1  4  1  5  2  1  0
 25  26  21  25  24  19  33   0  2  8  0  1  1  4  0  0  2  2  3  0  2  4  1  5  3  5  1  3  2  2  3  2  2  1  3  1  2  1  1  0
  1   0   2   2   1   2   2   2  0  0  0  1  0  1  1  0  0  0  0  0  0  0  1  1  0  2  1  0  0  0  0  0  0  0  0  1  0  1  0  0
  3   4   5   4   6   5   8   8  0  0  0  0  0  2  0  0  0  1  0  0  2  1  1  2  0  0  0  0  0  0  1  0  2  0  0  0  1  0  0  0
  0   0   0   0   0   0   0   0  0  0  0  0  0  0  0  0  0  0  0  0  0  0  0  0  0  0  0  0  0  0  0  0  0  0  0  0  0  0  0  0
  0   1   1   1   1   2   1   1  1  0  0  0  0  0  1  0  0  0  0  0  0  0  0  0  0  0  0  0  0  0  0  0  0  0  0  2  0  1  0  0
  2   2   1   3   2   1   2   1  0  0  0  0  0  1  0  0  2  0  0  0  1  0  0  0  0  0  0  0  0  0  0  0  0  0  0  0  1  0  0  0
  3   2   3   3   4   3   5   4  1  2  0  0  1  0  0  0  1  1  0  0  0  0  0  0  0  1  1  0  0  0  0  0  1  0  0  0  0  0  0  0
  0   1   3   1   0   1   0   0  1  0  0  1  0  0  0  0  0  0  0  0  0  0  1  1  0  1  0  0  0  0  0  0  0  0  0  0  1  0  0  0
  2   0   0   3   0   1   1   0  0  0  0  0  0  0  0  0  0  0  0  0  0  0  0  0  1  0  0  0  1  0  0  0  0  0  0  0  0  0  1  0
  2   1   5   3   4   3   5   2  0  0  0  0  2  1  0  0  0  1  1  0  2  2  1  0  0  0  0  0  1  0  0  0  0  1  2  0  1  0  0  0
  1   3   4   2   1   0   5   2  0  1  0  0  0  1  0  0  1  0  1  0  0  2  0  0  0  0  0  0  0  1  0  0  1  0  0  0  1  0  0  0
  1   2   1   3   3   3   3   3  0  0  0  0  0  0  0  0  1  1  0  0  0  1  0  0  0  0  0  0  0  0  0  1  0  1  0  0  1  0  1  0
  3   1   2   0   0   2   1   0  0  0  0  0  0  0  0  0  0  0  0  0  1  0  1  0  0  0  0  0  0  1  0  0  0  0  0  0  0  0  0  0
  4   3   5   3   3   6   7   2  0  2  0  0  1  0  0  0  2  0  0  1  0  1  0  1  0  0  0  0  0  1  1  0  1  0  0  0  1  0  0  0
  3   3   4   3   2   2   5   4  0  1  0  0  0  0  0  0  2  2  1  0  1  0  0  0  0  0  0  0  0  0  0  1  0  0  2  0  0  0  0  0
  2   1   3   0   1   0   2   1  1  1  0  0  0  0  1  0  1  0  0  1  0  0  0  2  0  1  0  0  0  0  0  0  0  0  1  0  1  0  0  0
  3   3   3   0   3   2   6   5  1  2  0  0  0  0  1  0  0  0  0  0  1  0  2  0  0  1  0  0  1  0  1  2  0  0  1  0  1  0  0  0
  2   1   3   4   3   2   4   3  0  0  0  0  0  0  0  1  0  0  0  0  0  0  0  0  0  1  0  1  1  0  1  0  0  0  1  0  0  0  0  0
  4   2   3   2   1   2   4   5  2  0  0  0  0  1  1  0  0  0  0  0  0  0  1  1  1  0  1  1  0  0  0  0  0  0  0  0  0  0  0  0
  5   3   2   4   4   3   4   1  1  0  0  0  0  1  0  0  0  0  0  0  0  0  0  0  0  1  0  0  0  0  0  1  0  0  0  0  0  0  0  0
  2   2   3   3   2   3   4   3  0  0  0  0  0  0  0  0  0  0  0  0  0  0  0  0  1  1  0  0  0  1  0  0  0  0  0  0  0  0  0  0
  2   0   2   2   2   1   2   2  0  0  0  0  0  0  0  1  1  0  0  0  0  0  0  1  1  0  0  0  0  0  0  0  0  0  1  0  0  0  0  0
  5   4   4   3   4   3   5   2  0  0  0  0  0  0  0  0  0  1  0  1  1  0  0  0  0  0  0  1  0  0  0  0  0  0  0  0  0  0  0  0
  2   3   3   3   2   2   5   3  0  1  0  0  0  0  0  0  0  0  0  0  1  0  0  1  1  0  0  0  0  0  0  0  0  0  1  0  0  1  0  0
  3   3   1   3   3   1   4   2  0  0  0  0  0  0  0  0  0  0  1  0  0  1  0  2  0  0  1  0  0  0  0  0  0  0  2  0  0  0  0  0
  2   0   2   1   1   0   1   2  0  2  0  0  0  1  0  0  0  1  0  0  1  0  0  0  0  0  0  0  0  0  0  0  0  0  0  1  0  0  0  0
  1   0   0   2   1   2   1   1  0  0  0  0  0  0  0  0  1  0  1  0  0  0  0  0  0  0  0  0  0  0  0  0  0  0  0  0  0  0  0  0
  4   1   4   4   4   1   4   3  0  0  0  0  0  0  0  0  2  0  0  0  0  2  1  1  1  0  0  0  1  0  1  2  0  0  0  0  0  0  0  0
  1   1   1   1   1   2   1   1  1  0  0  2  0  0  0  0  0  0  0  0  0  0  0  0  0  0  0  0  0  0  0  0  1  0  0  0  0  1  0  0
  1   5   2   4   2   4   5   2  0  1  0  0  1  0  1  0  1  1  1  0  1  0  1  1  0  0  0  0  0  0  0  0  0  0  0  0  0  0  1  0
  1   2   3   1   1   2   2   1  1  0  0  1  0  0  0  0  0  0  0  0  0  0  0  0  0  0  0  0  0  0  1  0  0  0  0  1  0  0  0  0
  1   0   0   1   1   2   1   1  0  0  0  0  0  0  0  1  0  0  1  0  0  0  0  0  0  0  0  0  0  0  0  0  0  0  0  0  1  0  0  0
  0   0   0   0   0   0   0   0  0  0  0  0  0  0  0  0  0  0  0  0  0  0  0  0  0  0  0  0  0  0  0  0  0  0  0  0  0  0  0  0
SKU(55, 213.0, 0.07)
SKU(47, 179.0, 0.08)
SKU(48, 102.0, 0.21)
SKU(48, 150.0, 0.1)
SKU(46, 124.0, 0.13)
SKU(40, 157.0, 0.08)
SKU(66, 225.0, 0.07)
SKU(46, 143.0, 0.11)
SKU(4, 43.0, 0.09)
SKU(10, 40.0, 0.21)
SKU(0, 16.0, 0.11)
SKU(3, 32.0, 0.12)
SKU(4, 27.0, 0.19)
SKU(6, 66.0, 0.07)
SKU(5, 77.0, 0.05)
SKU(3, 41.0, 0.09)
SKU(7, 59.0, 0.08)
SKU(5, 37.0, 0.12)
SKU(5, 20.0, 0.26)
SKU(3, 28.0, 0.17)
SKU(8, 76.0, 0.07)
SKU(6, 33.0, 0.16)
SKU(4, 42.0, 0.1)
SKU(7, 91.0, 0.05)
SKU(5, 51.0, 0.11)
SKU(7, 57.0, 0.09)
SKU(7, 45.0, 0.13)
SKU(6, 39.0, 0.16)
SKU(3, 52.0, 0.06)
SKU(6, 96.0, 0.04)
SKU(5, 30.0, 0.15)
SKU(5, 68.0, 0.06)
SKU(3, 51.0, 0.07)
SKU(3, 67.0, 0.05)
SKU(6, 38.0, 0.12)
SKU(4, 23.0, 0.16)
SKU(7, 95.0, 0.04)
SKU(3, 27.0, 0.14)
SKU(3, 36.0, 0.08)
SKU(0, 13.0, 0.12)

Posicao 1 (Corredor 1, Prateleira -1)
   SKU 1 -> 213
   SKU 2 -> 1
   SKU 7 -> 71

Posicao 2 (Corredor 1, Prateleira -2)
   SKU 6 -> 156
   SKU 30 -> 94
   SKU 37 -> 94

Posicao 3 (Corredor 1, Prateleira -3)
   SKU 17 -> 59
   SKU 18 -> 37
   SKU 29 -> 52

Posicao 5 (Corredor 1, Prateleira -5)
   SKU 37 -> 1

Posicao 11 (Corredor 1, Prateleira 1)
   SKU 2 -> 114
   SKU 4 -> 1
   SKU 7 -> 154

Posicao 12 (Corredor 1, Prateleira 2)
   SKU 2 -> 54
   SKU 4 -> 149
   SKU 5 -> 6

Posicao 13 (Corredor 1, Prateleira 3)
   SKU 22 -> 33
   SKU 28 -> 39
   SKU 31 -> 30

Posicao 14 (Corredor 1, Prateleira 4)
   SKU 19 -> 20
   SKU 39 -> 36

Posicao 20 (Corredor 1, Prateleira 10)
   SKU 3 -> 102

Posicao 21 (Corredor 2, Prateleira -1)
   SKU 2 -> 10
   SKU 8 -> 143
   SKU 15 -> 68

Posicao 22 (Corredor 2, Prateleira -2)
   SKU 14 -> 66
   SKU 23 -> 42
   SKU 34 -> 67

Posicao 23 (Corredor 2, Prateleira -3)
   SKU 15 -> 9
   SKU 38 -> 27

Posicao 31 (Corredor 2, Prateleira 1)
   SKU 5 -> 118
   SKU 6 -> 1
   SKU 24 -> 91

Posicao 32 (Corredor 2, Prateleira 2)
   SKU 10 -> 40
   SKU 21 -> 76
   SKU 35 -> 38

Posicao 41 (Corredor 3, Prateleira -1)
   SKU 9 -> 43
   SKU 25 -> 51
   SKU 32 -> 68

Posicao 42 (Corredor 3, Prateleira -2)
   SKU 20 -> 28
   SKU 36 -> 23

Posicao 51 (Corredor 3, Prateleira 1)
   SKU 26 -> 57
   SKU 27 -> 45
   SKU 33 -> 51

Posicao 61 (Corredor 4, Prateleira -1)
   SKU 12 -> 32
   SKU 16 -> 41

Posicao 67 (Corredor 4, Prateleira -7)
   SKU 11 -> 16

Posicao 71 (Corredor 4, Prateleira 1)
   SKU 13 -> 27
   SKU 30 -> 2

Posicao 98 (Corredor 5, Prateleira 8)
   SKU 40 -> 13

