Rota do Picker 1: [0, 69, 45, 10, 47, 26, 46, 8, 89, 67, 7, 49, 30, 9, 87, 27, 64, 0]
Rota do Picker 2: [0, 27, 7, 41, 37, 89, 46, 21, 45, 40, 69, 10, 84, 2, 49, 87, 30, 8, 64, 22, 9, 26, 1, 0]
Rota do Picker 3: [0, 33, 59, 55, 75, 39, 57, 76, 37, 93, 52, 20, 7, 77, 98, 94, 74, 13, 18, 1, 21, 0]
Rota do Picker 4: [0, 2, 7, 27, 87, 46, 45, 65, 10, 67, 1, 26, 47, 84, 69, 49, 41, 9, 64, 30, 8, 83, 0]
Rota do Picker 5: [0, 84, 64, 61, 21, 1, 41, 3, 8, 27, 47, 49, 7, 46, 67, 87, 83, 2, 37, 40, 45, 10, 9, 26, 69, 22, 0]
Rota do Picker 6: [0, 19, 84, 45, 46, 87, 7, 21, 83, 64, 47, 49, 37, 26, 8, 41, 2, 0]
Rota do Picker 7: [0, 41, 45, 46, 69, 9, 87, 27, 7, 10, 49, 64, 8, 30, 65, 89, 47, 26, 0]

Caso de teste: SLAPRP_Guo_small_O100_alpha0.4_v2.txt

Distancia Total: 1180.0
Quantidade de Pickers: 7
