Rota do Picker 1: [0, 18, 22, 61, 21, 17, 91, 3, 41, 1, 76, 38, 36, 74, 56, 62, 2, 42, 43, 83, 19, 57, 75, 0]
Rota do Picker 2: [0, 1, 21, 41, 3, 76, 17, 25, 22, 44, 91, 36, 61, 81, 74, 0]
Rota do Picker 3: [0, 96, 21, 18, 91, 22, 3, 61, 41, 1, 75, 0]
Rota do Picker 4: [0, 18, 44, 4, 82, 5, 36, 91, 22, 3, 61, 41, 21, 1, 81, 63, 83, 17, 0]
Rota do Picker 5: [0, 1, 41, 61, 3, 63, 62, 83, 25, 82, 81, 4, 23, 5, 21, 91, 6, 22, 44, 0]
Rota do Picker 6: [0, 1, 21, 41, 61, 3, 22, 38, 81, 91, 76, 5, 25, 82, 18, 0]
Rota do Picker 7: [0, 45, 6, 63, 82, 3, 5, 83, 75, 91, 43, 62, 61, 1, 21, 41, 22, 81, 0]
Rota do Picker 8: [0, 18, 5, 36, 22, 61, 57, 43, 25, 75, 4, 96, 62, 74, 91, 3, 41, 21, 1, 0]

Caso de teste: SLAPRP_Guo_small_O100_alpha0.4_v2.txt

Distancia Total: 1128.0
Quantidade de Pickers: 8
