Rota do Picker 1: [0, 41, 0]
Rota do Picker 2: [0, 1, 0]
Rota do Picker 3: [0, 1, 0]
Rota do Picker 4: [0, 75, 76, 41, 3, 4, 13, 33, 53, 14, 54, 17, 37, 97, 57, 35, 18, 38, 20, 56, 36, 16, 55, 15, 71, 81, 21, 1, 0]
Rota do Picker 5: [0, 1, 5, 14, 54, 34, 13, 53, 39, 17, 41, 21, 3, 23, 16, 36, 56, 73, 93, 33, 58, 18, 15, 0]
Rota do Picker 6: [0, 61, 13, 93, 33, 53, 73, 19, 39, 36, 76, 14, 34, 74, 94, 38, 20, 1, 21, 81, 41, 24, 16, 56, 58, 18, 57, 77, 17, 0]
Rota do Picker 7: [0, 71, 91, 19, 39, 75, 35, 15, 34, 74, 54, 4, 24, 3, 43, 14, 36, 97, 16, 93, 73, 33, 13, 21, 41, 1, 61, 0]
Rota do Picker 8: [0, 1, 21, 13, 18, 77, 17, 81, 41, 14, 34, 54, 74, 94, 76, 56, 16, 91, 71, 5, 4, 0]
Rota do Picker 9: [0, 77, 14, 34, 54, 19, 39, 38, 1, 21, 13, 33, 53, 73, 93, 16, 17, 56, 36, 76, 20, 5, 4, 41, 0]
Rota do Picker 10: [0, 1, 21, 71, 15, 35, 95, 75, 61, 41, 13, 16, 76, 56, 96, 36, 3, 33, 53, 73, 17, 57, 0]
Rota do Picker 11: [0, 21, 61, 1, 41, 34, 14, 54, 19, 39, 17, 20, 36, 96, 56, 16, 73, 53, 33, 13, 3, 0]
Rota do Picker 12: [0, 41, 61, 81, 94, 73, 93, 33, 55, 35, 15, 5, 43, 57, 53, 13, 21, 74, 54, 34, 14, 16, 20, 1, 0]
Rota do Picker 13: [0, 3, 4, 22, 1, 21, 14, 15, 73, 13, 95, 81, 41, 17, 34, 74, 91, 71, 33, 93, 16, 0]
Rota do Picker 14: [0, 1, 41, 61, 13, 33, 73, 53, 16, 36, 20, 77, 15, 43, 63, 14, 34, 54, 74, 18, 19, 38, 35, 17, 21, 23, 3, 0]

Caso de teste: SLAPRP_Guo_small_O200_alpha0.4_v5.txt

Distancia Total: 1312.0
Quantidade de Pickers: 14
