Rota do Picker 1: [0, 32, 18, 57, 59, 14, 76, 40, 20, 13, 42, 8, 47, 94, 12, 1, 41, 61, 22, 62, 30, 10, 9, 87, 67, 27, 7, 3, 21, 0]
Rota do Picker 2: [0, 11, 61, 21, 3, 83, 7, 27, 87, 9, 30, 45, 22, 1, 42, 62, 0]
Rota do Picker 3: [0, 21, 41, 22, 4, 9, 23, 83, 7, 8, 10, 27, 45, 26, 46, 3, 42, 2, 1, 0]
Rota do Picker 4: [0, 21, 24, 26, 22, 42, 4, 62, 7, 27, 67, 87, 9, 30, 10, 8, 23, 3, 83, 41, 14, 20, 40, 1, 36, 0]
Rota do Picker 5: [0, 21, 61, 22, 42, 9, 10, 30, 26, 4, 24, 43, 3, 23, 83, 7, 27, 67, 8, 1, 0]
Rota do Picker 6: [0, 11, 32, 22, 24, 43, 23, 41, 62, 3, 26, 9, 42, 40, 20, 76, 94, 13, 12, 30, 10, 27, 45, 4, 21, 0]
Rota do Picker 7: [0, 24, 23, 3, 22, 42, 12, 11, 47, 67, 26, 4, 83, 7, 27, 9, 10, 1, 41, 61, 21, 0]
Rota do Picker 8: [0, 26, 41, 61, 12, 32, 37, 20, 59, 94, 57, 21, 22, 27, 9, 7, 13, 40, 62, 2, 3, 11, 71, 14, 18, 1, 0]
Rota do Picker 9: [0, 22, 45, 21, 2, 7, 27, 47, 24, 26, 61, 41, 12, 94, 36, 32, 1, 10, 9, 8, 43, 3, 23, 20, 18, 13, 0]
Rota do Picker 10: [0, 41, 61, 3, 10, 30, 50, 67, 47, 27, 26, 4, 42, 21, 22, 24, 7, 8, 9, 45, 12, 32, 18, 0]
Rota do Picker 11: [0, 22, 41, 27, 67, 43, 83, 24, 31, 11, 12, 20, 40, 13, 23, 2, 42, 26, 45, 10, 9, 7, 3, 21, 0]
Rota do Picker 12: [0, 32, 1, 41, 62, 13, 14, 8, 7, 4, 61, 21, 3, 42, 22, 0]

Caso de teste: SLAPRP_Guo_small_O200_alpha0.3_v4.txt

Distancia Total: 1514.0
Quantidade de Pickers: 12
