Rota do Picker 1: [0, 21, 27, 87, 45, 60, 36, 46, 26, 7, 48, 89, 69, 9, 8, 28, 10, 30, 19, 39, 18, 77, 57, 74, 11, 0]
Rota do Picker 2: [0, 8, 9, 69, 48, 37, 40, 60, 17, 20, 57, 10, 30, 87, 47, 7, 26, 46, 27, 45, 0]
Rota do Picker 3: [0, 32, 48, 9, 50, 30, 47, 45, 46, 26, 27, 7, 28, 8, 13, 97, 57, 36, 20, 19, 21, 0]
Rota do Picker 4: [0, 1, 26, 46, 45, 32, 97, 40, 94, 11, 21, 12, 18, 77, 57, 76, 30, 7, 27, 8, 28, 9, 10, 20, 39, 19, 55, 74, 36, 0]
Rota do Picker 5: [0, 41, 9, 10, 48, 60, 17, 13, 39, 18, 12, 32, 97, 19, 51, 45, 87, 27, 8, 47, 7, 46, 26, 1, 0]
Rota do Picker 6: [0, 13, 2, 84, 64, 47, 27, 30, 10, 48, 28, 8, 69, 9, 7, 26, 46, 45, 1, 0]
Rota do Picker 7: [0, 46, 1, 8, 69, 89, 45, 28, 48, 26, 27, 87, 47, 7, 21, 41, 9, 50, 30, 18, 17, 55, 32, 11, 0]
Rota do Picker 8: [0, 46, 45, 9, 48, 28, 8, 27, 50, 30, 10, 47, 7, 41, 1, 19, 20, 40, 37, 17, 89, 69, 26, 36, 96, 0]
Rota do Picker 9: [0, 74, 21, 9, 10, 89, 69, 8, 7, 47, 77, 59, 39, 57, 55, 11, 1, 84, 64, 48, 27, 26, 46, 36, 60, 20, 19, 13, 50, 30, 28, 0]
Rota do Picker 10: [0, 8, 7, 9, 27, 87, 45, 46, 26, 21, 1, 48, 30, 50, 10, 28, 84, 2, 97, 37, 19, 40, 18, 59, 20, 77, 57, 17, 55, 12, 0]
Rota do Picker 11: [0, 21, 1, 47, 30, 50, 9, 46, 26, 7, 27, 48, 8, 69, 89, 45, 2, 28, 17, 96, 0]
Rota do Picker 12: [0, 36, 19, 11, 51, 7, 48, 89, 9, 26, 46, 8, 2, 28, 1, 0]

Caso de teste: SLAPRP_Guo_small_O200_alpha0.4_v3.txt

Distancia Total: 1770.0
Quantidade de Pickers: 12
