Rota do Picker 1: [0, 87, 45, 50, 8, 27, 46, 26, 47, 7, 30, 10, 9, 70, 28, 89, 0]
Rota do Picker 2: [0, 7, 26, 45, 13, 96, 97, 41, 21, 89, 60, 50, 30, 87, 94, 9, 47, 12, 70, 27, 40, 20, 39, 55, 32, 10, 28, 8, 46, 0]
Rota do Picker 3: [0, 46, 50, 55, 80, 1, 8, 10, 39, 60, 0]
Rota do Picker 4: [0, 21, 17, 57, 19, 36, 32, 41, 74, 18, 39, 60, 40, 55, 76, 77, 20, 94, 11, 37, 80, 13, 0]
Rota do Picker 5: [0, 41, 26, 46, 32, 55, 96, 30, 50, 9, 20, 40, 80, 0]
Rota do Picker 6: [0, 30, 22, 87, 21, 47, 10, 70, 50, 2, 45, 89, 1, 46, 27, 7, 41, 55, 26, 9, 28, 8, 39, 0]
Rota do Picker 7: [0, 46, 7, 9, 36, 17, 20, 70, 97, 74, 1, 21, 18, 39, 11, 31, 76, 96, 57, 27, 26, 45, 55, 40, 41, 19, 0]
Rota do Picker 8: [0, 47, 1, 41, 46, 8, 32, 97, 28, 10, 30, 19, 13, 76, 40, 45, 2, 22, 20, 96, 36, 17, 60, 39, 55, 26, 9, 27, 7, 21, 0]

Caso de teste: SLAPRP_Guo_small_O100_alpha0.4_v4.txt

Distancia Total: 1552.0
Quantidade de Pickers: 8
