Rota do Picker 1: [0, 1, 21, 41, 7, 45, 24, 63, 22, 42, 26, 23, 4, 6, 81, 43, 8, 5, 61, 62, 64, 44, 65, 0]
Rota do Picker 2: [0, 1, 21, 41, 61, 34, 81, 31, 72, 92, 0]
Rota do Picker 3: [0, 36, 53, 1, 21, 41, 42, 5, 73, 62, 82, 23, 43, 63, 6, 72, 46, 26, 61, 4, 24, 44, 22, 64, 45, 56, 34, 92, 81, 0]
Rota do Picker 4: [0, 1, 21, 41, 61, 34, 54, 13, 33, 81, 16, 35, 14, 18, 51, 36, 52, 72, 55, 15, 17, 73, 92, 37, 56, 74, 42, 22, 91, 0]
Rota do Picker 5: [0, 82, 5, 42, 1, 6, 61, 41, 21, 63, 62, 45, 64, 24, 44, 23, 43, 22, 4, 65, 25, 72, 0]
Rota do Picker 6: [0, 24, 7, 3, 25, 44, 8, 63, 83, 64, 62, 4, 26, 42, 22, 46, 6, 43, 23, 27, 45, 5, 41, 21, 1, 61, 65, 81, 0]
Rota do Picker 7: [0, 8, 62, 41, 3, 5, 27, 83, 82, 63, 25, 4, 44, 26, 23, 43, 6, 64, 24, 42, 22, 21, 1, 0]

Caso de teste: SLAPRP_Guo_small_O100_alpha0.2_v2.txt

Distancia Total: 1028.0
Quantidade de Pickers: 7
