Rota do Picker 1: [0, 62, 1, 32, 52, 75, 93, 23, 18, 77, 14, 33, 51, 53, 13, 10, 37, 34, 2, 22, 12, 17, 94, 11, 19, 24, 91, 41, 0]
Rota do Picker 2: [0, 21, 3, 23, 12, 75, 11, 19, 10, 0]
Rota do Picker 3: [0, 11, 31, 71, 17, 21, 32, 34, 18, 61, 41, 24, 20, 14, 53, 33, 52, 72, 94, 77, 37, 12, 1, 0]
Rota do Picker 4: [0, 1, 23, 83, 9, 10, 19, 26, 45, 3, 43, 8, 47, 30, 87, 22, 89, 46, 5, 27, 24, 4, 41, 21, 0]
Rota do Picker 5: [0, 17, 52, 32, 94, 77, 37, 14, 33, 12, 34, 15, 40, 53, 93, 19, 13, 11, 20, 18, 1, 0]
Rota do Picker 6: [0, 21, 26, 45, 19, 87, 47, 46, 11, 2, 1, 61, 41, 15, 93, 3, 27, 62, 83, 4, 12, 8, 32, 24, 10, 22, 91, 5, 43, 23, 0]
Rota do Picker 7: [0, 93, 33, 12, 23, 3, 21, 72, 32, 22, 1, 53, 17, 4, 10, 0]
Rota do Picker 8: [0, 23, 26, 12, 87, 27, 21, 14, 9, 4, 42, 46, 13, 30, 43, 2, 47, 11, 10, 52, 32, 61, 62, 8, 22, 45, 5, 1, 0]
Rota do Picker 9: [0, 1, 2, 26, 46, 15, 19, 20, 10, 22, 23, 12, 93, 5, 43, 61, 9, 91, 11, 24, 62, 34, 13, 3, 72, 21, 4, 45, 8, 52, 32, 0]
Rota do Picker 10: [0, 21, 61, 12, 32, 52, 17, 37, 77, 13, 83, 43, 36, 2, 22, 18, 15, 91, 20, 14, 33, 53, 11, 72, 19, 94, 1, 0]
Rota do Picker 11: [0, 21, 61, 12, 32, 75, 15, 1, 22, 42, 62, 14, 40, 41, 3, 23, 83, 37, 45, 4, 77, 52, 5, 19, 18, 11, 8, 43, 93, 53, 33, 10, 94, 20, 17, 2, 0]
Rota do Picker 12: [0, 77, 37, 17, 15, 33, 21, 94, 19, 34, 53, 32, 12, 11, 61, 40, 18, 13, 52, 36, 1, 72, 20, 0]

Caso de teste: SLAPRP_Guo_small_O200_alpha0.3_v3.txt

Distancia Total: 2272.0
Quantidade de Pickers: 12
