Rota do Picker 1: [0, 40, 10, 28, 46, 26, 48, 68, 57, 47, 67, 1, 75, 19, 30, 87, 60, 77, 20, 45, 50, 69, 9, 27, 7, 12, 0]
Rota do Picker 2: [0, 60, 89, 10, 8, 87, 47, 2, 1, 67, 21, 69, 20, 30, 50, 46, 27, 7, 75, 45, 26, 9, 48, 28, 0]
Rota do Picker 3: [0, 7, 27, 46, 45, 48, 87, 21, 9, 30, 2, 26, 50, 28, 8, 10, 69, 67, 47, 20, 0]
Rota do Picker 4: [0, 59, 98, 96, 19, 17, 40, 36, 60, 20, 37, 77, 39, 18, 21, 30, 75, 94, 74, 55, 11, 46, 27, 0]
Rota do Picker 5: [0, 68, 64, 21, 30, 84, 3, 7, 27, 87, 10, 67, 47, 26, 1, 75, 45, 50, 9, 46, 48, 28, 8, 0]
Rota do Picker 6: [0, 45, 75, 26, 46, 8, 20, 40, 87, 9, 57, 69, 47, 7, 1, 21, 77, 10, 48, 28, 13, 60, 27, 0]
Rota do Picker 7: [0, 21, 26, 46, 45, 12, 20, 77, 11, 55, 75, 74, 94, 17, 28, 10, 30, 57, 0]

Caso de teste: SLAPRP_Guo_small_O100_alpha0.4_v7.txt

Distancia Total: 1434.0
Quantidade de Pickers: 7
