Rota do Picker 1: [0, 1, 0]
Rota do Picker 2: [0, 31, 13, 41, 21, 1, 2, 11, 12, 32, 42, 22, 3, 23, 0]
Rota do Picker 3: [0, 11, 31, 32, 33, 51, 21, 1, 41, 3, 23, 22, 2, 0]
Rota do Picker 4: [0, 33, 32, 12, 31, 11, 22, 2, 1, 21, 41, 23, 3, 0]
Rota do Picker 5: [0, 1, 21, 42, 2, 22, 11, 31, 51, 13, 33, 32, 52, 12, 0]
Rota do Picker 6: [0, 22, 3, 2, 31, 52, 12, 32, 13, 11, 21, 41, 1, 0]
Rota do Picker 7: [0, 21, 41, 11, 51, 31, 33, 13, 42, 3, 23, 22, 2, 1, 0]
Rota do Picker 8: [0, 1, 21, 41, 11, 31, 12, 13, 33, 52, 32, 51, 23, 3, 22, 2, 0]
Rota do Picker 9: [0, 21, 41, 1, 2, 22, 13, 12, 32, 11, 31, 51, 0]
Rota do Picker 10: [0, 1, 51, 11, 31, 21, 22, 2, 23, 3, 42, 13, 33, 52, 32, 12, 0]
Rota do Picker 11: [0, 1, 21, 41, 42, 22, 2, 3, 11, 31, 13, 32, 12, 33, 0]
Rota do Picker 12: [0, 11, 31, 32, 52, 12, 3, 22, 2, 21, 41, 1, 23, 0]

Caso de teste: SLAPRP_Guo_small_O200_alpha0.4_v1.txt

Distancia Total: 484.0
Quantidade de Pickers: 12
