Rota do Picker 1: [0, 68, 10, 2, 50, 7, 22, 30, 45, 69, 9, 8, 26, 21, 61, 0]
Rota do Picker 2: [0, 1, 45, 30, 50, 69, 3, 61, 11, 7, 83, 23, 9, 8, 26, 22, 21, 10, 76, 0]
Rota do Picker 3: [0, 7, 96, 17, 51, 31, 22, 61, 21, 20, 76, 8, 26, 2, 97, 11, 14, 37, 50, 13, 60, 18, 77, 39, 40, 94, 32, 36, 41, 3, 83, 46, 23, 0]
Rota do Picker 4: [0, 21, 7, 9, 26, 22, 1, 61, 3, 23, 69, 76, 41, 8, 10, 45, 42, 0]
Rota do Picker 5: [0, 22, 7, 26, 45, 76, 60, 21, 69, 41, 10, 50, 83, 23, 61, 9, 20, 52, 2, 1, 30, 8, 0]
Rota do Picker 6: [0, 22, 7, 45, 76, 96, 50, 9, 20, 26, 23, 21, 3, 11, 14, 61, 46, 60, 0]
Rota do Picker 7: [0, 20, 9, 45, 69, 50, 61, 23, 83, 8, 52, 41, 13, 2, 4, 10, 30, 26, 7, 22, 3, 21, 1, 0]

Caso de teste: SLAPRP_Guo_small_O100_alpha0.3_v6.txt

Distancia Total: 1294.0
Quantidade de Pickers: 7
