Rota do Picker 1: [0, 1, 7, 27, 9, 69, 36, 76, 0]
Rota do Picker 2: [0, 21, 26, 46, 8, 9, 45, 85, 30, 50, 27, 7, 36, 76, 75, 94, 74, 40, 12, 39, 31, 11, 55, 18, 19, 59, 20, 37, 93, 0]
Rota do Picker 3: [0, 8, 10, 7, 48, 9, 50, 30, 47, 27, 26, 46, 36, 20, 19, 45, 0]
Rota do Picker 4: [0, 8, 9, 7, 27, 87, 50, 70, 45, 65, 26, 46, 76, 60, 67, 47, 30, 10, 1, 0]
Rota do Picker 5: [0, 21, 7, 8, 9, 46, 36, 96, 76, 32, 2, 45, 26, 27, 47, 87, 67, 10, 48, 1, 0]
Rota do Picker 6: [0, 26, 8, 9, 89, 7, 46, 45, 65, 36, 96, 60, 20, 40, 87, 27, 30, 10, 70, 48, 85, 0]
Rota do Picker 7: [0, 45, 85, 65, 26, 3, 83, 7, 27, 87, 47, 50, 10, 8, 2, 1, 21, 9, 89, 40, 19, 98, 20, 75, 74, 11, 0]

Caso de teste: SLAPRP_Guo_small_O100_alpha0.3_v9.txt

Distancia Total: 886.0
Quantidade de Pickers: 7
