Rota do Picker 1: [0, 27, 15, 81, 47, 25, 66, 33, 61, 26, 85, 45, 28, 48, 44, 8, 65, 5, 41, 21, 1, 9, 35, 0]
Rota do Picker 2: [0, 41, 61, 5, 27, 15, 28, 8, 45, 25, 1, 81, 32, 65, 9, 21, 7, 67, 44, 16, 85, 47, 0]
Rota do Picker 3: [0, 41, 61, 81, 33, 53, 73, 15, 66, 45, 34, 21, 51, 71, 12, 35, 32, 16, 52, 72, 1, 14, 0]
Rota do Picker 4: [0, 1, 41, 81, 5, 25, 44, 27, 63, 3, 21, 65, 67, 33, 28, 9, 29, 51, 15, 61, 45, 7, 26, 66, 85, 8, 0]
Rota do Picker 5: [0, 1, 21, 41, 61, 51, 14, 65, 92, 34, 66, 35, 32, 81, 52, 0]
Rota do Picker 6: [0, 1, 41, 61, 32, 51, 35, 26, 53, 92, 16, 45, 48, 8, 72, 52, 14, 91, 73, 27, 81, 21, 71, 34, 28, 33, 9, 0]
Rota do Picker 7: [0, 1, 61, 5, 25, 27, 7, 9, 41, 85, 45, 29, 26, 81, 48, 46, 65, 8, 44, 21, 28, 47, 0]
Rota do Picker 8: [0, 41, 51, 16, 26, 81, 32, 45, 92, 12, 1, 61, 65, 14, 48, 34, 52, 73, 28, 66, 35, 72, 67, 22, 5, 25, 21, 8, 0]
Rota do Picker 9: [0, 67, 52, 26, 29, 85, 72, 32, 65, 25, 53, 16, 8, 33, 9, 1, 84, 15, 21, 61, 81, 5, 44, 73, 41, 51, 45, 0]
Rota do Picker 10: [0, 29, 81, 21, 41, 61, 32, 51, 27, 65, 1, 47, 73, 86, 7, 45, 15, 44, 25, 5, 26, 85, 72, 34, 8, 28, 0]
Rota do Picker 11: [0, 41, 5, 7, 47, 9, 16, 25, 61, 44, 27, 85, 21, 8, 2, 1, 67, 65, 86, 45, 26, 66, 84, 0]
Rota do Picker 12: [0, 41, 61, 32, 72, 51, 45, 27, 53, 33, 92, 14, 26, 15, 16, 65, 67, 21, 52, 81, 1, 0]
Rota do Picker 13: [0, 92, 65, 45, 51, 27, 53, 32, 61, 41, 21, 1, 52, 26, 33, 8, 81, 5, 11, 16, 34, 9, 44, 15, 35, 91, 14, 28, 0]
Rota do Picker 14: [0, 26, 34, 52, 12, 53, 51, 61, 92, 72, 32, 35, 33, 15, 81, 41, 21, 1, 14, 0]

Caso de teste: SLAPRP_Guo_small_O200_alpha0.3_v6.txt

Distancia Total: 2756.0
Quantidade de Pickers: 14
