Rota do Picker 1: [0, 1, 21, 41, 4, 24, 44, 5, 82, 33, 64, 8, 27, 46, 7, 26, 62, 65, 63, 45, 42, 22, 25, 43, 3, 23, 6, 0]
Rota do Picker 2: [0, 55, 16, 72, 83, 43, 23, 31, 11, 1, 32, 52, 34, 36, 56, 91, 71, 21, 41, 61, 0]
Rota do Picker 3: [0, 41, 3, 23, 65, 93, 27, 64, 22, 72, 24, 4, 33, 43, 7, 81, 61, 82, 42, 62, 35, 25, 5, 21, 1, 0]
Rota do Picker 4: [0, 23, 6, 7, 64, 83, 27, 45, 43, 44, 2, 25, 63, 61, 33, 24, 4, 3, 41, 72, 26, 5, 62, 42, 22, 21, 1, 0]
Rota do Picker 5: [0, 1, 41, 81, 33, 0]

Caso de teste: SLAPRP_Guo_small_O50_alpha0.4_v10.txt

Distancia Total: 640.0
Quantidade de Pickers: 5
