Rota do Picker 1: [0, 1, 41, 61, 81, 5, 43, 83, 62, 45, 42, 22, 3, 27, 65, 25, 73, 26, 23, 21, 0]
Rota do Picker 2: [0, 21, 22, 42, 35, 1, 41, 61, 23, 37, 73, 0]
Rota do Picker 3: [0, 83, 41, 63, 61, 44, 45, 64, 21, 4, 24, 43, 3, 23, 65, 25, 26, 75, 7, 42, 22, 5, 1, 62, 0]
Rota do Picker 4: [0, 1, 27, 22, 5, 45, 23, 8, 44, 6, 43, 3, 46, 4, 7, 26, 63, 41, 25, 21, 65, 24, 62, 0]
Rota do Picker 5: [0, 41, 23, 43, 52, 92, 81, 61, 18, 44, 63, 21, 1, 22, 42, 5, 26, 62, 37, 15, 0]
Rota do Picker 6: [0, 1, 21, 52, 15, 17, 7, 8, 4, 73, 5, 0]
Rota do Picker 7: [0, 62, 45, 26, 83, 41, 21, 1, 22, 23, 43, 63, 24, 64, 5, 6, 73, 65, 42, 25, 4, 27, 61, 0]
Rota do Picker 8: [0, 1, 4, 24, 43, 63, 22, 27, 25, 21, 5, 65, 26, 23, 83, 7, 64, 6, 44, 45, 3, 41, 46, 42, 0]
Rota do Picker 9: [0, 22, 62, 26, 55, 37, 93, 72, 91, 23, 43, 74, 71, 21, 41, 61, 81, 35, 54, 18, 56, 73, 32, 52, 15, 75, 17, 31, 51, 92, 13, 16, 53, 36, 34, 1, 0]
Rota do Picker 10: [0, 7, 44, 24, 83, 25, 4, 64, 3, 8, 81, 22, 42, 27, 61, 62, 46, 63, 6, 45, 5, 43, 23, 41, 21, 1, 54, 0]
Rota do Picker 11: [0, 61, 81, 5, 82, 62, 41, 21, 1, 75, 65, 44, 24, 4, 43, 23, 64, 83, 63, 6, 42, 0]
Rota do Picker 12: [0, 45, 46, 27, 61, 26, 25, 64, 41, 5, 24, 44, 6, 4, 22, 62, 7, 8, 43, 23, 3, 21, 1, 37, 63, 83, 0]
Rota do Picker 13: [0, 1, 61, 23, 43, 14, 63, 21, 22, 4, 42, 45, 44, 27, 41, 5, 24, 65, 26, 83, 62, 25, 81, 0]

Caso de teste: SLAPRP_Guo_small_O200_alpha0.3_v5.txt

Distancia Total: 1900.0
Quantidade de Pickers: 13
