Rota do Picker 1: [0, 45, 47, 13, 11, 9, 46, 21, 27, 22, 2, 28, 8, 42, 41, 24, 26, 4, 10, 65, 43, 1, 23, 0]
Rota do Picker 2: [0, 32, 72, 47, 12, 37, 77, 97, 28, 4, 20, 14, 57, 52, 26, 39, 18, 36, 34, 13, 21, 1, 22, 42, 11, 31, 0]
Rota do Picker 3: [0, 10, 4, 53, 77, 57, 37, 24, 27, 34, 18, 17, 21, 42, 62, 11, 13, 51, 28, 45, 36, 14, 32, 12, 1, 8, 0]
Rota do Picker 4: [0, 61, 27, 4, 24, 30, 23, 3, 2, 47, 45, 22, 28, 21, 43, 11, 42, 10, 9, 8, 46, 26, 0]
Rota do Picker 5: [0, 21, 13, 33, 36, 28, 47, 24, 12, 32, 18, 10, 61, 34, 8, 42, 1, 62, 17, 41, 43, 65, 51, 20, 9, 45, 22, 3, 23, 27, 57, 11, 31, 46, 26, 0]
Rota do Picker 6: [0, 26, 12, 47, 27, 3, 42, 22, 11, 31, 65, 30, 34, 24, 41, 13, 43, 10, 61, 20, 9, 14, 46, 28, 8, 45, 21, 1, 33, 97, 0]
Rota do Picker 7: [0, 22, 45, 9, 17, 26, 13, 1, 3, 62, 27, 43, 53, 11, 4, 57, 8, 61, 21, 28, 2, 20, 32, 41, 23, 52, 34, 12, 47, 46, 42, 0]
Rota do Picker 8: [0, 1, 12, 32, 3, 17, 97, 14, 18, 36, 20, 52, 23, 39, 77, 37, 57, 0]
Rota do Picker 9: [0, 28, 27, 52, 21, 26, 46, 4, 8, 47, 45, 2, 65, 9, 24, 12, 1, 43, 13, 10, 22, 51, 42, 0]
Rota do Picker 10: [0, 53, 33, 45, 3, 4, 32, 12, 28, 36, 41, 26, 18, 17, 47, 21, 52, 13, 42, 22, 51, 0]
Rota do Picker 11: [0, 12, 32, 37, 57, 39, 28, 10, 4, 45, 26, 21, 22, 42, 51, 71, 77, 47, 2, 62, 97, 3, 20, 46, 72, 43, 24, 27, 18, 36, 34, 14, 52, 33, 13, 1, 11, 0]
Rota do Picker 12: [0, 22, 45, 65, 26, 4, 21, 46, 8, 28, 9, 10, 43, 3, 30, 47, 27, 42, 0]

Caso de teste: SLAPRP_Guo_small_O200_alpha0.4_v1.txt

Distancia Total: 2482.0
Quantidade de Pickers: 12
