Rota do Picker 1: [0, 7, 27, 67, 9, 45, 20, 37, 89, 65, 3, 87, 1, 30, 49, 41, 76, 69, 17, 57, 10, 46, 26, 21, 8, 84, 2, 83, 48, 0]
Rota do Picker 2: [0, 51, 74, 94, 18, 98, 93, 7, 13, 55, 57, 59, 39, 12, 11, 32, 20, 47, 1, 31, 40, 36, 17, 96, 41, 75, 38, 0]
Rota do Picker 3: [0, 21, 26, 46, 8, 27, 1, 7, 48, 9, 67, 65, 10, 45, 87, 69, 41, 47, 30, 0]
Rota do Picker 4: [0, 21, 2, 30, 32, 83, 3, 67, 41, 47, 89, 26, 40, 57, 48, 65, 84, 69, 17, 10, 9, 1, 20, 45, 46, 8, 87, 27, 7, 0]
Rota do Picker 5: [0, 45, 46, 47, 87, 84, 7, 8, 48, 27, 10, 83, 65, 1, 64, 89, 3, 9, 21, 69, 30, 67, 26, 2, 0]
Rota do Picker 6: [0, 7, 87, 8, 69, 45, 48, 30, 9, 27, 46, 26, 89, 67, 10, 65, 47, 0]
Rota do Picker 7: [0, 37, 89, 65, 17, 48, 46, 57, 9, 7, 2, 26, 27, 45, 64, 20, 68, 84, 87, 40, 10, 8, 83, 3, 1, 30, 67, 21, 0]
Rota do Picker 8: [0, 7, 27, 87, 8, 9, 45, 46, 10, 48, 49, 67, 89, 26, 65, 30, 69, 0]
Rota do Picker 9: [0, 84, 48, 10, 69, 2, 1, 83, 65, 57, 47, 27, 30, 9, 8, 45, 46, 26, 87, 67, 7, 21, 17, 0]
Rota do Picker 10: [0, 2, 27, 46, 13, 32, 57, 83, 8, 20, 1, 9, 7, 93, 74, 11, 40, 67, 26, 37, 48, 65, 18, 17, 3, 21, 12, 36, 59, 55, 47, 96, 0]
Rota do Picker 11: [0, 31, 32, 38, 40, 12, 36, 37, 93, 59, 17, 13, 2, 39, 57, 55, 51, 98, 77, 20, 18, 94, 74, 11, 1, 10, 0]
Rota do Picker 12: [0, 65, 10, 27, 87, 49, 30, 47, 89, 26, 21, 67, 45, 46, 69, 9, 48, 8, 7, 0]

Caso de teste: SLAPRP_Guo_small_O200_alpha0.2_v2.txt

Distancia Total: 2680.0
Quantidade de Pickers: 12
