Rota do Picker 1: [0, 74, 54, 23, 21, 42, 5, 35, 95, 81, 72, 92, 3, 43, 83, 16, 64, 14, 61, 41, 1, 0]
Rota do Picker 2: [0, 24, 25, 4, 64, 44, 22, 63, 6, 1, 5, 45, 42, 14, 82, 81, 83, 3, 62, 43, 23, 61, 41, 21, 13, 0]
Rota do Picker 3: [0, 3, 63, 42, 14, 21, 41, 23, 15, 92, 72, 24, 4, 81, 61, 45, 16, 1, 0]
Rota do Picker 4: [0, 74, 43, 51, 15, 23, 1, 4, 25, 45, 13, 33, 16, 5, 62, 12, 63, 44, 37, 38, 3, 82, 42, 61, 41, 21, 14, 35, 64, 0]
Rota do Picker 5: [0, 1, 21, 41, 3, 23, 15, 35, 5, 92, 72, 61, 16, 52, 43, 18, 25, 6, 63, 73, 53, 13, 42, 12, 4, 75, 55, 24, 14, 0]
Rota do Picker 6: [0, 92, 72, 83, 16, 25, 95, 4, 61, 42, 82, 14, 62, 24, 81, 43, 1, 6, 35, 21, 23, 3, 41, 5, 17, 0]
Rota do Picker 7: [0, 38, 18, 61, 41, 21, 1, 14, 17, 75, 35, 57, 81, 15, 55, 16, 33, 13, 12, 74, 19, 53, 95, 73, 93, 76, 36, 34, 0]
Rota do Picker 8: [0, 41, 42, 5, 15, 95, 56, 72, 19, 16, 81, 61, 21, 1, 17, 3, 23, 35, 37, 33, 13, 55, 36, 76, 82, 18, 34, 14, 62, 75, 0]
Rota do Picker 9: [0, 21, 41, 22, 42, 35, 75, 57, 14, 81, 61, 1, 76, 36, 15, 25, 6, 43, 23, 19, 38, 31, 34, 94, 64, 95, 55, 92, 18, 52, 3, 72, 16, 56, 0]
Rota do Picker 10: [0, 75, 55, 35, 72, 76, 38, 14, 61, 41, 21, 1, 12, 24, 95, 13, 33, 74, 53, 16, 83, 94, 54, 34, 62, 42, 18, 81, 15, 56, 96, 36, 17, 6, 19, 92, 44, 0]
Rota do Picker 11: [0, 1, 41, 61, 3, 24, 35, 81, 92, 72, 15, 44, 21, 63, 33, 13, 16, 4, 14, 0]
Rota do Picker 12: [0, 64, 53, 81, 5, 14, 76, 16, 23, 13, 33, 22, 56, 95, 75, 24, 4, 94, 18, 1, 35, 55, 17, 3, 61, 41, 21, 15, 19, 0]

Caso de teste: SLAPRP_Guo_small_O200_alpha0.4_v1.txt

Distancia Total: 2418.0
Quantidade de Pickers: 12
