Rota do Picker 1: [0, 3, 26, 46, 8, 27, 87, 51, 41, 9, 84, 47, 64, 21, 22, 10, 50, 30, 45, 7, 1, 67, 68, 0]
Rota do Picker 2: [0, 22, 26, 46, 10, 89, 67, 2, 50, 8, 9, 27, 45, 30, 87, 7, 69, 64, 68, 47, 0]
Rota do Picker 3: [0, 27, 87, 20, 21, 37, 26, 68, 50, 30, 8, 7, 2, 22, 46, 69, 45, 12, 10, 84, 64, 3, 41, 1, 83, 9, 0]
Rota do Picker 4: [0, 13, 93, 18, 39, 77, 22, 32, 55, 20, 59, 51, 12, 21, 75, 76, 98, 94, 60, 74, 1, 7, 40, 57, 36, 11, 19, 10, 0]
Rota do Picker 5: [0, 68, 1, 67, 30, 89, 27, 87, 47, 26, 45, 46, 69, 10, 9, 8, 7, 21, 20, 0]
Rota do Picker 6: [0, 84, 87, 69, 1, 30, 41, 67, 27, 26, 8, 47, 45, 9, 46, 68, 10, 7, 64, 50, 0]

Caso de teste: SLAPRP_Guo_small_O100_alpha0.2_v4.txt

Distancia Total: 1156.0
Quantidade de Pickers: 6
