Rota do Picker 1: [0, 32, 2, 7, 9, 69, 89, 18, 40, 60, 27, 50, 10, 8, 46, 26, 30, 28, 37, 19, 20, 45, 48, 3, 0]
Rota do Picker 2: [0, 1, 7, 27, 10, 50, 48, 45, 26, 46, 67, 87, 40, 60, 19, 20, 18, 30, 69, 9, 2, 0]
Rota do Picker 3: [0, 3, 45, 87, 27, 46, 26, 8, 7, 67, 9, 50, 30, 10, 68, 28, 1, 21, 0]
Rota do Picker 4: [0, 8, 9, 29, 46, 26, 28, 22, 1, 3, 10, 67, 32, 11, 12, 55, 75, 59, 60, 13, 18, 45, 27, 7, 21, 0]
Rota do Picker 5: [0, 1, 2, 8, 27, 87, 26, 19, 39, 55, 74, 41, 21, 20, 40, 60, 45, 47, 50, 30, 10, 29, 9, 46, 7, 83, 3, 0]
Rota do Picker 6: [0, 60, 40, 69, 29, 9, 8, 7, 26, 46, 27, 45, 36, 96, 74, 94, 20, 19, 57, 12, 13, 77, 28, 48, 30, 41, 64, 47, 67, 10, 22, 0]
Rota do Picker 7: [0, 45, 46, 8, 9, 67, 87, 26, 19, 40, 18, 68, 10, 27, 7, 41, 1, 22, 32, 13, 47, 64, 3, 0]
Rota do Picker 8: [0, 74, 94, 0]
Rota do Picker 9: [0, 27, 46, 26, 9, 29, 45, 2, 68, 48, 8, 7, 47, 50, 30, 69, 1, 40, 60, 20, 18, 32, 0]
Rota do Picker 10: [0, 1, 2, 9, 29, 45, 26, 87, 27, 50, 94, 13, 12, 18, 55, 57, 96, 20, 40, 39, 36, 21, 8, 48, 28, 10, 7, 31, 11, 0]
Rota do Picker 11: [0, 22, 89, 9, 46, 26, 7, 27, 67, 18, 19, 32, 3, 30, 50, 29, 69, 28, 45, 8, 48, 2, 21, 0]
Rota do Picker 12: [0, 37, 57, 11, 96, 36, 7, 87, 29, 48, 68, 8, 10, 30, 9, 18, 20, 40, 41, 45, 47, 27, 46, 26, 3, 2, 94, 74, 21, 1, 0]
Rota do Picker 13: [0, 7, 27, 67, 3, 47, 9, 48, 50, 2, 41, 8, 10, 46, 45, 1, 0]

Caso de teste: SLAPRP_Guo_small_O200_alpha0.2_v4.txt

Distancia Total: 1864.0
Quantidade de Pickers: 13
