Rota do Picker 1: [0, 17, 93, 98, 77, 20, 18, 74, 11, 60, 7, 30, 0]
Rota do Picker 2: [0, 2, 45, 9, 20, 7, 26, 46, 87, 36, 80, 0]
Rota do Picker 3: [0, 83, 26, 8, 9, 89, 87, 36, 17, 69, 7, 47, 1, 10, 50, 68, 65, 46, 45, 30, 67, 27, 70, 0]
Rota do Picker 4: [0, 7, 27, 9, 45, 36, 19, 46, 50, 70, 17, 37, 21, 26, 10, 20, 83, 65, 87, 2, 69, 60, 8, 80, 67, 68, 47, 0]
Rota do Picker 5: [0, 69, 45, 27, 47, 50, 26, 30, 70, 64, 8, 9, 89, 7, 87, 10, 46, 1, 0]

Caso de teste: SLAPRP_Guo_small_O50_alpha0.3_v6.txt

Distancia Total: 902.0
Quantidade de Pickers: 5
