Rota do Picker 1: [0, 1, 22, 42, 10, 45, 30, 46, 2, 26, 8, 21, 61, 68, 84, 24, 9, 5, 89, 47, 0]
Rota do Picker 2: [0, 1, 2, 45, 22, 42, 8, 26, 62, 10, 21, 84, 5, 23, 43, 3, 20, 30, 46, 11, 4, 78, 0]
Rota do Picker 3: [0, 2, 36, 15, 21, 26, 14, 24, 53, 33, 9, 4, 62, 10, 30, 17, 61, 46, 47, 20, 83, 23, 5, 41, 40, 45, 68, 8, 42, 22, 1, 0]
Rota do Picker 4: [0, 1, 22, 47, 40, 78, 11, 20, 62, 2, 13, 33, 37, 8, 41, 61, 39, 96, 30, 36, 32, 94, 34, 4, 24, 97, 17, 42, 21, 10, 0]
Rota do Picker 5: [0, 10, 51, 34, 19, 2, 37, 47, 61, 96, 32, 42, 11, 40, 30, 23, 39, 43, 83, 71, 17, 36, 14, 5, 21, 97, 78, 20, 45, 26, 22, 1, 62, 24, 0]
Rota do Picker 6: [0, 1, 22, 24, 46, 45, 19, 40, 14, 72, 41, 11, 36, 39, 96, 8, 42, 3, 78, 43, 83, 33, 21, 32, 15, 37, 97, 47, 30, 0]
Rota do Picker 7: [0, 1, 22, 26, 46, 45, 14, 33, 36, 42, 62, 8, 47, 4, 40, 84, 24, 32, 21, 5, 78, 94, 34, 20, 61, 83, 3, 41, 10, 2, 9, 30, 17, 23, 0]
Rota do Picker 8: [0, 22, 42, 8, 15, 40, 24, 21, 14, 78, 19, 43, 23, 2, 62, 13, 41, 36, 10, 94, 11, 3, 89, 20, 46, 32, 30, 9, 39, 61, 1, 4, 17, 0]
Rota do Picker 9: [0, 21, 22, 26, 46, 45, 1, 42, 30, 5, 3, 62, 8, 2, 4, 84, 10, 68, 78, 0]
Rota do Picker 10: [0, 1, 2, 8, 46, 45, 3, 22, 5, 9, 30, 26, 43, 42, 41, 10, 47, 21, 4, 68, 84, 61, 0]
Rota do Picker 11: [0, 13, 33, 53, 37, 39, 8, 97, 14, 78, 34, 52, 72, 36, 47, 40, 20, 2, 32, 21, 1, 96, 17, 61, 41, 0]
Rota do Picker 12: [0, 21, 41, 61, 8, 9, 17, 26, 10, 4, 30, 84, 23, 83, 24, 43, 32, 1, 68, 42, 2, 45, 46, 5, 22, 0]

Caso de teste: SLAPRP_Guo_small_O200_alpha0.2_v4.txt

Distancia Total: 2922.0
Quantidade de Pickers: 12
