Rota do Picker 1: [0, 7, 81, 16, 63, 23, 83, 17, 32, 54, 34, 6, 51, 73, 43, 15, 53, 71, 3, 42, 82, 35, 14, 24, 4, 61, 21, 1, 0]
Rota do Picker 2: [0, 1, 21, 42, 43, 63, 53, 3, 8, 83, 64, 84, 7, 36, 23, 15, 27, 65, 93, 41, 54, 14, 6, 44, 35, 47, 32, 24, 4, 61, 0]
Rota do Picker 3: [0, 1, 23, 14, 21, 51, 71, 0]
Rota do Picker 4: [0, 1, 21, 23, 83, 53, 93, 61, 4, 24, 15, 55, 73, 22, 42, 33, 84, 14, 54, 17, 0]
Rota do Picker 5: [0, 1, 32, 61, 81, 72, 21, 3, 14, 54, 6, 36, 5, 53, 13, 33, 73, 15, 52, 92, 35, 17, 93, 16, 34, 24, 4, 0]
Rota do Picker 6: [0, 1, 3, 44, 64, 83, 24, 23, 5, 6, 85, 73, 8, 25, 66, 63, 43, 4, 42, 22, 61, 21, 27, 71, 51, 14, 46, 26, 0]
Rota do Picker 7: [0, 16, 14, 28, 8, 25, 24, 93, 23, 4, 1, 55, 47, 82, 42, 85, 53, 3, 83, 32, 64, 44, 73, 65, 45, 5, 61, 6, 46, 34, 27, 63, 43, 21, 15, 0]
Rota do Picker 8: [0, 1, 61, 23, 43, 5, 45, 4, 24, 63, 44, 8, 3, 21, 85, 6, 26, 46, 65, 7, 27, 83, 64, 84, 47, 72, 32, 66, 0]

Caso de teste: SLAPRP_Guo_small_O100_alpha0.2_v3.txt

Distancia Total: 1510.0
Quantidade de Pickers: 8
