Rota do Picker 1: [0, 21, 7, 9, 18, 20, 36, 42, 26, 64, 31, 33, 17, 76, 96, 55, 3, 22, 97, 94, 77, 39, 40, 52, 41, 59, 57, 37, 32, 12, 11, 13, 0]
Rota do Picker 2: [0, 46, 45, 40, 64, 94, 18, 42, 7, 20, 9, 28, 8, 2, 10, 97, 37, 87, 27, 26, 1, 22, 76, 83, 65, 0]
Rota do Picker 3: [0, 89, 4, 7, 87, 40, 28, 13, 65, 37, 94, 18, 9, 64, 32, 8, 83, 45, 20, 1, 10, 30, 36, 76, 93, 33, 26, 23, 3, 14, 27, 46, 42, 22, 0]
Rota do Picker 4: [0, 10, 26, 46, 8, 28, 9, 18, 94, 65, 20, 3, 21, 41, 30, 23, 83, 40, 87, 42, 22, 27, 7, 1, 45, 33, 93, 0]
Rota do Picker 5: [0, 22, 9, 26, 7, 31, 45, 10, 8, 27, 46, 3, 87, 83, 23, 30, 28, 67, 47, 65, 0]
Rota do Picker 6: [0, 21, 42, 10, 83, 65, 7, 22, 41, 18, 45, 9, 28, 8, 46, 30, 36, 47, 20, 76, 87, 67, 27, 26, 64, 94, 0]
Rota do Picker 7: [0, 7, 27, 9, 10, 18, 20, 40, 64, 51, 30, 77, 37, 32, 11, 31, 13, 55, 17, 97, 94, 41, 1, 57, 26, 83, 0]

Caso de teste: SLAPRP_Guo_small_O100_alpha0.2_v10.txt

Distancia Total: 1790.0
Quantidade de Pickers: 7
