Rota do Picker 1: [0, 1, 21, 41, 23, 42, 62, 43, 63, 5, 45, 24, 4, 22, 6, 46, 8, 25, 83, 0]
Rota do Picker 2: [0, 72, 53, 93, 17, 18, 74, 34, 14, 61, 41, 21, 1, 5, 45, 26, 8, 7, 54, 37, 16, 56, 36, 82, 42, 22, 4, 24, 23, 64, 83, 2, 35, 0]
Rota do Picker 3: [0, 1, 61, 81, 3, 63, 43, 5, 26, 6, 22, 21, 41, 23, 42, 62, 64, 24, 44, 4, 25, 65, 45, 46, 8, 72, 0]
Rota do Picker 4: [0, 11, 17, 18, 14, 35, 15, 81, 61, 41, 24, 64, 63, 83, 43, 5, 22, 1, 21, 26, 46, 6, 4, 44, 23, 25, 42, 62, 82, 12, 0]
Rota do Picker 5: [0, 62, 42, 41, 1, 21, 27, 6, 25, 22, 51, 91, 71, 44, 24, 5, 45, 61, 34, 14, 53, 93, 36, 56, 74, 73, 0]

Caso de teste: SLAPRP_Guo_small_O100_alpha0.4_v10.txt

Distancia Total: 642.0
Quantidade de Pickers: 5
