Rota do Picker 1: [0, 20, 76, 48, 30, 10, 27, 7, 1, 83, 87, 46, 26, 9, 28, 67, 47, 8, 50, 3, 22, 2, 0]
Rota do Picker 2: [0, 2, 46, 27, 83, 3, 18, 37, 17, 75, 12, 57, 76, 19, 42, 22, 50, 11, 31, 51, 23, 87, 47, 67, 94, 74, 21, 1, 7, 8, 9, 89, 26, 55, 32, 0]
Rota do Picker 3: [0, 7, 46, 26, 74, 94, 57, 19, 93, 33, 48, 28, 2, 22, 42, 20, 18, 76, 75, 55, 51, 31, 11, 8, 4, 27, 67, 87, 1, 0]
Rota do Picker 4: [0, 21, 22, 20, 18, 27, 9, 10, 8, 48, 7, 26, 46, 47, 87, 74, 94, 36, 76, 40, 19, 23, 0]
Rota do Picker 5: [0, 21, 41, 40, 19, 76, 36, 46, 26, 48, 28, 8, 87, 27, 7, 30, 50, 3, 23, 22, 42, 0]
Rota do Picker 6: [0, 1, 46, 7, 84, 45, 10, 47, 27, 26, 30, 9, 28, 8, 21, 83, 48, 67, 2, 22, 93, 40, 20, 18, 55, 77, 37, 14, 12, 0]

Caso de teste: SLAPRP_Guo_small_O100_alpha0.2_v2.txt

Distancia Total: 1004.0
Quantidade de Pickers: 6
