Rota do Picker 1: [0, 50, 60, 37, 2, 96, 65, 67, 87, 30, 10, 26, 7, 27, 46, 18, 21, 8, 28, 45, 20, 9, 36, 97, 0]
Rota do Picker 2: [0, 26, 46, 27, 87, 9, 45, 50, 30, 8, 70, 65, 2, 67, 28, 1, 10, 47, 7, 21, 0]
Rota do Picker 3: [0, 7, 27, 67, 8, 46, 20, 40, 0]
Rota do Picker 4: [0, 8, 28, 45, 18, 80, 97, 87, 22, 2, 65, 96, 47, 27, 9, 20, 37, 1, 7, 55, 74, 60, 46, 26, 0]
Rota do Picker 5: [0, 7, 87, 36, 80, 46, 75, 27, 20, 59, 28, 12, 18, 77, 60, 55, 40, 39, 0]
Rota do Picker 6: [0, 7, 67, 87, 9, 46, 27, 30, 26, 10, 45, 8, 50, 28, 70, 47, 1, 2, 0]
Rota do Picker 7: [0, 83, 12, 67, 26, 46, 50, 20, 18, 30, 80, 47, 21, 87, 7, 27, 9, 45, 36, 1, 8, 89, 70, 96, 37, 0]

Caso de teste: SLAPRP_Guo_small_O100_alpha0.4_v8.txt

Distancia Total: 1340.0
Quantidade de Pickers: 7
