Rota do Picker 1: [0, 42, 5, 63, 43, 61, 41, 21, 1, 23, 83, 7, 6, 26, 44, 84, 24, 74, 54, 17, 14, 16, 0]
Rota do Picker 2: [0, 1, 21, 41, 61, 4, 7, 42, 82, 22, 26, 3, 23, 43, 63, 74, 94, 36, 0]
Rota do Picker 3: [0, 16, 54, 74, 36, 6, 5, 23, 45, 14, 13, 81, 11, 56, 17, 34, 72, 32, 18, 25, 44, 64, 4, 61, 41, 21, 1, 0]
Rota do Picker 4: [0, 1, 41, 21, 81, 61, 83, 63, 23, 43, 44, 64, 24, 4, 3, 22, 42, 62, 5, 25, 2, 82, 54, 74, 14, 53, 13, 32, 0]
Rota do Picker 5: [0, 1, 21, 41, 61, 44, 24, 6, 26, 14, 15, 55, 37, 62, 22, 3, 43, 23, 25, 45, 7, 4, 0]
Rota do Picker 6: [0, 51, 71, 54, 14, 41, 1, 21, 61, 23, 43, 3, 4, 25, 65, 56, 37, 17, 18, 15, 34, 74, 84, 64, 24, 5, 63, 83, 62, 42, 22, 0]

Caso de teste: SLAPRP_Guo_small_O100_alpha0.4_v7.txt

Distancia Total: 678.0
Quantidade de Pickers: 6
