Rota do Picker 1: [0, 3, 26, 46, 83, 27, 1, 10, 87, 50, 89, 84, 21, 36, 45, 30, 69, 9, 8, 47, 7, 22, 0]
Rota do Picker 2: [0, 21, 7, 27, 87, 9, 8, 46, 30, 67, 89, 47, 84, 41, 10, 69, 45, 26, 0]
Rota do Picker 3: [0, 47, 1, 36, 30, 41, 45, 26, 27, 84, 21, 8, 20, 87, 46, 69, 10, 9, 7, 0]
Rota do Picker 4: [0, 22, 40, 84, 45, 46, 26, 7, 21, 93, 55, 39, 20, 83, 1, 36, 76, 60, 18, 59, 37, 94, 74, 12, 97, 75, 32, 50, 98, 19, 13, 0]
Rota do Picker 5: [0, 41, 36, 46, 7, 20, 10, 8, 37, 45, 87, 21, 26, 30, 2, 84, 69, 9, 50, 67, 3, 32, 1, 22, 76, 27, 83, 0]
Rota do Picker 6: [0, 27, 7, 45, 9, 8, 46, 26, 1, 87, 30, 50, 84, 83, 67, 47, 10, 69, 89, 0]

Caso de teste: SLAPRP_Guo_small_O100_alpha0.3_v5.txt

Distancia Total: 1216.0
Quantidade de Pickers: 6
