Rota do Picker 1: [0, 51, 55, 7, 10, 84, 64, 47, 87, 30, 27, 26, 46, 9, 50, 8, 48, 69, 45, 0]
Rota do Picker 2: [0, 51, 74, 94, 57, 93, 7, 10, 9, 60, 27, 30, 50, 8, 47, 19, 20, 84, 45, 37, 36, 46, 26, 21, 0]
Rota do Picker 3: [0, 69, 41, 50, 2, 10, 89, 48, 64, 30, 87, 47, 27, 26, 46, 8, 45, 9, 7, 21, 0]
Rota do Picker 4: [0, 47, 30, 41, 50, 1, 26, 9, 10, 45, 8, 64, 89, 48, 46, 21, 2, 7, 27, 87, 69, 19, 0]
Rota do Picker 5: [0, 48, 46, 84, 10, 7, 87, 69, 45, 36, 47, 50, 9, 64, 1, 30, 27, 26, 21, 8, 89, 41, 97, 0]
Rota do Picker 6: [0, 8, 30, 37, 47, 97, 45, 87, 27, 7, 13, 21, 83, 2, 19, 84, 89, 50, 36, 1, 20, 48, 46, 26, 64, 9, 10, 0]
Rota do Picker 7: [0, 36, 83, 32, 75, 39, 7, 12, 74, 94, 57, 93, 51, 17, 77, 55, 13, 21, 18, 97, 30, 60, 40, 98, 19, 76, 11, 1, 0]
Rota do Picker 8: [0, 13, 55, 57, 39, 74, 94, 76, 1, 11, 75, 12, 17, 97, 20, 32, 19, 7, 93, 77, 59, 98, 18, 36, 51, 83, 50, 40, 0]
Rota do Picker 9: [0, 26, 46, 9, 36, 27, 47, 10, 45, 84, 20, 87, 19, 30, 83, 64, 50, 60, 69, 1, 89, 21, 7, 8, 48, 37, 0]
Rota do Picker 10: [0, 10, 64, 7, 27, 87, 9, 69, 45, 26, 8, 50, 48, 46, 47, 89, 30, 21, 0]
Rota do Picker 11: [0, 37, 89, 41, 48, 97, 47, 83, 1, 9, 30, 50, 20, 87, 64, 10, 60, 8, 21, 19, 36, 45, 46, 26, 27, 7, 2, 0]
Rota do Picker 12: [0, 37, 48, 50, 10, 64, 46, 26, 21, 47, 8, 97, 7, 27, 87, 9, 30, 84, 36, 69, 45, 2, 20, 83, 41, 0]

Caso de teste: SLAPRP_Guo_small_O200_alpha0.4_v3.txt

Distancia Total: 2854.0
Quantidade de Pickers: 12
