Rota do Picker 1: [0, 1, 21, 41, 4, 23, 43, 63, 3, 32, 72, 14, 36, 16, 35, 75, 55, 26, 8, 93, 53, 13, 33, 73, 15, 7, 44, 82, 62, 0]
Rota do Picker 2: [0, 1, 21, 3, 23, 32, 92, 72, 15, 34, 17, 37, 14, 53, 46, 26, 64, 4, 81, 61, 41, 75, 6, 5, 62, 42, 22, 45, 0]
Rota do Picker 3: [0, 1, 21, 41, 4, 24, 31, 43, 7, 44, 84, 64, 25, 6, 18, 15, 35, 56, 36, 16, 62, 42, 23, 32, 74, 94, 54, 34, 14, 12, 0]
Rota do Picker 4: [0, 1, 21, 41, 23, 43, 13, 33, 73, 93, 34, 15, 44, 64, 5, 4, 24, 72, 92, 32, 12, 16, 37, 55, 35, 94, 14, 81, 61, 0]
Rota do Picker 5: [0, 21, 61, 41, 32, 92, 12, 54, 34, 43, 63, 23, 4, 26, 25, 74, 16, 46, 6, 3, 71, 91, 15, 36, 56, 18, 55, 14, 33, 13, 1, 0]
Rota do Picker 6: [0, 1, 21, 41, 61, 81, 4, 83, 63, 23, 5, 25, 45, 54, 14, 32, 15, 18, 6, 42, 62, 43, 3, 73, 53, 12, 0]

Caso de teste: SLAPRP_Guo_small_O100_alpha0.3_v9.txt

Distancia Total: 830.0
Quantidade de Pickers: 6
