Rota do Picker 1: [0, 3, 23, 47, 27, 20, 17, 37, 8, 46, 26, 62, 22, 21, 1, 76, 0]
Rota do Picker 2: [0, 21, 10, 23, 3, 41, 61, 22, 62, 4, 8, 27, 46, 26, 47, 17, 77, 14, 18, 93, 53, 13, 0]
Rota do Picker 3: [0, 21, 61, 3, 24, 26, 27, 67, 13, 17, 14, 62, 81, 1, 15, 37, 30, 8, 46, 23, 22, 0]
Rota do Picker 4: [0, 22, 1, 21, 43, 26, 46, 8, 10, 9, 76, 20, 19, 17, 67, 47, 27, 23, 4, 84, 5, 15, 55, 0]
Rota do Picker 5: [0, 22, 35, 24, 26, 46, 23, 4, 32, 34, 36, 43, 47, 27, 15, 18, 13, 53, 61, 41, 21, 1, 8, 14, 0]
Rota do Picker 6: [0, 21, 22, 62, 8, 24, 26, 46, 27, 47, 67, 30, 84, 23, 41, 17, 37, 20, 0]

Caso de teste: SLAPRP_Guo_small_O100_alpha0.3_v5.txt

Distancia Total: 788.0
Quantidade de Pickers: 6
