Rota do Picker 1: [0, 41, 81, 4, 23, 13, 33, 53, 73, 93, 17, 57, 1, 21, 43, 14, 34, 54, 74, 94, 38, 58, 62, 3, 0]
Rota do Picker 2: [0, 1, 61, 13, 93, 53, 73, 33, 18, 39, 20, 19, 82, 62, 23, 37, 17, 54, 74, 14, 35, 16, 36, 56, 57, 38, 71, 3, 21, 0]
Rota do Picker 3: [0, 1, 21, 41, 13, 33, 53, 73, 37, 18, 58, 57, 17, 34, 74, 54, 14, 5, 20, 19, 55, 77, 56, 4, 0]
Rota do Picker 4: [0, 21, 81, 14, 34, 56, 36, 16, 37, 33, 19, 17, 4, 3, 23, 43, 24, 38, 58, 18, 93, 73, 53, 13, 41, 1, 0]
Rota do Picker 5: [0, 1, 21, 61, 14, 74, 94, 15, 3, 93, 73, 53, 33, 13, 4, 41, 16, 12, 0]
Rota do Picker 6: [0, 21, 1, 41, 61, 24, 36, 17, 34, 32, 52, 92, 16, 20, 39, 19, 37, 57, 54, 94, 74, 14, 33, 13, 5, 4, 71, 0]

Caso de teste: SLAPRP_Guo_small_O100_alpha0.3_v10.txt

Distancia Total: 724.0
Quantidade de Pickers: 6
