Rota do Picker 1: [0, 1, 4, 24, 52, 72, 55, 61, 64, 53, 17, 0]
Rota do Picker 2: [0, 1, 21, 4, 5, 25, 24, 13, 44, 22, 64, 7, 65, 63, 23, 3, 84, 42, 62, 82, 45, 0]
Rota do Picker 3: [0, 26, 36, 94, 52, 32, 34, 53, 72, 92, 54, 62, 82, 35, 14, 75, 56, 16, 42, 23, 3, 61, 81, 55, 21, 33, 73, 5, 17, 45, 15, 13, 1, 4, 24, 0]
Rota do Picker 4: [0, 42, 63, 83, 64, 22, 8, 84, 6, 41, 5, 82, 45, 31, 71, 21, 3, 23, 43, 24, 44, 13, 62, 36, 27, 55, 4, 1, 61, 15, 0]
Rota do Picker 5: [0, 55, 82, 4, 73, 16, 62, 23, 3, 26, 35, 15, 42, 22, 21, 1, 7, 17, 6, 94, 14, 54, 61, 32, 52, 64, 84, 5, 56, 13, 43, 24, 44, 36, 63, 53, 0]
Rota do Picker 6: [0, 1, 4, 24, 84, 5, 17, 36, 21, 61, 42, 62, 71, 91, 93, 82, 13, 83, 3, 22, 75, 94, 54, 23, 18, 92, 72, 55, 64, 44, 0]
Rota do Picker 7: [0, 1, 4, 24, 83, 42, 84, 21, 3, 23, 27, 5, 65, 45, 6, 82, 22, 44, 7, 62, 25, 13, 0]

Caso de teste: SLAPRP_Guo_small_O100_alpha0.2_v9.txt

Distancia Total: 1370.0
Quantidade de Pickers: 7
