Rota do Picker 1: [0, 1, 8, 21, 26, 10, 47, 41, 76, 45, 66, 27, 36, 50, 46, 7, 2, 87, 67, 3, 0]
Rota do Picker 2: [0, 45, 8, 10, 30, 87, 41, 42, 7, 27, 46, 64, 47, 50, 66, 26, 21, 1, 0]
Rota do Picker 3: [0, 50, 97, 87, 2, 67, 46, 41, 22, 26, 66, 30, 36, 76, 64, 84, 40, 8, 20, 45, 27, 7, 21, 1, 52, 42, 0]
Rota do Picker 4: [0, 46, 42, 2, 21, 20, 66, 45, 87, 47, 27, 7, 1, 8, 64, 67, 26, 41, 10, 36, 50, 30, 11, 19, 0]
Rota do Picker 5: [0, 67, 47, 26, 64, 8, 10, 66, 36, 40, 45, 46, 21, 1, 84, 76, 41, 42, 97, 20, 19, 50, 87, 27, 7, 11, 30, 22, 13, 55, 12, 3, 0]
Rota do Picker 6: [0, 30, 42, 3, 21, 84, 45, 26, 1, 2, 7, 8, 46, 66, 50, 10, 47, 27, 87, 0]
Rota do Picker 7: [0, 1, 21, 7, 27, 87, 10, 46, 45, 8, 50, 66, 64, 84, 47, 26, 67, 30, 41, 0]
Rota do Picker 8: [0, 1, 7, 50, 19, 21, 26, 66, 45, 30, 36, 67, 40, 3, 22, 10, 8, 20, 84, 87, 27, 47, 2, 97, 76, 46, 41, 42, 0]
Rota do Picker 9: [0, 57, 60, 31, 11, 13, 32, 76, 97, 93, 40, 30, 37, 20, 18, 52, 77, 39, 12, 1, 96, 19, 55, 21, 0]
Rota do Picker 10: [0, 7, 50, 27, 2, 42, 47, 87, 8, 30, 41, 22, 1, 10, 45, 66, 46, 26, 21, 3, 0]
Rota do Picker 11: [0, 55, 1, 12, 37, 77, 30, 36, 13, 19, 32, 41, 96, 39, 18, 93, 52, 11, 40, 64, 20, 57, 26, 22, 21, 0]

Caso de teste: SLAPRP_Guo_small_O200_alpha0.4_v5.txt

Distancia Total: 2298.0
Quantidade de Pickers: 11
