Rota do Picker 1: [0, 1, 41, 3, 43, 63, 6, 46, 83, 44, 64, 81, 61, 7, 27, 8, 5, 65, 62, 42, 22, 21, 0]
Rota do Picker 2: [0, 1, 41, 46, 64, 44, 63, 43, 37, 36, 42, 22, 7, 26, 6, 45, 5, 23, 3, 61, 21, 0]
Rota do Picker 3: [0, 21, 7, 5, 64, 65, 45, 25, 3, 63, 6, 46, 82, 23, 81, 61, 41, 1, 0]
Rota do Picker 4: [0, 21, 61, 81, 3, 23, 43, 83, 5, 25, 45, 65, 44, 27, 8, 46, 6, 41, 1, 0]
Rota do Picker 5: [0, 21, 61, 81, 3, 23, 26, 27, 44, 62, 22, 83, 43, 6, 8, 24, 45, 5, 41, 1, 0]
Rota do Picker 6: [0, 1, 61, 23, 24, 44, 26, 22, 62, 7, 27, 6, 5, 43, 3, 41, 21, 0]
Rota do Picker 7: [0, 1, 8, 5, 25, 6, 26, 22, 62, 82, 44, 64, 21, 41, 61, 3, 23, 43, 75, 18, 37, 0]
Rota do Picker 8: [0, 41, 5, 45, 8, 7, 27, 25, 44, 65, 83, 64, 82, 62, 22, 3, 23, 43, 63, 26, 6, 61, 21, 1, 0]
Rota do Picker 9: [0, 1, 21, 41, 61, 63, 23, 3, 24, 25, 65, 5, 62, 42, 22, 0]
Rota do Picker 10: [0, 22, 12, 15, 18, 13, 72, 71, 31, 21, 41, 23, 43, 6, 5, 45, 64, 44, 24, 83, 63, 62, 4, 3, 81, 1, 0]
Rota do Picker 11: [0, 1, 21, 3, 45, 25, 5, 24, 44, 64, 7, 27, 26, 6, 83, 43, 23, 61, 41, 0]

Caso de teste: SLAPRP_Guo_small_O200_alpha0.4_v5.txt

Distancia Total: 974.0
Quantidade de Pickers: 11
