Rota do Picker 1: [0, 31, 51, 74, 19, 20, 39, 50, 10, 30, 17, 37, 76, 55, 14, 1, 46, 85, 45, 64, 2, 22, 93, 94, 23, 9, 8, 7, 41, 21, 0]
Rota do Picker 2: [0, 8, 9, 30, 42, 2, 3, 7, 10, 50, 45, 46, 26, 22, 1, 23, 20, 39, 40, 32, 51, 31, 94, 55, 41, 21, 0]
Rota do Picker 3: [0, 22, 41, 21, 7, 8, 9, 30, 45, 3, 47, 74, 19, 39, 59, 97, 26, 46, 33, 93, 20, 40, 55, 36, 31, 11, 0]
Rota do Picker 4: [0, 31, 51, 71, 12, 2, 33, 55, 97, 13, 4, 84, 61, 30, 10, 9, 26, 42, 22, 3, 41, 1, 47, 7, 8, 45, 46, 21, 0]
Rota do Picker 5: [0, 3, 22, 1, 31, 51, 11, 52, 93, 13, 33, 20, 59, 2, 10, 7, 40, 19, 39, 96, 32, 55, 94, 74, 42, 41, 21, 0]

Caso de teste: SLAPRP_Guo_small_O100_alpha0.4_v10.txt

Distancia Total: 882.0
Quantidade de Pickers: 5
