Rota do Picker 1: [0, 12, 32, 55, 74, 94, 36, 48, 89, 69, 49, 9, 8, 7, 45, 28, 21, 1, 37, 40, 20, 29, 87, 47, 68, 46, 26, 2, 0]
Rota do Picker 2: [0, 45, 26, 46, 9, 29, 10, 8, 28, 48, 7, 27, 47, 36, 76, 40, 57, 30, 12, 0]
Rota do Picker 3: [0, 55, 18, 59, 76, 20, 1, 87, 89, 49, 9, 7, 27, 47, 26, 46, 30, 10, 8, 48, 28, 45, 2, 0]
Rota do Picker 4: [0, 83, 12, 32, 18, 20, 59, 36, 30, 10, 2, 9, 69, 89, 68, 7, 46, 26, 48, 8, 45, 1, 0]
Rota do Picker 5: [0, 11, 74, 20, 40, 47, 26, 7, 41, 57, 37, 21, 2, 10, 3, 8, 49, 30, 9, 68, 48, 27, 46, 45, 0]
Rota do Picker 6: [0, 83, 7, 27, 47, 8, 26, 46, 45, 1, 28, 69, 13, 37, 49, 9, 3, 10, 48, 68, 2, 57, 32, 0]

Caso de teste: SLAPRP_Guo_small_O100_alpha0.2_v6.txt

Distancia Total: 900.0
Quantidade de Pickers: 6
