Rota do Picker 1: [0, 21, 22, 42, 32, 1, 14, 6, 82, 15, 5, 44, 3, 23, 43, 16, 24, 41, 91, 62, 4, 12, 63, 25, 61, 0]
Rota do Picker 2: [0, 38, 95, 34, 5, 3, 75, 55, 15, 61, 41, 43, 57, 17, 14, 22, 21, 1, 94, 19, 93, 53, 33, 13, 37, 24, 4, 12, 32, 54, 74, 62, 36, 56, 16, 0]
Rota do Picker 3: [0, 12, 14, 34, 94, 63, 58, 41, 61, 32, 16, 36, 76, 55, 56, 74, 54, 96, 35, 15, 53, 33, 13, 1, 18, 39, 19, 73, 42, 22, 95, 37, 21, 3, 38, 0]
Rota do Picker 4: [0, 1, 21, 3, 43, 4, 14, 17, 62, 94, 22, 18, 32, 44, 24, 54, 74, 34, 25, 76, 16, 41, 35, 55, 58, 42, 91, 95, 75, 61, 15, 37, 0]
Rota do Picker 5: [0, 63, 34, 14, 3, 41, 21, 1, 33, 13, 35, 15, 6, 81, 16, 95, 37, 44, 24, 4, 61, 62, 2, 22, 42, 94, 57, 25, 12, 82, 32, 43, 23, 5, 0]
Rota do Picker 6: [0, 35, 15, 23, 32, 43, 44, 34, 41, 21, 14, 54, 94, 4, 52, 3, 16, 1, 12, 58, 5, 81, 22, 42, 62, 13, 33, 77, 25, 6, 0]
Rota do Picker 7: [0, 4, 15, 33, 13, 1, 32, 16, 14, 34, 18, 43, 56, 73, 41, 81, 35, 55, 75, 57, 77, 95, 93, 38, 21, 37, 94, 74, 3, 54, 39, 0]
Rota do Picker 8: [0, 94, 55, 15, 58, 14, 12, 1, 34, 74, 32, 54, 37, 3, 18, 38, 75, 57, 13, 33, 53, 73, 93, 41, 35, 77, 95, 21, 6, 19, 56, 16, 17, 0]
Rota do Picker 9: [0, 19, 52, 34, 54, 94, 37, 16, 75, 96, 76, 74, 32, 57, 38, 17, 56, 35, 39, 1, 95, 55, 15, 14, 12, 3, 36, 13, 33, 0]
Rota do Picker 10: [0, 63, 34, 14, 32, 41, 21, 1, 43, 33, 13, 22, 35, 75, 23, 5, 16, 15, 3, 0]
Rota do Picker 11: [0, 21, 41, 3, 5, 6, 15, 35, 95, 0]
Rota do Picker 12: [0, 1, 11, 31, 14, 16, 6, 44, 12, 32, 3, 63, 23, 51, 58, 74, 82, 18, 75, 61, 17, 15, 95, 76, 24, 94, 54, 34, 41, 21, 22, 42, 56, 0]
Rota do Picker 13: [0, 17, 12, 63, 43, 16, 15, 3, 41, 21, 23, 14, 6, 0]
Rota do Picker 14: [0, 56, 32, 39, 34, 14, 3, 21, 54, 13, 33, 12, 38, 22, 41, 95, 19, 55, 17, 37, 18, 96, 36, 81, 63, 35, 75, 15, 43, 23, 1, 25, 0]

Caso de teste: SLAPRP_Guo_small_O200_alpha0.2_v4.txt

Distancia Total: 2824.0
Quantidade de Pickers: 14
