Rota do Picker 1: [0, 1, 21, 61, 5, 25, 23, 63, 7, 27, 24, 4, 3, 46, 6, 26, 43, 44, 64, 12, 91, 71, 17, 55, 35, 93, 73, 11, 36, 16, 41, 52, 92, 74, 75, 0]
Rota do Picker 2: [0, 1, 3, 23, 43, 83, 21, 41, 61, 14, 16, 18, 35, 75, 82, 62, 42, 4, 24, 65, 45, 5, 15, 17, 37, 72, 0]
Rota do Picker 3: [0, 1, 3, 5, 7, 64, 45, 23, 63, 83, 25, 26, 46, 22, 42, 82, 6, 27, 8, 44, 24, 4, 61, 41, 21, 0]
Rota do Picker 4: [0, 72, 45, 43, 3, 61, 41, 21, 1, 5, 27, 7, 62, 42, 23, 44, 64, 24, 8, 46, 6, 0]
Rota do Picker 5: [0, 18, 63, 23, 24, 4, 21, 41, 72, 92, 52, 27, 71, 91, 14, 56, 36, 43, 44, 64, 5, 26, 6, 3, 1, 0]
Rota do Picker 6: [0, 1, 3, 5, 7, 24, 62, 22, 42, 82, 4, 6, 26, 43, 63, 23, 61, 41, 21, 0]
Rota do Picker 7: [0, 1, 21, 41, 61, 14, 16, 72, 65, 45, 6, 4, 24, 3, 23, 83, 63, 43, 5, 62, 42, 22, 44, 0]
Rota do Picker 8: [0, 41, 1, 21, 23, 43, 83, 4, 44, 18, 55, 75, 56, 37, 63, 22, 25, 5, 82, 62, 42, 0]
Rota do Picker 9: [0, 21, 41, 1, 22, 42, 24, 64, 43, 3, 23, 7, 8, 6, 44, 4, 5, 65, 27, 46, 26, 63, 37, 16, 0]
Rota do Picker 10: [0, 1, 21, 3, 23, 43, 4, 44, 64, 7, 46, 25, 61, 81, 41, 42, 62, 82, 63, 37, 16, 34, 27, 24, 26, 5, 0]
Rota do Picker 11: [0, 53, 35, 21, 1, 2, 16, 36, 17, 74, 14, 15, 44, 24, 81, 61, 41, 3, 23, 63, 43, 46, 6, 4, 62, 42, 22, 0]
Rota do Picker 12: [0, 14, 1, 61, 41, 21, 3, 43, 64, 24, 4, 8, 0]

Caso de teste: SLAPRP_Guo_small_O200_alpha0.4_v3.txt

Distancia Total: 1336.0
Quantidade de Pickers: 12
