Rota do Picker 1: [0, 1, 21, 41, 2, 22, 4, 24, 23, 26, 34, 27, 42, 62, 63, 83, 43, 65, 53, 81, 25, 5, 82, 64, 3, 8, 0]
Rota do Picker 2: [0, 82, 22, 2, 26, 83, 6, 1, 61, 64, 45, 34, 81, 25, 62, 42, 41, 63, 23, 53, 5, 24, 4, 3, 21, 46, 0]
Rota do Picker 3: [0, 63, 5, 23, 21, 25, 6, 4, 42, 22, 3, 1, 27, 26, 41, 24, 7, 62, 82, 45, 43, 65, 2, 0]
Rota do Picker 4: [0, 1, 3, 23, 83, 81, 65, 53, 64, 82, 21, 61, 4, 26, 5, 44, 27, 24, 41, 22, 42, 6, 46, 2, 0]
Rota do Picker 5: [0, 82, 45, 6, 42, 22, 3, 64, 5, 63, 23, 24, 4, 41, 1, 27, 26, 81, 61, 43, 62, 46, 53, 83, 44, 21, 25, 2, 0]
Rota do Picker 6: [0, 41, 81, 1, 72, 92, 53, 21, 6, 34, 42, 62, 23, 83, 75, 61, 64, 93, 73, 5, 22, 52, 31, 11, 3, 13, 0]
Rota do Picker 7: [0, 83, 27, 43, 2, 26, 8, 82, 44, 23, 22, 7, 81, 61, 6, 46, 3, 1, 63, 4, 25, 45, 34, 53, 5, 64, 24, 42, 41, 21, 0]
Rota do Picker 8: [0, 1, 3, 23, 6, 27, 22, 45, 24, 2, 81, 65, 26, 44, 42, 43, 83, 64, 82, 4, 21, 7, 8, 63, 46, 25, 5, 41, 0]
Rota do Picker 9: [0, 75, 65, 6, 64, 83, 3, 81, 61, 21, 1, 27, 24, 4, 2, 45, 46, 53, 8, 42, 82, 44, 7, 25, 22, 43, 26, 5, 63, 23, 0]
Rota do Picker 10: [0, 35, 6, 3, 61, 1, 92, 72, 42, 24, 4, 41, 17, 51, 71, 64, 65, 22, 2, 23, 43, 5, 45, 54, 74, 81, 7, 36, 55, 34, 63, 25, 21, 0]
Rota do Picker 11: [0, 21, 22, 5, 53, 81, 82, 83, 45, 42, 44, 64, 2, 65, 24, 4, 61, 7, 63, 43, 23, 3, 41, 1, 25, 0]
Rota do Picker 12: [0, 1, 21, 4, 5, 6, 23, 45, 26, 63, 62, 42, 27, 3, 43, 22, 7, 8, 41, 61, 25, 65, 64, 46, 83, 44, 0]
Rota do Picker 13: [0, 1, 3, 23, 37, 92, 21, 41, 52, 72, 54, 74, 93, 75, 35, 2, 53, 81, 61, 36, 34, 15, 91, 71, 32, 12, 16, 18, 22, 33, 17, 56, 51, 31, 73, 55, 0]

Caso de teste: SLAPRP_Guo_small_O200_alpha0.3_v6.txt

Distancia Total: 2430.0
Quantidade de Pickers: 13
