Rota do Picker 1: [0, 5, 42, 22, 1, 84, 24, 41, 21, 83, 43, 6, 7, 2, 8, 3, 23, 25, 4, 26, 64, 44, 82, 27, 65, 0]
Rota do Picker 2: [0, 1, 61, 81, 23, 54, 93, 31, 11, 91, 71, 35, 62, 42, 17, 75, 15, 21, 14, 34, 55, 52, 33, 53, 0]
Rota do Picker 3: [0, 1, 21, 41, 42, 62, 6, 26, 4, 73, 93, 44, 15, 65, 45, 24, 22, 16, 7, 84, 5, 25, 82, 0]
Rota do Picker 4: [0, 1, 21, 4, 16, 41, 81, 24, 84, 36, 55, 0]
Rota do Picker 5: [0, 94, 44, 5, 34, 62, 42, 41, 21, 1, 61, 17, 43, 55, 83, 63, 23, 3, 16, 25, 6, 4, 24, 64, 36, 35, 22, 0]

Caso de teste: SLAPRP_Guo_small_O50_alpha0.2_v6.txt

Distancia Total: 724.0
Quantidade de Pickers: 5
