Rota do Picker 1: [0, 28, 51, 10, 69, 89, 11, 68, 47, 67, 41, 21, 50, 13, 22, 3, 87, 12, 7, 8, 9, 27, 46, 45, 18, 1, 83, 2, 30, 20, 0]
Rota do Picker 2: [0, 26, 46, 8, 27, 67, 87, 9, 10, 45, 84, 28, 89, 69, 68, 2, 50, 7, 47, 30, 0]
Rota do Picker 3: [0, 28, 59, 55, 18, 1, 27, 20, 57, 37, 94, 74, 76, 98, 13, 39, 40, 60, 2, 11, 12, 32, 0]
Rota do Picker 4: [0, 50, 10, 3, 68, 9, 87, 67, 21, 28, 27, 8, 84, 30, 45, 47, 7, 46, 26, 69, 89, 51, 1, 0]
Rota do Picker 5: [0, 32, 60, 51, 71, 64, 84, 10, 12, 7, 18, 46, 47, 8, 50, 30, 68, 9, 2, 31, 26, 20, 11, 45, 87, 27, 55, 74, 94, 1, 0]
Rota do Picker 6: [0, 31, 55, 46, 10, 22, 3, 8, 28, 45, 18, 7, 27, 26, 1, 30, 64, 51, 87, 67, 69, 9, 11, 84, 47, 32, 0]

Caso de teste: SLAPRP_Guo_small_O100_alpha0.2_v4.txt

Distancia Total: 1276.0
Quantidade de Pickers: 6
