Rota do Picker 1: [0, 1, 21, 81, 6, 75, 95, 36, 16, 37, 18, 34, 14, 72, 56, 61, 41, 51, 71, 39, 38, 20, 17, 35, 15, 62, 22, 3, 0]
Rota do Picker 2: [0, 1, 21, 41, 35, 95, 15, 55, 16, 76, 19, 39, 18, 17, 2, 14, 34, 53, 33, 13, 42, 22, 3, 0]
Rota do Picker 3: [0, 1, 21, 41, 61, 15, 35, 14, 34, 13, 53, 73, 93, 33, 16, 36, 56, 75, 95, 55, 12, 63, 43, 3, 24, 5, 25, 20, 96, 39, 19, 32, 0]
Rota do Picker 4: [0, 1, 21, 41, 73, 93, 13, 33, 53, 35, 75, 38, 16, 96, 36, 55, 17, 18, 19, 14, 32, 72, 92, 76, 56, 37, 15, 43, 23, 3, 4, 0]
Rota do Picker 5: [0, 14, 4, 41, 21, 1, 12, 52, 92, 38, 57, 77, 34, 44, 24, 23, 3, 5, 17, 37, 36, 16, 55, 32, 13, 33, 53, 15, 35, 75, 95, 62, 22, 0]
Rota do Picker 6: [0, 21, 41, 43, 3, 13, 36, 57, 15, 42, 22, 1, 32, 14, 34, 19, 35, 75, 25, 5, 6, 81, 0]
Rota do Picker 7: [0, 1, 41, 61, 21, 6, 43, 23, 32, 14, 34, 74, 94, 54, 36, 56, 16, 35, 15, 71, 51, 53, 73, 93, 13, 33, 4, 82, 42, 0]
Rota do Picker 8: [0, 4, 63, 25, 5, 44, 94, 74, 15, 81, 41, 21, 1, 3, 14, 54, 18, 38, 75, 35, 13, 53, 23, 91, 71, 51, 6, 52, 92, 72, 12, 0]
Rota do Picker 9: [0, 12, 20, 37, 17, 55, 35, 15, 74, 34, 14, 19, 39, 33, 73, 53, 13, 81, 41, 1, 0]
Rota do Picker 10: [0, 1, 21, 41, 5, 25, 3, 13, 53, 16, 14, 34, 74, 54, 77, 57, 37, 76, 56, 63, 43, 42, 62, 22, 4, 6, 44, 24, 55, 15, 12, 32, 0]
Rota do Picker 11: [0, 63, 36, 56, 16, 72, 92, 32, 12, 14, 34, 54, 43, 5, 3, 1, 21, 22, 38, 33, 0]
Rota do Picker 12: [0, 1, 61, 41, 14, 34, 95, 18, 75, 37, 57, 17, 22, 82, 16, 56, 76, 35, 55, 15, 13, 62, 42, 3, 21, 0]

Caso de teste: SLAPRP_Guo_small_O200_alpha0.3_v2.txt

Distancia Total: 1504.0
Quantidade de Pickers: 12
