Rota do Picker 1: [0, 21, 7, 46, 45, 87, 64, 47, 8, 9, 37, 69, 30, 60, 83, 3, 26, 48, 10, 1, 19, 84, 67, 65, 0]
Rota do Picker 2: [0, 69, 60, 8, 85, 10, 3, 36, 45, 26, 47, 84, 19, 48, 9, 96, 17, 30, 46, 87, 7, 21, 1, 64, 2, 83, 67, 50, 0]
Rota do Picker 3: [0, 11, 93, 7, 26, 46, 45, 60, 1, 64, 83, 30, 50, 37, 19, 87, 67, 48, 8, 0]
Rota do Picker 4: [0, 11, 93, 13, 2, 31, 74, 94, 18, 20, 98, 7, 60, 57, 59, 39, 75, 55, 36, 96, 19, 0]
Rota do Picker 5: [0, 7, 9, 10, 48, 26, 45, 37, 1, 64, 84, 8, 46, 85, 21, 30, 50, 67, 47, 87, 69, 65, 2, 0]
Rota do Picker 6: [0, 65, 48, 87, 67, 7, 45, 9, 8, 46, 26, 64, 1, 10, 50, 69, 47, 0]
Rota do Picker 7: [0, 7, 26, 46, 67, 30, 65, 50, 69, 47, 9, 8, 48, 10, 45, 0]

Caso de teste: SLAPRP_Guo_small_O100_alpha0.2_v2.txt

Distancia Total: 1296.0
Quantidade de Pickers: 7
