Rota do Picker 1: [0, 84, 64, 61, 21, 41, 2, 22, 8, 10, 49, 9, 69, 30, 46, 45, 26, 87, 27, 7, 1, 0]
Rota do Picker 2: [0, 45, 27, 47, 46, 69, 9, 7, 26, 8, 89, 67, 87, 10, 30, 19, 37, 1, 0]
Rota do Picker 3: [0, 21, 3, 83, 7, 27, 67, 87, 26, 49, 47, 8, 2, 9, 10, 69, 45, 65, 46, 1, 41, 0]
Rota do Picker 4: [0, 64, 84, 45, 69, 49, 9, 7, 41, 21, 22, 26, 46, 87, 27, 10, 40, 19, 0]
Rota do Picker 5: [0, 7, 8, 83, 21, 64, 84, 45, 65, 9, 89, 67, 47, 87, 27, 46, 26, 30, 10, 2, 41, 0]
Rota do Picker 6: [0, 33, 1, 22, 7, 27, 87, 9, 10, 39, 75, 55, 59, 52, 98, 76, 20, 94, 74, 77, 57, 18, 93, 13, 37, 49, 45, 26, 47, 21, 0]

Caso de teste: SLAPRP_Guo_small_O100_alpha0.4_v2.txt

Distancia Total: 808.0
Quantidade de Pickers: 6
