Rota do Picker 1: [0, 1, 0]
Rota do Picker 2: [0, 1, 21, 41, 4, 24, 43, 45, 65, 27, 5, 8, 44, 84, 23, 81, 61, 0]
Rota do Picker 3: [0, 41, 61, 81, 4, 24, 44, 23, 43, 25, 45, 65, 46, 7, 5, 21, 1, 0]
Rota do Picker 4: [0, 23, 43, 5, 25, 7, 24, 45, 83, 63, 46, 6, 64, 44, 4, 27, 1, 21, 41, 61, 82, 0]
Rota do Picker 5: [0, 1, 41, 61, 4, 44, 24, 64, 46, 26, 8, 27, 7, 6, 5, 43, 23, 21, 0]
Rota do Picker 6: [0, 1, 4, 6, 8, 27, 23, 43, 5, 44, 64, 24, 45, 25, 7, 46, 26, 83, 41, 21, 61, 81, 0]
Rota do Picker 7: [0, 23, 41, 1, 21, 61, 82, 7, 26, 5, 43, 63, 64, 24, 4, 44, 83, 37, 0]
Rota do Picker 8: [0, 7, 41, 21, 81, 61, 63, 43, 83, 23, 65, 45, 5, 25, 26, 6, 44, 4, 1, 0]
Rota do Picker 9: [0, 44, 64, 84, 5, 6, 26, 63, 43, 23, 24, 4, 61, 41, 21, 1, 0]
Rota do Picker 10: [0, 21, 23, 5, 8, 7, 63, 83, 43, 24, 4, 45, 27, 26, 61, 41, 1, 0]
Rota do Picker 11: [0, 1, 21, 41, 61, 4, 8, 65, 5, 43, 23, 64, 44, 24, 0]
Rota do Picker 12: [0, 21, 1, 61, 82, 23, 83, 5, 44, 45, 6, 46, 43, 63, 26, 8, 64, 24, 4, 41, 81, 32, 18, 0]
Rota do Picker 13: [0, 1, 21, 25, 44, 6, 81, 41, 42, 62, 23, 5, 84, 7, 27, 63, 83, 43, 4, 22, 0]

Caso de teste: SLAPRP_Guo_small_O200_alpha0.2_v1.txt

Distancia Total: 966.0
Quantidade de Pickers: 13
