Rota do Picker 1: [0, 6, 63, 43, 3, 1, 21, 41, 61, 23, 5, 65, 26, 25, 27, 44, 81, 45, 24, 83, 64, 46, 7, 8, 82, 0]
Rota do Picker 2: [0, 83, 64, 8, 6, 43, 23, 61, 41, 3, 44, 45, 81, 25, 46, 7, 21, 62, 27, 26, 24, 5, 1, 0]
Rota do Picker 3: [0, 1, 21, 41, 5, 24, 61, 23, 43, 44, 7, 6, 65, 64, 82, 63, 26, 46, 81, 45, 25, 22, 3, 0]
Rota do Picker 4: [0, 21, 41, 23, 63, 5, 18, 62, 83, 61, 44, 64, 24, 82, 27, 22, 42, 46, 3, 25, 1, 75, 7, 6, 43, 0]
Rota do Picker 5: [0, 62, 22, 43, 23, 61, 41, 21, 1, 37, 6, 5, 3, 75, 8, 46, 25, 44, 81, 83, 82, 45, 24, 0]
Rota do Picker 6: [0, 64, 5, 62, 22, 82, 25, 3, 44, 7, 92, 81, 24, 83, 1, 41, 61, 23, 63, 21, 43, 42, 0]
Rota do Picker 7: [0, 63, 42, 22, 62, 3, 37, 25, 43, 44, 46, 18, 1, 21, 41, 61, 5, 24, 82, 75, 23, 83, 74, 81, 55, 0]
Rota do Picker 8: [0, 61, 21, 24, 81, 41, 1, 8, 64, 5, 43, 23, 3, 44, 6, 27, 62, 25, 63, 65, 82, 83, 0]
Rota do Picker 9: [0, 62, 27, 81, 21, 44, 7, 5, 43, 23, 3, 61, 1, 41, 45, 6, 26, 82, 8, 64, 83, 25, 22, 42, 65, 46, 0]
Rota do Picker 10: [0, 23, 46, 21, 41, 24, 64, 45, 26, 65, 44, 6, 5, 83, 43, 3, 61, 1, 8, 25, 62, 7, 63, 27, 0]
Rota do Picker 11: [0, 18, 21, 61, 23, 63, 3, 43, 37, 82, 24, 41, 1, 12, 34, 56, 81, 31, 71, 17, 0]
Rota do Picker 12: [0, 1, 21, 41, 23, 82, 18, 0]
Rota do Picker 13: [0, 21, 41, 61, 3, 23, 43, 5, 82, 44, 46, 63, 83, 24, 26, 1, 45, 25, 81, 62, 22, 0]

Caso de teste: SLAPRP_Guo_small_O200_alpha0.4_v3.txt

Distancia Total: 1936.0
Quantidade de Pickers: 13
