Rota do Picker 1: [0, 23, 43, 83, 14, 62, 22, 21, 15, 84, 44, 24, 3, 61, 41, 1, 42, 82, 63, 16, 92, 72, 4, 93, 91, 73, 33, 7, 71, 0]
Rota do Picker 2: [0, 54, 4, 62, 42, 2, 35, 14, 63, 43, 23, 21, 1, 3, 16, 0]
Rota do Picker 3: [0, 21, 91, 0]
Rota do Picker 4: [0, 1, 21, 3, 23, 14, 4, 6, 46, 15, 41, 61, 24, 44, 27, 43, 64, 84, 63, 83, 45, 25, 5, 11, 7, 8, 65, 73, 0]
Rota do Picker 5: [0, 32, 46, 17, 1, 21, 52, 72, 33, 13, 74, 14, 63, 43, 41, 73, 15, 56, 36, 53, 35, 0]

Caso de teste: SLAPRP_Guo_small_O50_alpha0.4_v8.txt

Distancia Total: 614.0
Quantidade de Pickers: 5
