Rota do Picker 1: [0, 55, 35, 15, 1, 73, 54, 16, 34, 14, 53, 81, 21, 33, 61, 41, 26, 47, 52, 0]
Rota do Picker 2: [0, 21, 81, 16, 27, 41, 61, 6, 7, 34, 54, 66, 26, 8, 1, 64, 0]
Rota do Picker 3: [0, 21, 81, 52, 53, 66, 15, 41, 54, 47, 42, 14, 7, 6, 26, 64, 34, 93, 65, 61, 1, 0]
Rota do Picker 4: [0, 14, 61, 21, 8, 35, 15, 81, 41, 1, 52, 6, 53, 73, 0]
Rota do Picker 5: [0, 65, 46, 47, 26, 66, 93, 7, 21, 41, 61, 81, 6, 64, 1, 84, 35, 0]
Rota do Picker 6: [0, 52, 28, 47, 5, 64, 65, 8, 26, 86, 21, 41, 61, 81, 84, 66, 9, 34, 7, 46, 6, 1, 0]

Caso de teste: SLAPRP_Guo_small_O100_alpha0.4_v8.txt

Distancia Total: 834.0
Quantidade de Pickers: 6
