Rota do Picker 1: [0, 21, 0]
Rota do Picker 2: [0, 1, 2, 22, 42, 3, 21, 41, 31, 11, 12, 13, 33, 52, 0]
Rota do Picker 3: [0, 1, 21, 11, 31, 51, 32, 33, 13, 12, 23, 3, 42, 2, 22, 0]
Rota do Picker 4: [0, 1, 21, 41, 3, 11, 51, 31, 13, 33, 12, 22, 2, 0]
Rota do Picker 5: [0, 51, 31, 11, 42, 22, 2, 1, 21, 32, 12, 0]
Rota do Picker 6: [0, 3, 23, 1, 21, 2, 22, 42, 41, 13, 33, 51, 31, 32, 12, 0]
Rota do Picker 7: [0, 2, 22, 21, 41, 1, 11, 31, 51, 23, 12, 32, 13, 33, 0]
Rota do Picker 8: [0, 11, 51, 13, 33, 31, 32, 12, 3, 2, 41, 21, 42, 22, 1, 0]
Rota do Picker 9: [0, 1, 21, 2, 42, 22, 3, 23, 11, 31, 12, 52, 32, 33, 13, 0]
Rota do Picker 10: [0, 3, 23, 22, 2, 1, 21, 41, 12, 32, 13, 11, 52, 33, 0]
Rota do Picker 11: [0, 21, 1, 3, 23, 2, 22, 32, 12, 11, 51, 31, 0]
Rota do Picker 12: [0, 21, 1, 22, 2, 3, 23, 66, 33, 32, 41, 52, 12, 11, 51, 31, 0]
Rota do Picker 13: [0, 2, 23, 13, 33, 12, 32, 51, 31, 11, 1, 21, 41, 42, 22, 0]

Caso de teste: SLAPRP_Guo_small_O200_alpha0.3_v10.txt

Distancia Total: 550.0
Quantidade de Pickers: 13
