Rota do Picker 1: [0, 22, 43, 26, 46, 97, 57, 30, 42, 47, 2, 24, 62, 50, 60, 33, 12, 31, 9, 67, 27, 61, 21, 45, 8, 10, 4, 23, 3, 41, 1, 14, 0]
Rota do Picker 2: [0, 2, 26, 46, 27, 33, 30, 24, 20, 41, 61, 89, 34, 1, 23, 62, 47, 11, 67, 83, 45, 51, 10, 72, 14, 5, 43, 3, 78, 9, 8, 42, 22, 21, 76, 0]
Rota do Picker 3: [0, 2, 23, 9, 30, 45, 28, 67, 27, 50, 61, 24, 47, 46, 26, 10, 8, 3, 21, 0]
Rota do Picker 4: [0, 22, 42, 9, 20, 40, 10, 34, 83, 60, 78, 45, 11, 52, 32, 41, 51, 3, 23, 43, 12, 31, 33, 37, 57, 15, 27, 21, 61, 14, 94, 47, 1, 2, 62, 76, 0]
Rota do Picker 5: [0, 22, 42, 26, 46, 45, 30, 24, 1, 2, 23, 8, 47, 50, 5, 67, 62, 10, 9, 21, 0]
Rota do Picker 6: [0, 62, 42, 22, 21, 30, 83, 23, 76, 33, 13, 12, 31, 37, 57, 27, 47, 0]
Rota do Picker 7: [0, 1, 21, 12, 15, 76, 47, 10, 14, 37, 60, 8, 45, 84, 31, 26, 46, 20, 96, 9, 41, 23, 4, 3, 62, 22, 34, 61, 27, 78, 42, 2, 51, 67, 0]
Rota do Picker 8: [0, 21, 41, 3, 47, 76, 78, 0]
Rota do Picker 9: [0, 3, 23, 62, 8, 9, 33, 61, 41, 14, 26, 43, 5, 45, 78, 42, 4, 67, 24, 46, 50, 30, 27, 76, 21, 34, 47, 10, 12, 22, 2, 11, 1, 0]
Rota do Picker 10: [0, 61, 3, 34, 46, 41, 21, 47, 94, 1, 52, 72, 76, 45, 0]
Rota do Picker 11: [0, 21, 62, 24, 76, 60, 52, 3, 14, 97, 2, 12, 78, 26, 46, 15, 72, 11, 31, 34, 37, 1, 57, 51, 61, 40, 20, 45, 47, 42, 22, 13, 53, 10, 0]
Rota do Picker 12: [0, 27, 78, 41, 61, 50, 28, 84, 34, 1, 2, 3, 62, 67, 47, 30, 83, 43, 26, 46, 4, 45, 10, 9, 8, 42, 22, 21, 23, 0]
Rota do Picker 13: [0, 45, 20, 61, 41, 22, 42, 76, 40, 15, 96, 34, 94, 51, 83, 43, 32, 21, 12, 37, 3, 11, 57, 1, 14, 60, 23, 33, 31, 78, 97, 0]
Rota do Picker 14: [0, 15, 20, 30, 8, 23, 62, 43, 26, 3, 4, 14, 21, 10, 11, 24, 46, 1, 78, 45, 9, 67, 47, 42, 22, 2, 60, 0]
Rota do Picker 15: [0, 10, 45, 14, 60, 72, 52, 12, 21, 41, 61, 23, 34, 78, 20, 9, 8, 15, 13, 46, 26, 42, 22, 50, 37, 11, 76, 30, 3, 31, 47, 83, 1, 2, 43, 94, 0]

Caso de teste: SLAPRP_Guo_small_O200_alpha0.3_v6.txt

Distancia Total: 3502.0
Quantidade de Pickers: 15
