Rota do Picker 1: [0, 20, 46, 83, 3, 45, 26, 4, 78, 8, 5, 22, 41, 21, 1, 53, 84, 30, 32, 11, 62, 10, 61, 68, 36, 33, 42, 0]
Rota do Picker 2: [0, 8, 26, 62, 22, 41, 30, 10, 45, 42, 1, 21, 4, 9, 46, 68, 5, 14, 0]
Rota do Picker 3: [0, 1, 41, 22, 26, 43, 4, 10, 62, 83, 8, 30, 84, 24, 42, 46, 45, 5, 21, 3, 89, 34, 0]
Rota do Picker 4: [0, 1, 21, 41, 3, 83, 42, 26, 8, 61, 22, 10, 68, 84, 46, 5, 45, 62, 4, 24, 34, 0]
Rota do Picker 5: [0, 32, 17, 39, 47, 10, 68, 40, 94, 42, 22, 41, 1, 33, 14, 83, 43, 21, 62, 26, 15, 37, 97, 84, 36, 61, 0]
Rota do Picker 6: [0, 1, 21, 41, 22, 62, 32, 94, 15, 61, 36, 33, 14, 45, 26, 42, 3, 83, 72, 53, 0]
Rota do Picker 7: [0, 1, 21, 41, 42, 32, 40, 34, 89, 30, 61, 22, 5, 84, 45, 36, 8, 26, 24, 46, 83, 23, 62, 14, 4, 3, 10, 20, 0]
Rota do Picker 8: [0, 78, 46, 21, 1, 32, 19, 68, 5, 45, 26, 14, 36, 40, 15, 8, 24, 42, 41, 22, 0]
Rota do Picker 9: [0, 23, 62, 14, 34, 78, 11, 19, 40, 47, 20, 22, 39, 37, 17, 41, 1, 94, 72, 97, 96, 32, 61, 21, 45, 0]
Rota do Picker 10: [0, 32, 22, 41, 21, 42, 26, 10, 36, 40, 37, 62, 3, 30, 47, 20, 45, 68, 84, 61, 1, 43, 83, 11, 17, 24, 8, 14, 94, 0]
Rota do Picker 11: [0, 1, 41, 22, 62, 14, 15, 10, 3, 61, 26, 45, 40, 30, 8, 42, 21, 84, 24, 11, 46, 89, 5, 4, 43, 47, 32, 0]
Rota do Picker 12: [0, 1, 41, 22, 26, 45, 36, 20, 78, 21, 11, 39, 84, 61, 32, 97, 37, 3, 14, 19, 94, 10, 17, 47, 40, 42, 0]
Rota do Picker 13: [0, 9, 5, 3, 47, 24, 68, 43, 10, 4, 41, 46, 42, 8, 21, 1, 84, 45, 26, 22, 0]

Caso de teste: SLAPRP_Guo_small_O200_alpha0.2_v4.txt

Distancia Total: 2690.0
Quantidade de Pickers: 13
