Rota do Picker 1: [0, 62, 6, 45, 26, 81, 63, 25, 44, 43, 41, 82, 5, 23, 61, 21, 1, 0]
Rota do Picker 2: [0, 1, 41, 12, 72, 14, 34, 0]
Rota do Picker 3: [0, 21, 81, 43, 1, 41, 61, 26, 27, 45, 5, 63, 64, 82, 7, 83, 44, 42, 65, 46, 62, 6, 25, 23, 0]
Rota do Picker 4: [0, 1, 41, 26, 64, 63, 43, 5, 27, 45, 83, 23, 21, 44, 25, 8, 6, 61, 65, 7, 46, 0]
Rota do Picker 5: [0, 21, 41, 61, 81, 23, 5, 25, 45, 82, 62, 64, 65, 83, 63, 43, 1, 44, 0]
Rota do Picker 6: [0, 27, 6, 83, 45, 62, 64, 7, 25, 26, 1, 41, 81, 44, 8, 63, 82, 21, 61, 23, 43, 5, 0]
Rota do Picker 7: [0, 1, 21, 61, 62, 24, 83, 23, 81, 5, 44, 43, 41, 0]

Caso de teste: SLAPRP_Guo_small_O100_alpha0.3_v7.txt

Distancia Total: 758.0
Quantidade de Pickers: 7
