Rota do Picker 1: [0, 40, 9, 83, 46, 14, 66, 41, 1, 11, 32, 76, 4, 19, 10, 42, 20, 27, 61, 30, 55, 13, 22, 23, 3, 21, 17, 45, 26, 0]
Rota do Picker 2: [0, 8, 83, 41, 43, 1, 23, 4, 26, 21, 61, 46, 30, 19, 10, 9, 27, 45, 22, 3, 11, 42, 0]
Rota do Picker 3: [0, 1, 45, 27, 84, 21, 4, 8, 41, 22, 42, 9, 10, 3, 23, 83, 26, 46, 30, 0]
Rota do Picker 4: [0, 40, 19, 66, 83, 3, 21, 57, 36, 46, 45, 22, 42, 17, 0]
Rota do Picker 5: [0, 21, 3, 23, 83, 22, 12, 71, 18, 27, 10, 19, 20, 1, 26, 46, 8, 42, 45, 84, 57, 61, 11, 33, 76, 0]
Rota do Picker 6: [0, 42, 22, 43, 61, 36, 17, 27, 26, 83, 23, 3, 21, 9, 76, 19, 10, 40, 45, 1, 46, 20, 33, 30, 18, 13, 57, 0]
Rota do Picker 7: [0, 22, 42, 45, 20, 31, 12, 32, 52, 55, 37, 96, 94, 11, 21, 14, 57, 71, 75, 19, 17, 40, 78, 41, 10, 18, 36, 33, 13, 61, 97, 30, 0]
Rota do Picker 8: [0, 76, 66, 36, 10, 13, 3, 21, 22, 42, 26, 45, 41, 23, 43, 83, 9, 33, 61, 46, 27, 57, 30, 17, 0]
Rota do Picker 9: [0, 76, 8, 66, 41, 43, 1, 30, 20, 10, 46, 42, 45, 36, 33, 26, 13, 57, 9, 27, 22, 83, 23, 3, 21, 17, 0]
Rota do Picker 10: [0, 21, 3, 23, 4, 22, 10, 20, 30, 9, 8, 45, 27, 46, 26, 41, 66, 83, 1, 42, 89, 12, 0]
Rota do Picker 11: [0, 1, 21, 3, 22, 45, 46, 14, 9, 66, 61, 23, 10, 83, 43, 26, 41, 42, 27, 30, 0]
Rota do Picker 12: [0, 8, 84, 4, 41, 1, 43, 27, 66, 61, 30, 21, 3, 23, 83, 26, 46, 10, 14, 22, 45, 0]
Rota do Picker 13: [0, 41, 3, 23, 43, 22, 27, 20, 40, 76, 9, 1, 11, 33, 18, 31, 83, 42, 21, 12, 32, 55, 38, 10, 37, 19, 57, 75, 61, 13, 30, 36, 17, 26, 0]

Caso de teste: SLAPRP_Guo_small_O200_alpha0.3_v9.txt

Distancia Total: 2918.0
Quantidade de Pickers: 13
