SKUs: 40
Pedidos: 201

Primeiro pedido:
Order(1, [1, 2, 3, 4, 5, 6, 7, 8])

Ultimo pedido:
Order(201, [2, 4, 6, 7, 20, 21, 31])

Location(1, 1, -1, 20)
Location(2, 1, -2, 20)
Location(3, 1, -3, 20)
Location(4, 1, -4, 20)
Location(5, 1, -5, 20)
Location(6, 1, -6, 20)
Location(7, 1, -7, 20)
Location(8, 1, -8, 20)
Location(9, 1, -9, 20)
Location(10, 1, -10, 40)
Location(11, 1, 1, 20)
Location(12, 1, 2, 20)
Location(13, 1, 3, 20)
Location(14, 1, 4, 20)
Location(15, 1, 5, 20)
Location(16, 1, 6, 20)
Location(17, 1, 7, 20)
Location(18, 1, 8, 20)
Location(19, 1, 9, 20)
Location(20, 1, 10, 40)
Location(21, 2, -1, 20)
Location(22, 2, -2, 20)
Location(23, 2, -3, 20)
Location(24, 2, -4, 20)
Location(25, 2, -5, 20)
Location(26, 2, -6, 20)
Location(27, 2, -7, 20)
Location(28, 2, -8, 20)
Location(29, 2, -9, 20)
Location(30, 2, -10, 40)
Location(31, 2, 1, 20)
Location(32, 2, 2, 20)
Location(33, 2, 3, 20)
Location(34, 2, 4, 20)
Location(35, 2, 5, 20)
Location(36, 2, 6, 20)
Location(37, 2, 7, 20)
Location(38, 2, 8, 20)
Location(39, 2, 9, 20)
Location(40, 2, 10, 40)
Location(41, 3, -1, 20)
Location(42, 3, -2, 20)
Location(43, 3, -3, 20)
Location(44, 3, -4, 20)
Location(45, 3, -5, 20)
Location(46, 3, -6, 20)
Location(47, 3, -7, 20)
Location(48, 3, -8, 20)
Location(49, 3, -9, 20)
Location(50, 3, -10, 40)
Location(51, 3, 1, 20)
Location(52, 3, 2, 20)
Location(53, 3, 3, 20)
Location(54, 3, 4, 20)
Location(55, 3, 5, 20)
Location(56, 3, 6, 20)
Location(57, 3, 7, 20)
Location(58, 3, 8, 20)
Location(59, 3, 9, 20)
Location(60, 3, 10, 40)
Location(61, 4, -1, 20)
Location(62, 4, -2, 20)
Location(63, 4, -3, 20)
Location(64, 4, -4, 20)
Location(65, 4, -5, 20)
Location(66, 4, -6, 20)
Location(67, 4, -7, 20)
Location(68, 4, -8, 20)
Location(69, 4, -9, 20)
Location(70, 4, -10, 40)
Location(71, 4, 1, 20)
Location(72, 4, 2, 20)
Location(73, 4, 3, 20)
Location(74, 4, 4, 20)
Location(75, 4, 5, 20)
Location(76, 4, 6, 20)
Location(77, 4, 7, 20)
Location(78, 4, 8, 20)
Location(79, 4, 9, 20)
Location(80, 4, 10, 40)
Location(81, 5, -1, 20)
Location(82, 5, -2, 20)
Location(83, 5, -3, 20)
Location(84, 5, -4, 20)
Location(85, 5, -5, 20)
Location(86, 5, -6, 20)
Location(87, 5, -7, 20)
Location(88, 5, -8, 20)
Location(89, 5, -9, 20)
Location(90, 5, -10, 40)
Location(91, 5, 1, 20)
Location(92, 5, 2, 20)
Location(93, 5, 3, 20)
Location(94, 5, 4, 20)
Location(95, 5, 5, 20)
Location(96, 5, 6, 20)
Location(97, 5, 7, 20)
Location(98, 5, 8, 20)
Location(99, 5, 9, 20)
Location(100, 5, 10, 40)

Frequencias: [102, 149, 80, 80, 84, 78, 89, 87, 8, 8, 4, 12, 12, 6, 10, 9, 11, 12, 7, 12, 17, 25, 12, 5, 15, 16, 8, 13, 11, 6, 10, 8, 10, 19, 11, 17, 9, 10, 5, 0]

Matriz de coocorrencia: 
40×40 Matrix{Int64}:
  0  77  53  42  47  49  53  48  4  6  1   9  9  0  7  2  4   6  3   5  6  15  5  3   6   8  5  5  7  4  1  3  5  12  2  6  5  3  1  0
 77   0  62  61  67  58  74  68  8  6  2  11  8  3  8  8  6  10  3  11  8  10  6  4  10  12  4  8  7  5  9  7  6   8  5  8  6  8  3  0
 53  62   0  35  40  29  39  40  2  2  1   8  5  2  3  4  4   4  2   5  7   7  4  3   9   6  4  6  4  3  4  5  3   8  3  5  4  4  2  0
 42  61  35   0  37  46  37  42  1  3  1   4  6  4  4  4  5   7  4   7  9  10  7  1   5   5  5  4  3  4  4  4  3   4  3  7  3  5  3  0
 47  67  40  37   0  36  46  40  3  2  2   8  5  2  6  5  3   4  5   4  7   7  5  1   7   8  2  5  5  4  7  3  2  10  4  4  4  3  2  0
 49  58  29  46  36   0  42  39  3  3  2   4  5  2  3  5  6   7  2   2  7  11  5  2   7   4  5  6  4  2  5  3  3   4  6  6  4  1  1  0
 53  74  39  37  46  42   0  45  5  5  2   4  6  1  4  5  4   5  5   5  7   7  6  3   6   9  4  7  5  3  3  3  4  10  3  6  6  4  2  0
 48  68  40  42  40  39  45   0  3  3  4   5  5  4  4  4  4   6  3   8  9   6  5  2   3   7  5  2  3  5  3  3  5   8  3  8  0  4  4  0
  4   8   2   1   3   3   5   3  0  1  0   0  0  0  0  0  0   0  0   0  0   1  0  0   0   0  1  1  0  1  0  0  0   0  0  0  1  0  0  0
  6   6   2   3   2   3   5   3  1  0  0   0  2  0  0  1  0   0  0   1  0   4  0  0   0   2  1  0  1  0  0  1  2   1  0  1  0  0  0  0
  1   2   1   1   2   2   2   4  0  0  0   0  0  0  0  0  1   0  0   0  0   1  0  1   0   1  0  0  0  0  1  1  1   0  0  2  0  0  0  0
  9  11   8   4   8   4   4   5  0  0  0   0  2  2  1  0  1   0  0   1  0   1  0  0   0   0  0  0  1  1  2  1  1   1  1  0  0  1  0  0
  9   8   5   6   5   5   6   5  0  2  0   2  0  1  0  1  0   0  0   1  1   1  0  0   0   0  0  0  2  0  0  0  2   1  1  2  0  0  0  0
  0   3   2   4   2   2   1   4  0  0  0   2  1  0  0  0  1   0  0   1  1   1  0  0   1   1  0  0  0  1  1  0  0   1  1  1  0  0  1  0
  7   8   3   4   6   3   4   4  0  0  0   1  0  0  0  0  2   2  0   0  1   2  0  1   0   0  1  2  1  1  2  0  1   2  0  0  1  2  1  0
  2   8   4   4   5   5   5   4  0  1  0   0  1  0  0  0  1   0  0   0  0   1  1  0   1   0  1  0  1  0  0  0  0   1  1  0  0  0  0  0
  4   6   4   5   3   6   4   4  0  0  1   1  0  1  2  1  0   1  0   0  1   0  1  0   0   0  0  1  0  0  2  0  0   1  2  2  2  2  2  0
  6  10   4   7   4   7   5   6  0  0  0   0  0  0  2  0  1   0  0   2  0   0  0  0   1   1  0  2  1  0  1  0  0   1  1  1  1  2  0  0
  3   3   2   4   5   2   5   3  0  0  0   0  0  0  0  0  0   0  0   0  1   1  2  0   1   1  0  0  1  0  0  0  0   1  0  0  1  0  0  0
  5  11   5   7   4   2   5   8  0  1  0   1  1  1  0  0  0   2  0   0  2   1  1  0   1   1  0  0  1  1  1  0  0   0  0  0  0  0  0  0
  6   8   7   9   7   7   7   9  0  0  0   0  1  1  1  0  1   0  1   2  0   2  1  0   1   0  1  0  0  2  2  2  0   1  1  1  0  2  2  0
 15  10   7  10   7  11   7   6  1  4  1   1  1  1  2  1  0   0  1   1  2   0  0  1   1   3  3  3  4  1  1  2  4   1  0  0  2  1  0  0
  5   6   4   7   5   5   6   5  0  0  0   0  0  0  0  1  1   0  2   1  1   0  0  0   0   2  0  1  0  1  1  1  0   1  0  0  0  0  0  0
  3   4   3   1   1   2   3   2  0  0  1   0  0  0  1  0  0   0  0   0  0   1  0  0   1   0  1  1  0  0  0  0  0   0  1  1  0  0  0  0
  6  10   9   5   7   7   6   3  0  0  0   0  0  1  0  1  0   1  1   1  1   1  0  1   0   2  0  0  0  0  1  0  0   2  2  1  0  1  0  0
  8  12   6   5   8   4   9   7  0  2  1   0  0  1  0  0  0   1  1   1  0   3  2  0   2   0  2  0  1  1  0  0  1   3  0  0  0  0  0  0
  5   4   4   5   2   5   4   5  1  1  0   0  0  0  1  1  0   0  0   0  1   3  0  1   0   2  0  2  1  0  0  0  0   1  0  0  0  0  0  0
  5   8   6   4   5   6   7   2  1  0  0   0  0  0  2  0  1   2  0   0  0   3  1  1   0   0  2  0  1  0  0  1  1   2  1  1  2  1  0  0
  7   7   4   3   5   4   5   3  0  1  0   1  2  0  1  1  0   1  1   1  0   4  0  0   0   1  1  1  0  0  0  1  1   0  1  0  0  0  0  0
  4   5   3   4   4   2   3   5  1  0  0   1  0  1  1  0  0   0  0   1  2   1  1  0   0   1  0  0  0  0  0  0  0   0  0  0  0  0  0  0
  1   9   4   4   7   5   3   3  0  0  1   2  0  1  2  0  2   1  0   1  2   1  1  0   1   0  0  0  0  0  0  1  1   0  1  0  1  0  1  0
  3   7   5   4   3   3   3   3  0  1  1   1  0  0  0  0  0   0  0   0  2   2  1  0   0   0  0  1  1  0  1  0  1   1  0  2  0  1  0  0
  5   6   3   3   2   3   4   5  0  2  1   1  2  0  1  0  0   0  0   0  0   4  0  0   0   1  0  1  1  0  1  1  0   1  0  1  1  1  1  0
 12   8   8   4  10   4  10   8  0  1  0   1  1  1  2  1  1   1  1   0  1   1  1  0   2   3  1  2  0  0  0  1  1   0  1  0  4  2  0  0
  2   5   3   3   4   6   3   3  0  0  0   1  1  1  0  1  2   1  0   0  1   0  0  1   2   0  0  1  1  0  1  0  0   1  0  0  0  0  1  0
  6   8   5   7   4   6   6   8  0  1  2   0  2  1  0  0  2   1  0   0  1   0  0  1   1   0  0  1  0  0  0  2  1   0  0  0  0  1  1  0
  5   6   4   3   4   4   6   0  1  0  0   0  0  0  1  0  2   1  1   0  0   2  0  0   0   0  0  2  0  0  1  0  1   4  0  0  0  0  0  0
  3   8   4   5   3   1   4   4  0  0  0   1  0  0  2  0  2   2  0   0  2   1  0  0   1   0  0  1  0  0  0  1  1   2  0  1  0  0  2  0
  1   3   2   3   2   1   2   4  0  0  0   0  0  1  1  0  2   0  0   0  2   0  0  0   0   0  0  0  0  0  1  0  1   0  1  1  0  2  0  0
  0   0   0   0   0   0   0   0  0  0  0   0  0  0  0  0  0   0  0   0  0   0  0  0   0   0  0  0  0  0  0  0  0   0  0  0  0  0  0  0
SKU(102, 208.0, 0.07)
SKU(149, 253.0, 0.08)
SKU(80, 111.0, 0.21)
SKU(80, 140.0, 0.1)
SKU(84, 134.0, 0.13)
SKU(78, 158.0, 0.08)
SKU(89, 180.0, 0.07)
SKU(87, 153.0, 0.11)
SKU(8, 33.0, 0.09)
SKU(8, 18.0, 0.21)
SKU(4, 26.0, 0.11)
SKU(12, 47.0, 0.12)
SKU(12, 28.0, 0.19)
SKU(6, 50.0, 0.07)
SKU(10, 66.0, 0.05)
SKU(9, 39.0, 0.09)
SKU(11, 58.0, 0.08)
SKU(12, 35.0, 0.12)
SKU(7, 17.0, 0.26)
SKU(12, 30.0, 0.17)
SKU(17, 73.0, 0.07)
SKU(25, 58.0, 0.16)
SKU(12, 43.0, 0.1)
SKU(5, 55.0, 0.05)
SKU(15, 51.0, 0.11)
SKU(16, 55.0, 0.09)
SKU(8, 28.0, 0.13)
SKU(13, 35.0, 0.16)
SKU(11, 67.0, 0.06)
SKU(6, 59.0, 0.04)
SKU(10, 26.0, 0.15)
SKU(8, 48.0, 0.06)
SKU(10, 55.0, 0.07)
SKU(19, 102.0, 0.05)
SKU(11, 38.0, 0.12)
SKU(17, 36.0, 0.16)
SKU(9, 67.0, 0.04)
SKU(10, 33.0, 0.14)
SKU(5, 26.0, 0.08)
SKU(0, 9.0, 0.12)

extremidades das matrizes:
S_hat: (-0.2374976243457864, 0.5454660094715335)
S_hat * P: (-0.27577416665614146, 0.6181339545504296)
W * S_hat: (-0.0904124881688219, 0.8732385110139068)
W * S_hat * P: (-0.06872716464928258, 0.9903598427241114)
correlacao{S_hat, S_hat_hat} = 0.9097075140210614

Posicao 1 (Corredor 1, Prateleira -1)
   SKU 1 -> 208
   SKU 6 -> 5
   SKU 7 -> 72

Posicao 2 (Corredor 1, Prateleira -2)
   SKU 2 -> 4
   SKU 4 -> 138
   SKU 5 -> 45

Posicao 3 (Corredor 1, Prateleira -3)
   SKU 17 -> 58
   SKU 22 -> 58
   SKU 25 -> 51

Posicao 11 (Corredor 1, Prateleira 1)
   SKU 4 -> 2
   SKU 6 -> 153
   SKU 7 -> 108

Posicao 12 (Corredor 1, Prateleira 2)
   SKU 5 -> 89
   SKU 15 -> 66
   SKU 34 -> 102

Posicao 13 (Corredor 1, Prateleira 3)
   SKU 16 -> 39
   SKU 32 -> 48
   SKU 35 -> 38

Posicao 21 (Corredor 2, Prateleira -1)
   SKU 2 -> 249
   SKU 30 -> 2

Posicao 22 (Corredor 2, Prateleira -2)
   SKU 3 -> 62
   SKU 21 -> 73
   SKU 30 -> 45

Posicao 23 (Corredor 2, Prateleira -3)
   SKU 13 -> 28
   SKU 14 -> 50
   SKU 20 -> 30

Posicao 31 (Corredor 2, Prateleira 1)
   SKU 8 -> 153
   SKU 30 -> 12
   SKU 37 -> 67

Posicao 32 (Corredor 2, Prateleira 2)
   SKU 3 -> 49
   SKU 26 -> 55
   SKU 29 -> 67

Posicao 33 (Corredor 2, Prateleira 3)
   SKU 9 -> 33
   SKU 10 -> 18
   SKU 31 -> 26

Posicao 41 (Corredor 3, Prateleira -1)
   SKU 12 -> 47
   SKU 23 -> 43
   SKU 33 -> 55

Posicao 42 (Corredor 3, Prateleira -2)
   SKU 24 -> 55
   SKU 27 -> 28
   SKU 38 -> 33

Posicao 51 (Corredor 3, Prateleira 1)
   SKU 18 -> 35
   SKU 28 -> 35
   SKU 36 -> 36

Posicao 52 (Corredor 3, Prateleira 2)
   SKU 11 -> 26
   SKU 19 -> 17
   SKU 39 -> 26

Posicao 61 (Corredor 4, Prateleira -1)
   SKU 40 -> 9

