Rota do Picker 1: [0, 1, 21, 41, 81, 23, 43, 84, 54, 37, 26, 8, 7, 27, 45, 25, 5, 6, 64, 83, 61, 0]
Rota do Picker 2: [0, 93, 1, 21, 23, 43, 63, 25, 26, 7, 5, 81, 61, 41, 24, 82, 0]
Rota do Picker 3: [0, 1, 21, 41, 61, 23, 43, 5, 65, 7, 6, 82, 54, 0]
Rota do Picker 4: [0, 41, 81, 23, 43, 63, 26, 25, 22, 42, 7, 27, 45, 5, 64, 82, 61, 21, 1, 0]
Rota do Picker 5: [0, 82, 5, 41, 81, 21, 24, 8, 26, 84, 45, 25, 46, 6, 23, 43, 44, 65, 61, 1, 0]
Rota do Picker 6: [0, 1, 41, 43, 63, 23, 44, 64, 27, 46, 26, 8, 7, 6, 25, 5, 81, 61, 21, 0]
Rota do Picker 7: [0, 1, 81, 21, 41, 61, 23, 43, 63, 83, 5, 27, 25, 45, 6, 44, 64, 65, 18, 37, 0]
Rota do Picker 8: [0, 1, 41, 61, 82, 24, 64, 44, 45, 83, 43, 23, 25, 5, 26, 6, 21, 81, 0]
Rota do Picker 9: [0, 1, 23, 24, 5, 44, 61, 81, 21, 41, 83, 43, 63, 54, 52, 17, 37, 53, 13, 25, 6, 46, 32, 34, 93, 0]
Rota do Picker 10: [0, 1, 41, 61, 81, 27, 25, 26, 46, 7, 6, 23, 83, 63, 43, 5, 21, 0]
Rota do Picker 11: [0, 1, 21, 46, 8, 27, 7, 63, 83, 43, 25, 5, 45, 23, 82, 61, 41, 0]
Rota do Picker 12: [0, 1, 81, 41, 61, 23, 43, 83, 63, 7, 5, 6, 26, 46, 25, 65, 45, 21, 0]

Caso de teste: SLAPRP_Guo_small_O200_alpha0.2_v9.txt

Distancia Total: 1058.0
Quantidade de Pickers: 12
