Rota do Picker 1: [0, 1, 21, 3, 23, 43, 44, 64, 4, 7, 42, 62, 32, 54, 17, 18, 14, 81, 61, 41, 22, 34, 73, 93, 83, 0]
Rota do Picker 2: [0, 1, 25, 45, 61, 81, 21, 41, 19, 75, 18, 16, 5, 3, 6, 74, 33, 13, 71, 91, 54, 53, 73, 14, 42, 22, 15, 17, 37, 55, 35, 32, 0]
Rota do Picker 3: [0, 1, 42, 23, 43, 63, 83, 4, 24, 5, 6, 62, 25, 45, 3, 61, 41, 21, 81, 32, 55, 33, 64, 44, 26, 7, 17, 12, 0]
Rota do Picker 4: [0, 12, 1, 41, 81, 61, 21, 3, 23, 5, 4, 24, 64, 56, 36, 15, 13, 33, 32, 53, 14, 0]
Rota do Picker 5: [0, 1, 21, 61, 3, 83, 23, 35, 95, 75, 15, 74, 54, 64, 24, 42, 63, 43, 16, 56, 37, 73, 72, 32, 41, 0]
Rota do Picker 6: [0, 21, 61, 1, 41, 3, 63, 7, 5, 72, 32, 31, 4, 24, 44, 84, 55, 37, 14, 15, 35, 56, 6, 23, 0]

Caso de teste: SLAPRP_Guo_small_O100_alpha0.2_v4.txt

Distancia Total: 800.0
Quantidade de Pickers: 6
