Rota do Picker 1: [0, 13, 65, 45, 27, 7, 40, 18, 89, 9, 28, 8, 46, 26, 32, 31, 87, 1, 19, 30, 2, 94, 96, 21, 22, 69, 97, 0]
Rota do Picker 2: [0, 8, 27, 46, 18, 7, 47, 9, 26, 45, 65, 41, 28, 3, 87, 21, 19, 10, 32, 49, 69, 89, 30, 2, 0]
Rota do Picker 3: [0, 50, 65, 49, 45, 69, 89, 47, 7, 87, 30, 9, 27, 10, 8, 46, 26, 0]
Rota do Picker 4: [0, 3, 10, 11, 21, 1, 89, 69, 32, 30, 27, 9, 8, 26, 46, 7, 47, 22, 50, 87, 45, 65, 0]
Rota do Picker 5: [0, 1, 7, 9, 18, 31, 96, 32, 45, 26, 10, 3, 40, 22, 65, 89, 69, 8, 21, 28, 27, 13, 46, 30, 49, 47, 2, 50, 0]
Rota do Picker 6: [0, 1, 21, 27, 50, 22, 19, 10, 28, 65, 89, 96, 30, 40, 69, 49, 13, 18, 46, 26, 8, 7, 47, 9, 45, 41, 0]
Rota do Picker 7: [0, 26, 7, 8, 9, 69, 30, 50, 27, 45, 89, 46, 49, 28, 10, 0]
Rota do Picker 8: [0, 18, 46, 21, 27, 47, 45, 19, 31, 7, 8, 9, 13, 39, 96, 1, 20, 60, 0]
Rota do Picker 9: [0, 8, 10, 30, 9, 19, 96, 89, 49, 1, 50, 65, 18, 69, 21, 7, 26, 46, 45, 87, 41, 22, 47, 27, 0]
Rota do Picker 10: [0, 27, 40, 96, 12, 74, 37, 57, 55, 94, 7, 31, 50, 19, 59, 20, 60, 98, 18, 51, 39, 13, 10, 46, 0]
Rota do Picker 11: [0, 1, 10, 45, 65, 26, 22, 32, 64, 30, 2, 87, 50, 31, 96, 89, 69, 9, 7, 21, 18, 49, 46, 47, 27, 8, 0]
Rota do Picker 12: [0, 21, 7, 27, 9, 26, 45, 18, 40, 46, 1, 19, 87, 10, 22, 47, 8, 96, 30, 2, 31, 13, 65, 0]
Rota do Picker 13: [0, 1, 31, 51, 57, 77, 46, 9, 0]
Rota do Picker 14: [0, 3, 64, 8, 9, 27, 87, 10, 65, 26, 1, 46, 49, 45, 21, 7, 41, 2, 22, 47, 30, 69, 89, 0]

Caso de teste: SLAPRP_Guo_small_O200_alpha0.2_v8.txt

Distancia Total: 2760.0
Quantidade de Pickers: 14
