Rota do Picker 1: [0, 1, 21, 41, 14, 91, 22, 42, 55, 74, 73, 75, 34, 13, 51, 35, 17, 52, 36, 62, 18, 37, 0]
Rota do Picker 2: [0, 45, 24, 44, 42, 46, 22, 63, 83, 72, 5, 61, 82, 62, 3, 1, 92, 52, 43, 23, 41, 21, 73, 93, 0]
Rota do Picker 3: [0, 21, 41, 42, 82, 61, 24, 64, 83, 3, 4, 25, 43, 63, 6, 72, 45, 44, 62, 23, 22, 5, 1, 0]
Rota do Picker 4: [0, 1, 41, 42, 62, 56, 0]
Rota do Picker 5: [0, 46, 43, 45, 26, 25, 62, 8, 83, 27, 82, 6, 42, 22, 64, 4, 3, 21, 23, 44, 24, 7, 5, 61, 41, 1, 0]

Caso de teste: SLAPRP_Guo_small_O50_alpha0.3_v9.txt

Distancia Total: 660.0
Quantidade de Pickers: 5
