Rota do Picker 1: [0, 1, 21, 61, 23, 43, 63, 83, 42, 62, 82, 71, 91, 15, 74, 7, 27, 4, 24, 5, 6, 8, 9, 85, 45, 25, 3, 0]
Rota do Picker 2: [0, 1, 61, 81, 4, 17, 34, 36, 16, 35, 54, 74, 66, 45, 5, 63, 43, 23, 21, 0]
Rota do Picker 3: [0, 1, 61, 4, 24, 66, 6, 5, 55, 35, 15, 33, 73, 23, 63, 43, 27, 7, 21, 0]
Rota do Picker 4: [0, 1, 21, 5, 25, 4, 24, 33, 53, 14, 46, 26, 6, 8, 27, 34, 54, 74, 17, 16, 82, 62, 42, 3, 23, 63, 15, 35, 55, 61, 0]
Rota do Picker 5: [0, 1, 61, 81, 21, 4, 24, 64, 5, 23, 43, 63, 7, 47, 46, 6, 25, 84, 14, 74, 54, 45, 85, 65, 71, 51, 0]
Rota do Picker 6: [0, 42, 62, 6, 5, 25, 15, 73, 16, 54, 13, 32, 36, 9, 7, 24, 4, 23, 43, 63, 65, 45, 21, 1, 61, 81, 72, 92, 0]
Rota do Picker 7: [0, 1, 21, 42, 62, 5, 8, 15, 17, 52, 72, 92, 16, 35, 55, 14, 3, 47, 61, 34, 54, 53, 73, 33, 63, 43, 23, 4, 44, 24, 0]
Rota do Picker 8: [0, 1, 21, 4, 43, 63, 23, 3, 7, 5, 45, 25, 24, 15, 14, 73, 33, 34, 35, 93, 53, 91, 71, 51, 0]
Rota do Picker 9: [0, 51, 11, 71, 3, 23, 83, 63, 42, 62, 82, 8, 46, 65, 85, 45, 5, 84, 64, 44, 24, 81, 61, 21, 1, 2, 27, 6, 0]
Rota do Picker 10: [0, 1, 21, 61, 23, 43, 6, 26, 63, 3, 54, 16, 36, 14, 74, 8, 5, 64, 44, 84, 24, 4, 0]
Rota do Picker 11: [0, 1, 21, 61, 5, 24, 44, 22, 42, 4, 25, 45, 85, 27, 7, 65, 43, 83, 46, 66, 3, 14, 15, 55, 35, 34, 73, 23, 0]
Rota do Picker 12: [0, 32, 12, 1, 61, 23, 43, 63, 8, 5, 64, 84, 24, 4, 9, 26, 66, 14, 34, 92, 72, 6, 45, 25, 21, 0]

Caso de teste: SLAPRP_Guo_small_O200_alpha0.2_v8.txt

Distancia Total: 1422.0
Quantidade de Pickers: 12
