Rota do Picker 1: [0, 1, 22, 12, 74, 40, 78, 59, 97, 13, 33, 93, 55, 57, 77, 39, 20, 18, 76, 51, 11, 0]
Rota do Picker 2: [0, 21, 26, 46, 27, 9, 10, 45, 65, 87, 74, 76, 97, 77, 55, 93, 33, 13, 41, 22, 60, 40, 47, 7, 28, 42, 1, 0]
Rota do Picker 3: [0, 14, 94, 55, 76, 77, 37, 57, 39, 40, 7, 27, 30, 10, 83, 3, 64, 45, 48, 9, 28, 46, 26, 1, 0]
Rota do Picker 4: [0, 20, 60, 40, 37, 74, 7, 47, 10, 4, 41, 3, 45, 28, 9, 27, 46, 26, 22, 1, 0]
Rota do Picker 5: [0, 42, 45, 26, 46, 27, 9, 28, 65, 30, 14, 74, 21, 1, 2, 33, 0]
Rota do Picker 6: [0, 11, 52, 93, 33, 74, 57, 77, 20, 40, 78, 3, 30, 50, 46, 4, 26, 27, 9, 10, 28, 45, 42, 21, 1, 41, 0]
Rota do Picker 7: [0, 11, 37, 57, 60, 40, 74, 45, 9, 87, 27, 46, 26, 30, 28, 22, 0]
Rota do Picker 8: [0, 76, 55, 74, 14, 1, 21, 2, 10, 4, 64, 13, 60, 40, 33, 28, 26, 46, 9, 27, 45, 42, 83, 3, 41, 0]
Rota do Picker 9: [0, 21, 45, 65, 27, 9, 46, 74, 20, 60, 26, 28, 50, 10, 7, 4, 22, 1, 0]
Rota do Picker 10: [0, 41, 45, 27, 48, 28, 9, 47, 7, 87, 10, 50, 20, 74, 55, 93, 13, 21, 1, 42, 3, 65, 4, 64, 12, 46, 26, 22, 0]
Rota do Picker 11: [0, 26, 3, 27, 87, 10, 30, 13, 74, 94, 37, 60, 20, 42, 41, 22, 51, 32, 55, 75, 76, 77, 97, 12, 71, 11, 93, 18, 39, 40, 57, 14, 1, 0]
Rota do Picker 12: [0, 11, 74, 33, 45, 30, 9, 26, 4, 10, 65, 46, 27, 7, 47, 28, 48, 42, 2, 0]

Caso de teste: SLAPRP_Guo_small_O200_alpha0.2_v7.txt

Distancia Total: 1750.0
Quantidade de Pickers: 12
