Rota do Picker 1: [0, 55, 15, 13, 73, 94, 75, 93, 17, 37, 6, 26, 44, 24, 63, 3, 7, 81, 61, 41, 21, 1, 5, 0]
Rota do Picker 2: [0, 1, 21, 41, 61, 81, 13, 15, 94, 43, 3, 8, 17, 75, 95, 55, 5, 27, 26, 73, 0]
Rota do Picker 3: [0, 4, 5, 1, 21, 41, 61, 3, 43, 64, 26, 6, 25, 45, 75, 55, 15, 17, 18, 13, 0]
Rota do Picker 4: [0, 15, 21, 1, 41, 61, 3, 11, 95, 46, 6, 83, 74, 94, 54, 35, 63, 34, 14, 13, 64, 44, 5, 7, 0]
Rota do Picker 5: [0, 1, 21, 61, 41, 5, 8, 62, 45, 43, 3, 13, 54, 36, 15, 0]
Rota do Picker 6: [0, 41, 1, 6, 46, 3, 18, 54, 74, 55, 37, 35, 2, 64, 24, 93, 73, 17, 15, 13, 81, 61, 21, 0]

Caso de teste: SLAPRP_Guo_small_O100_alpha0.4_v6.txt

Distancia Total: 708.0
Quantidade de Pickers: 6
