Rota do Picker 1: [0, 68, 8, 84, 69, 22, 87, 26, 46, 45, 10, 9, 47, 7, 41, 21, 30, 67, 27, 64, 1, 36, 0]
Rota do Picker 2: [0, 1, 7, 8, 9, 69, 30, 46, 45, 41, 26, 27, 47, 87, 68, 67, 0]
Rota do Picker 3: [0, 8, 10, 20, 27, 45, 61, 64, 1, 41, 3, 83, 7, 26, 46, 68, 22, 36, 21, 23, 67, 9, 69, 37, 87, 0]
Rota do Picker 4: [0, 7, 27, 87, 26, 46, 45, 30, 9, 8, 10, 47, 68, 89, 69, 0]
Rota do Picker 5: [0, 61, 12, 41, 31, 75, 19, 7, 77, 40, 39, 20, 18, 55, 11, 57, 94, 47, 93, 76, 37, 74, 83, 36, 0]
Rota do Picker 6: [0, 67, 22, 41, 69, 10, 30, 47, 89, 9, 61, 21, 83, 8, 64, 3, 45, 46, 87, 7, 68, 27, 26, 1, 0]
Rota do Picker 7: [0, 20, 10, 84, 64, 37, 87, 9, 3, 83, 11, 26, 8, 7, 1, 89, 41, 21, 22, 67, 61, 69, 36, 46, 47, 27, 45, 23, 0]
Rota do Picker 8: [0, 61, 7, 26, 45, 36, 20, 64, 8, 9, 89, 83, 10, 21, 37, 47, 27, 41, 30, 46, 33, 84, 87, 23, 0]
Rota do Picker 9: [0, 1, 7, 26, 45, 87, 67, 27, 9, 10, 30, 8, 89, 47, 69, 68, 46, 0]
Rota do Picker 10: [0, 64, 47, 68, 23, 67, 83, 41, 45, 10, 69, 36, 84, 7, 21, 3, 46, 8, 27, 87, 89, 37, 9, 26, 1, 0]
Rota do Picker 11: [0, 12, 55, 75, 93, 19, 1, 98, 31, 74, 76, 77, 39, 36, 59, 57, 7, 97, 40, 18, 33, 11, 94, 20, 21, 61, 0]

Caso de teste: SLAPRP_Guo_small_O200_alpha0.3_v3.txt

Distancia Total: 2142.0
Quantidade de Pickers: 11
