Rota do Picker 1: [0, 1, 41, 61, 81, 3, 16, 0]
Rota do Picker 2: [0, 1, 3, 81, 41, 61, 23, 6, 8, 83, 4, 5, 7, 21, 24, 42, 82, 45, 44, 26, 43, 25, 22, 27, 34, 46, 64, 0]
Rota do Picker 3: [0, 1, 21, 3, 23, 17, 45, 11, 34, 82, 62, 24, 4, 42, 22, 5, 6, 7, 64, 44, 43, 15, 81, 41, 61, 27, 72, 0]
Rota do Picker 4: [0, 64, 23, 5, 41, 15, 8, 26, 6, 65, 22, 46, 43, 81, 44, 82, 62, 42, 24, 4, 3, 21, 1, 0]
Rota do Picker 5: [0, 35, 53, 74, 93, 73, 22, 41, 72, 32, 12, 1, 33, 4, 24, 25, 14, 17, 0]

Caso de teste: SLAPRP_Guo_small_O50_alpha0.3_v7.txt

Distancia Total: 650.0
Quantidade de Pickers: 5
