Rota do Picker 1: [0, 41, 2, 42, 48, 30, 36, 27, 26, 22, 46, 85, 45, 21, 4, 8, 33, 10, 61, 9, 1, 3, 87, 7, 83, 23, 50, 0]
Rota do Picker 2: [0, 85, 1, 33, 39, 96, 97, 30, 10, 78, 20, 34, 41, 94, 93, 13, 50, 77, 18, 17, 32, 21, 40, 26, 0]
Rota do Picker 3: [0, 21, 3, 26, 10, 48, 34, 42, 27, 9, 30, 36, 1, 4, 45, 7, 50, 46, 87, 8, 0]
Rota do Picker 4: [0, 96, 94, 93, 30, 77, 39, 78, 18, 37, 17, 32, 21, 40, 1, 61, 13, 20, 33, 36, 34, 72, 97, 0]
Rota do Picker 5: [0, 96, 97, 94, 14, 40, 39, 36, 77, 17, 93, 13, 21, 20, 60, 37, 78, 18, 32, 61, 41, 0]
Rota do Picker 6: [0, 32, 21, 36, 45, 61, 72, 93, 94, 77, 97, 50, 14, 78, 10, 20, 17, 37, 18, 85, 30, 0]
Rota do Picker 7: [0, 32, 93, 18, 39, 77, 96, 41, 17, 37, 97, 20, 60, 13, 40, 14, 42, 21, 78, 36, 0]
Rota do Picker 8: [0, 85, 42, 13, 33, 97, 36, 39, 10, 1, 21, 93, 60, 30, 78, 20, 50, 72, 77, 96, 18, 17, 14, 32, 61, 41, 0]
Rota do Picker 9: [0, 45, 2, 21, 26, 46, 40, 36, 85, 14, 10, 3, 83, 96, 41, 13, 8, 42, 27, 1, 33, 34, 48, 9, 7, 4, 61, 23, 0]
Rota do Picker 10: [0, 1, 21, 26, 46, 9, 45, 8, 83, 3, 48, 23, 4, 34, 10, 27, 7, 42, 2, 0]
Rota do Picker 11: [0, 26, 36, 32, 18, 30, 0]
Rota do Picker 12: [0, 61, 32, 96, 27, 45, 83, 23, 4, 13, 60, 8, 7, 22, 2, 20, 36, 48, 1, 9, 46, 34, 41, 3, 40, 10, 26, 42, 21, 0]
Rota do Picker 13: [0, 48, 21, 96, 41, 45, 60, 40, 9, 46, 26, 61, 0]

Caso de teste: SLAPRP_Guo_small_O200_alpha0.4_v2.txt

Distancia Total: 2606.0
Quantidade de Pickers: 13
