SKUs: 40
Pedidos: 104

Primeiro pedido:
Order(1, [3, 5, 6, 7, 8, 10, 33])

Ultimo pedido:
Order(104, [1, 2, 6, 7, 8, 10, 26, 27])

Location(1, 1, -1, 20)
Location(2, 1, -2, 20)
Location(3, 1, -3, 20)
Location(4, 1, -4, 20)
Location(5, 1, -5, 20)
Location(6, 1, -6, 20)
Location(7, 1, -7, 20)
Location(8, 1, -8, 20)
Location(9, 1, -9, 20)
Location(10, 1, -10, 40)
Location(11, 1, 1, 20)
Location(12, 1, 2, 20)
Location(13, 1, 3, 20)
Location(14, 1, 4, 20)
Location(15, 1, 5, 20)
Location(16, 1, 6, 20)
Location(17, 1, 7, 20)
Location(18, 1, 8, 20)
Location(19, 1, 9, 20)
Location(20, 1, 10, 40)
Location(21, 2, -1, 20)
Location(22, 2, -2, 20)
Location(23, 2, -3, 20)
Location(24, 2, -4, 20)
Location(25, 2, -5, 20)
Location(26, 2, -6, 20)
Location(27, 2, -7, 20)
Location(28, 2, -8, 20)
Location(29, 2, -9, 20)
Location(30, 2, -10, 40)
Location(31, 2, 1, 20)
Location(32, 2, 2, 20)
Location(33, 2, 3, 20)
Location(34, 2, 4, 20)
Location(35, 2, 5, 20)
Location(36, 2, 6, 20)
Location(37, 2, 7, 20)
Location(38, 2, 8, 20)
Location(39, 2, 9, 20)
Location(40, 2, 10, 40)
Location(41, 3, -1, 20)
Location(42, 3, -2, 20)
Location(43, 3, -3, 20)
Location(44, 3, -4, 20)
Location(45, 3, -5, 20)
Location(46, 3, -6, 20)
Location(47, 3, -7, 20)
Location(48, 3, -8, 20)
Location(49, 3, -9, 20)
Location(50, 3, -10, 40)
Location(51, 3, 1, 20)
Location(52, 3, 2, 20)
Location(53, 3, 3, 20)
Location(54, 3, 4, 20)
Location(55, 3, 5, 20)
Location(56, 3, 6, 20)
Location(57, 3, 7, 20)
Location(58, 3, 8, 20)
Location(59, 3, 9, 20)
Location(60, 3, 10, 40)
Location(61, 4, -1, 20)
Location(62, 4, -2, 20)
Location(63, 4, -3, 20)
Location(64, 4, -4, 20)
Location(65, 4, -5, 20)
Location(66, 4, -6, 20)
Location(67, 4, -7, 20)
Location(68, 4, -8, 20)
Location(69, 4, -9, 20)
Location(70, 4, -10, 40)
Location(71, 4, 1, 20)
Location(72, 4, 2, 20)
Location(73, 4, 3, 20)
Location(74, 4, 4, 20)
Location(75, 4, 5, 20)
Location(76, 4, 6, 20)
Location(77, 4, 7, 20)
Location(78, 4, 8, 20)
Location(79, 4, 9, 20)
Location(80, 4, 10, 40)
Location(81, 5, -1, 20)
Location(82, 5, -2, 20)
Location(83, 5, -3, 20)
Location(84, 5, -4, 20)
Location(85, 5, -5, 20)
Location(86, 5, -6, 20)
Location(87, 5, -7, 20)
Location(88, 5, -8, 20)
Location(89, 5, -9, 20)
Location(90, 5, -10, 40)
Location(91, 5, 1, 20)
Location(92, 5, 2, 20)
Location(93, 5, 3, 20)
Location(94, 5, 4, 20)
Location(95, 5, 5, 20)
Location(96, 5, 6, 20)
Location(97, 5, 7, 20)
Location(98, 5, 8, 20)
Location(99, 5, 9, 20)
Location(100, 5, 10, 40)

Frequencias: [47, 42, 46, 47, 42, 44, 48, 77, 5, 7, 5, 11, 6, 5, 4, 4, 6, 6, 5, 5, 8, 5, 4, 3, 6, 6, 5, 6, 6, 4, 1, 6, 10, 10, 6, 7, 2, 7, 5, 0]

Matriz de coocorrencia: 
40×40 Matrix{Int64}:
  0  21  24  22  22  24  24  35  3  4  2  8  5  1  2  3  4  3  1  4  2  2  1  0  2  2  2  3  3  2  0  1  3  6  1  2  1  2  1  0
 21   0  16  20  16  22  21  29  3  4  3  7  4  1  2  1  1  3  1  3  3  3  1  2  2  4  1  3  4  1  0  4  3  2  3  4  0  4  1  0
 24  16   0  27  26  21  23  35  3  2  1  6  4  3  2  4  3  2  3  1  2  0  2  1  4  2  2  3  2  3  0  3  4  5  1  2  2  3  2  0
 22  20  27   0  22  23  21  36  2  3  1  4  4  3  2  2  3  5  2  3  4  1  1  0  1  2  3  4  2  3  0  3  4  3  2  5  1  4  3  0
 22  16  26  22   0  17  26  34  2  1  4  6  2  2  2  3  2  2  3  2  2  3  1  0  4  1  0  3  4  3  1  3  3  5  1  1  1  4  2  0
 24  22  21  23  17   0  20  32  3  3  2  3  3  3  2  0  3  4  1  2  3  3  1  1  4  2  4  3  1  2  1  2  5  3  4  3  1  1  2  0
 24  21  23  21  26  20   0  38  3  4  3  5  3  1  1  3  4  2  4  2  3  3  3  1  2  3  2  4  4  1  0  3  4  5  2  3  2  3  1  0
 35  29  35  36  34  32  38   0  3  3  3  4  5  4  2  4  5  5  3  3  3  3  3  2  3  3  2  3  5  3  1  3  8  4  2  6  0  5  5  0
  3   3   3   2   2   3   3   3  0  1  0  0  0  0  0  0  0  0  0  0  0  1  0  0  0  0  1  1  0  1  0  0  0  0  0  0  0  0  0  0
  4   4   2   3   1   3   4   3  1  0  0  0  0  0  0  0  0  0  1  1  0  2  0  0  0  3  2  0  0  0  0  0  2  0  0  0  0  0  0  0
  2   3   1   1   4   2   3   3  0  0  0  1  0  0  0  0  0  0  0  0  1  1  0  1  0  1  0  1  0  0  1  1  1  0  0  1  0  0  0  0
  8   7   6   4   6   3   5   4  0  0  1  0  2  1  0  0  0  0  0  2  0  1  0  0  0  0  0  0  1  0  0  1  0  1  0  0  0  0  0  0
  5   4   4   4   2   3   3   5  0  0  0  2  0  1  0  0  1  0  0  1  0  0  0  0  0  0  0  0  1  0  0  0  1  0  0  1  0  0  0  0
  1   1   3   3   2   3   1   4  0  0  0  1  1  0  0  0  2  0  0  0  0  0  0  0  1  1  0  0  0  0  0  0  0  1  1  1  0  0  2  0
  2   2   2   2   2   2   1   2  0  0  0  0  0  0  0  0  1  1  0  0  0  0  0  0  1  0  1  1  0  1  0  0  0  1  0  0  0  2  0  0
  3   1   4   2   3   0   3   4  0  0  0  0  0  0  0  0  0  0  0  0  0  0  0  0  1  0  0  0  1  0  0  0  1  0  1  0  0  0  0  0
  4   1   3   3   2   3   4   5  0  0  0  0  1  2  1  0  0  0  0  0  1  0  1  0  0  0  0  1  0  0  0  0  0  1  1  0  0  2  3  0
  3   3   2   5   2   4   2   5  0  0  0  0  0  0  1  0  0  0  0  0  0  0  0  0  0  0  0  2  2  0  0  0  0  1  1  1  0  1  0  0
  1   1   3   2   3   1   4   3  0  1  0  0  0  0  0  0  0  0  0  0  1  0  1  0  1  2  1  0  0  0  0  0  0  1  0  0  0  1  0  0
  4   3   1   3   2   2   2   3  0  1  0  2  1  0  0  0  0  0  0  0  0  0  0  0  1  0  0  0  1  0  0  0  0  0  0  0  0  0  0  0
  2   3   2   4   2   3   3   3  0  0  1  0  0  0  0  0  1  0  1  0  0  0  0  0  1  0  1  1  0  0  0  2  0  0  0  1  0  2  1  0
  2   3   0   1   3   3   3   3  1  2  1  1  0  0  0  0  0  0  0  0  0  0  0  0  0  1  0  0  0  0  1  1  2  0  0  0  0  0  0  0
  1   1   2   1   1   1   3   3  0  0  0  0  0  0  0  0  1  0  1  0  0  0  0  0  0  1  0  1  0  0  0  0  0  1  0  0  0  0  0  0
  0   2   1   0   0   1   1   2  0  0  1  0  0  0  0  0  0  0  0  0  0  0  0  0  1  0  0  0  0  0  0  0  0  0  1  1  0  0  0  0
  2   2   4   1   4   4   2   3  0  0  0  0  0  1  1  1  0  0  1  1  1  0  0  1  0  1  0  0  0  0  0  0  0  1  1  0  0  0  0  0
  2   4   2   2   1   2   3   3  0  3  1  0  0  1  0  0  0  0  2  0  0  1  1  0  1  0  2  0  0  0  0  0  1  1  0  0  0  0  0  0
  2   1   2   3   0   4   2   2  1  2  0  0  0  0  1  0  0  0  1  0  1  0  0  0  0  2  0  0  0  1  0  0  0  0  0  0  0  0  0  0
  3   3   3   4   3   3   4   3  1  0  1  0  0  0  1  0  1  2  0  0  1  0  1  0  0  0  0  0  0  0  0  0  1  1  1  0  1  1  0  0
  3   4   2   2   4   1   4   5  0  0  0  1  1  0  0  1  0  2  0  1  0  0  0  0  0  0  0  0  0  0  0  1  0  0  1  0  0  0  0  0
  2   1   3   3   3   2   1   3  1  0  0  0  0  0  1  0  0  0  0  0  0  0  0  0  0  0  1  0  0  0  0  0  0  0  0  0  0  0  0  0
  0   0   0   0   1   1   0   1  0  0  1  0  0  0  0  0  0  0  0  0  0  1  0  0  0  0  0  0  0  0  0  1  1  0  0  0  0  0  0  0
  1   4   3   3   3   2   3   3  0  0  1  1  0  0  0  0  0  0  0  0  2  1  0  0  0  0  0  0  1  0  1  0  1  1  0  1  0  1  0  0
  3   3   4   4   3   5   4   8  0  2  1  0  1  0  0  1  0  0  0  0  0  2  0  0  0  1  0  1  0  0  1  1  0  1  0  1  1  0  0  0
  6   2   5   3   5   3   5   4  0  0  0  1  0  1  1  0  1  1  1  0  0  0  1  0  1  1  0  1  0  0  0  1  1  0  0  0  2  2  0  0
  1   3   1   2   1   4   2   2  0  0  0  0  0  1  0  1  1  1  0  0  0  0  0  1  1  0  0  1  1  0  0  0  0  0  0  0  0  0  1  0
  2   4   2   5   1   3   3   6  0  0  1  0  1  1  0  0  0  1  0  0  1  0  0  1  0  0  0  0  0  0  0  1  1  0  0  0  0  1  1  0
  1   0   2   1   1   1   2   0  0  0  0  0  0  0  0  0  0  0  0  0  0  0  0  0  0  0  0  1  0  0  0  0  1  2  0  0  0  0  0  0
  2   4   3   4   4   1   3   5  0  0  0  0  0  0  2  0  2  1  1  0  2  0  0  0  0  0  0  1  0  0  0  1  0  2  0  1  0  0  2  0
  1   1   2   3   2   2   1   5  0  0  0  0  0  2  0  0  3  0  0  0  1  0  0  0  0  0  0  0  0  0  0  0  0  0  1  1  0  2  0  0
  0   0   0   0   0   0   0   0  0  0  0  0  0  0  0  0  0  0  0  0  0  0  0  0  0  0  0  0  0  0  0  0  0  0  0  0  0  0  0  0
SKU(47, 191.0, 0.07)
SKU(42, 153.0, 0.08)
SKU(46, 98.0, 0.21)
SKU(47, 150.0, 0.1)
SKU(42, 111.0, 0.13)
SKU(44, 155.0, 0.08)
SKU(48, 180.0, 0.07)
SKU(77, 190.0, 0.11)
SKU(5, 44.0, 0.09)
SKU(7, 30.0, 0.21)
SKU(5, 43.0, 0.11)
SKU(11, 61.0, 0.12)
SKU(6, 31.0, 0.19)
SKU(5, 55.0, 0.07)
SKU(4, 67.0, 0.05)
SKU(4, 45.0, 0.09)
SKU(6, 57.0, 0.08)
SKU(6, 33.0, 0.12)
SKU(5, 23.0, 0.26)
SKU(5, 32.0, 0.17)
SKU(8, 76.0, 0.07)
SKU(5, 27.0, 0.16)
SKU(4, 41.0, 0.1)
SKU(3, 65.0, 0.05)
SKU(6, 46.0, 0.11)
SKU(6, 54.0, 0.09)
SKU(5, 35.0, 0.13)
SKU(6, 36.0, 0.16)
SKU(6, 71.0, 0.06)
SKU(4, 79.0, 0.04)
SKU(1, 20.0, 0.15)
SKU(6, 65.0, 0.06)
SKU(10, 82.0, 0.07)
SKU(10, 103.0, 0.05)
SKU(6, 35.0, 0.12)
SKU(7, 33.0, 0.16)
SKU(2, 54.0, 0.04)
SKU(7, 36.0, 0.14)
SKU(5, 44.0, 0.08)
SKU(0, 12.0, 0.12)

extremidades das matrizes:
S_hat: (-0.20567493210666724, 0.49676073186321035)
S_hat * P: (-0.2374400592044336, 0.5824398955992774)
W * S_hat: (-0.15296574769196136, 0.7861826799177841)
W * S_hat * P: (-0.11098115094229977, 0.9222998451035117)
correlacao{S_hat, S_hat_hat} = 0.8655959843632177

Posicao 1 (Corredor 1, Prateleira -1)
   SKU 1 -> 84
   SKU 2 -> 19
   SKU 7 -> 180

Posicao 2 (Corredor 1, Prateleira -2)
   SKU 4 -> 110
   SKU 32 -> 64
   SKU 34 -> 103

Posicao 3 (Corredor 1, Prateleira -3)
   SKU 12 -> 61
   SKU 14 -> 55
   SKU 17 -> 57

Posicao 11 (Corredor 1, Prateleira 1)
   SKU 1 -> 107
   SKU 4 -> 1
   SKU 6 -> 155

Posicao 12 (Corredor 1, Prateleira 2)
   SKU 5 -> 77
   SKU 29 -> 70
   SKU 33 -> 82

Posicao 13 (Corredor 1, Prateleira 3)
   SKU 9 -> 44
   SKU 18 -> 33
   SKU 39 -> 44

Posicao 15 (Corredor 1, Prateleira 5)
   SKU 40 -> 12

Posicao 21 (Corredor 2, Prateleira -1)
   SKU 4 -> 39
   SKU 8 -> 146

Posicao 22 (Corredor 2, Prateleira -2)
   SKU 3 -> 64
   SKU 15 -> 67
   SKU 30 -> 79

Posicao 23 (Corredor 2, Prateleira -3)
   SKU 13 -> 31
   SKU 16 -> 45
   SKU 35 -> 35

Posicao 31 (Corredor 2, Prateleira 1)
   SKU 2 -> 134
   SKU 5 -> 34
   SKU 8 -> 44

Posicao 32 (Corredor 2, Prateleira 2)
   SKU 3 -> 34
   SKU 21 -> 76
   SKU 26 -> 54

Posicao 33 (Corredor 2, Prateleira 3)
   SKU 23 -> 41
   SKU 31 -> 20

Posicao 41 (Corredor 3, Prateleira -1)
   SKU 25 -> 46
   SKU 28 -> 36
   SKU 38 -> 36

Posicao 42 (Corredor 3, Prateleira -2)
   SKU 20 -> 32
   SKU 22 -> 27
   SKU 27 -> 35

Posicao 51 (Corredor 3, Prateleira 1)
   SKU 10 -> 30
   SKU 11 -> 43
   SKU 36 -> 33

Posicao 52 (Corredor 3, Prateleira 2)
   SKU 19 -> 23
   SKU 24 -> 65
   SKU 37 -> 54

Posicao 62 (Corredor 4, Prateleira -2)
   SKU 29 -> 1

Posicao 92 (Corredor 5, Prateleira 2)
   SKU 32 -> 1

