Rota do Picker 1: [0, 1, 2, 7, 8, 50, 70, 27, 45, 10, 46, 26, 67, 9, 80, 60, 20, 18, 28, 22, 0]
Rota do Picker 2: [0, 45, 87, 7, 46, 26, 67, 9, 70, 30, 8, 10, 50, 18, 60, 80, 47, 27, 83, 1, 89, 96, 36, 2, 0]
Rota do Picker 3: [0, 45, 65, 8, 67, 87, 7, 27, 9, 10, 30, 46, 26, 21, 50, 20, 18, 36, 97, 37, 2, 1, 0]
Rota do Picker 4: [0, 18, 37, 20, 9, 10, 30, 28, 8, 70, 50, 87, 45, 46, 26, 27, 7, 0]
Rota do Picker 5: [0, 1, 21, 7, 47, 10, 70, 8, 30, 28, 45, 20, 40, 18, 75, 55, 37, 2, 27, 46, 26, 9, 67, 12, 0]
Rota do Picker 6: [0, 12, 77, 60, 40, 39, 59, 18, 20, 87, 27, 7, 45, 74, 80, 55, 28, 65, 47, 8, 9, 0]

Caso de teste: SLAPRP_Guo_small_O100_alpha0.4_v8.txt

Distancia Total: 874.0
Quantidade de Pickers: 6
