Rota do Picker 1: [0, 1, 26, 46, 8, 45, 21, 7, 27, 87, 9, 30, 70, 76, 47, 48, 2, 83, 3, 50, 64, 84, 67, 41, 0]
Rota do Picker 2: [0, 21, 51, 59, 7, 60, 31, 94, 74, 37, 77, 39, 70, 95, 98, 11, 1, 30, 84, 93, 20, 18, 36, 12, 45, 67, 76, 19, 0]
Rota do Picker 3: [0, 21, 8, 76, 45, 20, 7, 9, 48, 46, 60, 97, 36, 67, 10, 27, 87, 19, 26, 37, 3, 64, 31, 0]
Rota do Picker 4: [0, 50, 36, 67, 97, 60, 89, 64, 27, 70, 76, 8, 48, 37, 26, 7, 47, 87, 9, 19, 45, 46, 10, 30, 20, 2, 0]
Rota do Picker 5: [0, 64, 7, 27, 87, 30, 50, 46, 10, 48, 45, 70, 89, 9, 8, 26, 67, 0]
Rota do Picker 6: [0, 47, 87, 89, 1, 7, 10, 45, 83, 30, 27, 67, 41, 64, 48, 9, 50, 8, 46, 26, 37, 0]

Caso de teste: SLAPRP_Guo_small_O100_alpha0.3_v1.txt

Distancia Total: 1406.0
Quantidade de Pickers: 6
