Rota do Picker 1: [0, 41, 2, 26, 8, 9, 87, 20, 45, 1, 36, 7, 46, 60, 69, 76, 52, 68, 27, 4, 10, 21, 50, 0]
Rota do Picker 2: [0, 45, 8, 9, 36, 87, 27, 7, 76, 46, 26, 64, 50, 1, 3, 83, 10, 4, 21, 20, 30, 60, 41, 68, 0]
Rota do Picker 3: [0, 32, 20, 39, 30, 13, 36, 74, 41, 96, 60, 98, 76, 19, 52, 93, 59, 40, 18, 75, 55, 11, 1, 97, 7, 21, 0]
Rota do Picker 4: [0, 7, 27, 87, 9, 10, 45, 8, 46, 68, 30, 26, 69, 50, 0]
Rota do Picker 5: [0, 2, 22, 8, 27, 20, 50, 89, 36, 9, 7, 1, 60, 45, 46, 10, 3, 21, 76, 68, 30, 64, 41, 87, 0]
Rota do Picker 6: [0, 98, 41, 32, 20, 7, 36, 18, 10, 30, 75, 55, 93, 13, 74, 9, 0]
Rota do Picker 7: [0, 76, 10, 46, 45, 20, 87, 68, 9, 8, 3, 83, 7, 30, 22, 26, 89, 50, 2, 1, 36, 27, 41, 0]
Rota do Picker 8: [0, 41, 19, 30, 8, 20, 3, 26, 27, 9, 36, 76, 22, 4, 46, 68, 60, 7, 93, 55, 11, 1, 21, 87, 45, 0]
Rota do Picker 9: [0, 97, 36, 59, 52, 10, 55, 13, 74, 1, 41, 39, 40, 18, 11, 2, 21, 30, 7, 98, 20, 75, 93, 32, 0]
Rota do Picker 10: [0, 1, 26, 45, 10, 87, 68, 50, 69, 9, 2, 7, 8, 46, 27, 30, 0]
Rota do Picker 11: [0, 7, 8, 9, 50, 46, 87, 20, 68, 41, 26, 1, 3, 2, 76, 27, 30, 60, 21, 22, 45, 10, 0]
Rota do Picker 12: [0, 7, 10, 76, 50, 45, 21, 22, 52, 20, 9, 46, 26, 36, 13, 87, 27, 8, 83, 3, 41, 0]
Rota do Picker 13: [0, 41, 45, 9, 30, 7, 8, 46, 87, 4, 50, 26, 27, 10, 68, 69, 0]
Rota do Picker 14: [0, 46, 36, 0]

Caso de teste: SLAPRP_Guo_small_O200_alpha0.2_v10.txt

Distancia Total: 2778.0
Quantidade de Pickers: 14
