Rota do Picker 1: [0, 32, 74, 94, 18, 20, 77, 98, 19, 76, 47, 7, 10, 30, 46, 45, 40, 75, 13, 31, 51, 97, 37, 21, 41, 93, 11, 0]
Rota do Picker 2: [0, 8, 9, 30, 27, 68, 65, 45, 26, 46, 87, 7, 50, 37, 60, 20, 2, 41, 1, 0]
Rota do Picker 3: [0, 45, 8, 10, 50, 27, 87, 30, 9, 26, 7, 47, 3, 83, 46, 65, 22, 2, 21, 20, 96, 0]
Rota do Picker 4: [0, 22, 64, 8, 10, 9, 87, 27, 7, 45, 65, 46, 26, 3, 68, 50, 30, 21, 41, 83, 47, 1, 0]
Rota do Picker 5: [0, 1, 45, 8, 10, 68, 9, 30, 7, 87, 27, 26, 46, 2, 21, 96, 0]
Rota do Picker 6: [0, 31, 74, 75, 10, 45, 65, 8, 30, 50, 9, 87, 27, 7, 21, 1, 20, 60, 98, 18, 52, 32, 39, 51, 11, 36, 59, 77, 19, 96, 93, 94, 0]
Rota do Picker 7: [0, 26, 46, 8, 9, 10, 27, 87, 7, 68, 89, 22, 2, 40, 20, 76, 65, 45, 0]
Rota do Picker 8: [0, 41, 20, 40, 84, 64, 22, 26, 46, 8, 9, 30, 50, 7, 87, 27, 45, 21, 76, 96, 77, 19, 18, 51, 37, 0]
Rota do Picker 9: [0, 41, 10, 30, 50, 45, 9, 89, 87, 7, 22, 76, 96, 36, 27, 68, 8, 46, 26, 1, 0]
Rota do Picker 10: [0, 40, 50, 10, 9, 8, 45, 26, 46, 22, 76, 96, 36, 30, 87, 27, 7, 2, 21, 0]
Rota do Picker 11: [0, 74, 94, 93, 31, 77, 11, 51, 21, 1, 41, 9, 10, 30, 46, 45, 76, 40, 98, 18, 37, 52, 32, 36, 20, 7, 27, 26, 22, 2, 47, 0]
Rota do Picker 12: [0, 41, 26, 9, 68, 45, 65, 8, 27, 87, 7, 30, 50, 10, 46, 3, 21, 1, 0]
Rota do Picker 13: [0, 21, 8, 10, 2, 20, 60, 96, 76, 45, 68, 50, 9, 27, 7, 1, 84, 52, 19, 75, 93, 13, 0]

Caso de teste: SLAPRP_Guo_small_O200_alpha0.2_v3.txt

Distancia Total: 1948.0
Quantidade de Pickers: 13
