Rota do Picker 1: [0, 1, 21, 41, 33, 53, 61, 71, 91, 37, 82, 62, 14, 94, 16, 52, 51, 55, 17, 74, 54, 63, 43, 3, 12, 34, 92, 73, 35, 13, 5, 65, 72, 93, 0]
Rota do Picker 2: [0, 1, 21, 41, 61, 81, 74, 4, 24, 13, 16, 34, 84, 55, 54, 23, 42, 53, 33, 7, 63, 43, 8, 52, 32, 5, 65, 17, 85, 46, 91, 71, 73, 44, 82, 62, 2, 3, 27, 64, 0]
Rota do Picker 3: [0, 94, 45, 55, 14, 23, 74, 44, 71, 91, 21, 82, 62, 34, 81, 61, 41, 1, 16, 15, 5, 0]
Rota do Picker 4: [0, 21, 41, 61, 5, 43, 83, 26, 4, 24, 44, 34, 8, 3, 1, 27, 62, 42, 46, 65, 7, 11, 64, 6, 25, 63, 45, 82, 73, 0]
Rota do Picker 5: [0, 21, 61, 81, 74, 1, 41, 62, 24, 15, 35, 0]
Rota do Picker 6: [0, 53, 81, 61, 41, 73, 33, 83, 43, 21, 1, 63, 55, 65, 23, 45, 16, 72, 34, 74, 6, 22, 5, 71, 91, 14, 85, 0]
Rota do Picker 7: [0, 41, 61, 43, 63, 45, 53, 1, 21, 13, 72, 92, 82, 81, 5, 16, 27, 8, 23, 3, 14, 6, 65, 84, 62, 64, 24, 4, 0]

Caso de teste: SLAPRP_Guo_small_O100_alpha0.3_v6.txt

Distancia Total: 1412.0
Quantidade de Pickers: 7
