Rota do Picker 1: [0, 21, 82, 64, 5, 41, 61, 25, 45, 26, 83, 63, 3, 8, 7, 6, 43, 23, 1, 0]
Rota do Picker 2: [0, 62, 45, 27, 23, 3, 7, 26, 63, 43, 83, 25, 44, 5, 21, 61, 41, 1, 0]
Rota do Picker 3: [0, 21, 41, 81, 61, 44, 26, 46, 25, 45, 5, 3, 23, 43, 63, 82, 1, 0]
Rota do Picker 4: [0, 1, 81, 41, 3, 23, 43, 5, 45, 65, 64, 26, 27, 7, 6, 8, 83, 61, 21, 0]
Rota do Picker 5: [0, 21, 1, 41, 81, 61, 3, 23, 43, 5, 7, 45, 25, 6, 26, 0]
Rota do Picker 6: [0, 82, 5, 3, 83, 63, 6, 25, 65, 64, 44, 7, 27, 43, 23, 81, 61, 41, 21, 1, 0]
Rota do Picker 7: [0, 3, 46, 5, 65, 27, 64, 26, 6, 63, 83, 43, 23, 61, 41, 21, 1, 0]
Rota do Picker 8: [0, 1, 21, 61, 81, 41, 5, 64, 44, 45, 25, 23, 83, 43, 3, 0]
Rota do Picker 9: [0, 16, 72, 12, 18, 55, 34, 14, 11, 5, 6, 44, 64, 63, 43, 23, 3, 41, 81, 61, 21, 1, 2, 42, 62, 0]
Rota do Picker 10: [0, 21, 1, 41, 61, 3, 23, 6, 27, 8, 64, 44, 45, 25, 5, 63, 43, 0]

Caso de teste: SLAPRP_Guo_small_O200_alpha0.3_v3.txt

Distancia Total: 736.0
Quantidade de Pickers: 10
