Rota do Picker 1: [0, 51, 31, 11, 22, 2, 42, 41, 21, 1, 3, 23, 33, 12, 13, 0]
Rota do Picker 2: [0, 1, 21, 41, 11, 32, 52, 12, 23, 3, 2, 22, 42, 33, 13, 51, 31, 0]
Rota do Picker 3: [0, 1, 2, 22, 3, 21, 41, 51, 31, 11, 32, 12, 33, 0]
Rota do Picker 4: [0, 11, 31, 51, 12, 52, 32, 1, 21, 41, 2, 22, 42, 3, 23, 0]
Rota do Picker 5: [0, 51, 41, 21, 1, 11, 31, 12, 32, 23, 3, 2, 22, 0]
Rota do Picker 6: [0, 1, 21, 11, 31, 51, 32, 12, 13, 2, 22, 42, 23, 3, 0]
Rota do Picker 7: [0, 21, 42, 22, 2, 51, 31, 33, 32, 52, 3, 23, 1, 41, 13, 12, 11, 0]
Rota do Picker 8: [0, 51, 31, 2, 22, 21, 1, 41, 11, 33, 13, 32, 12, 0]
Rota do Picker 9: [0, 1, 21, 41, 22, 42, 11, 12, 32, 52, 23, 3, 2, 31, 51, 0]
Rota do Picker 10: [0, 22, 2, 11, 31, 51, 12, 33, 13, 32, 52, 42, 3, 23, 41, 21, 1, 0]
Rota do Picker 11: [0, 21, 41, 1, 22, 42, 2, 3, 23, 51, 12, 11, 31, 0]
Rota do Picker 12: [0, 32, 13, 33, 31, 11, 1, 21, 2, 22, 3, 0]

Caso de teste: SLAPRP_Guo_small_O200_alpha0.4_v3.txt

Distancia Total: 540.0
Quantidade de Pickers: 12
