Rota do Picker 1: [0, 97, 18, 37, 45, 46, 27, 8, 60, 1, 47, 7, 57, 32, 41, 11, 55, 75, 28, 30, 0]
Rota do Picker 2: [0, 65, 30, 48, 28, 2, 22, 50, 45, 87, 27, 9, 8, 7, 84, 10, 46, 41, 69, 89, 47, 3, 26, 0]
Rota do Picker 3: [0, 37, 2, 51, 20, 32, 48, 45, 47, 87, 50, 97, 69, 41, 11, 1, 76, 30, 27, 7, 13, 9, 8, 46, 26, 21, 10, 28, 0]
Rota do Picker 4: [0, 8, 27, 57, 47, 9, 10, 26, 45, 1, 28, 21, 87, 7, 46, 89, 64, 84, 50, 69, 30, 48, 0]
Rota do Picker 5: [0, 30, 18, 3, 84, 1, 57, 50, 10, 41, 2, 7, 27, 8, 69, 89, 20, 45, 9, 48, 28, 46, 26, 97, 11, 0]
Rota do Picker 6: [0, 45, 10, 27, 7, 48, 9, 46, 8, 84, 26, 30, 50, 28, 47, 69, 89, 0]
Rota do Picker 7: [0, 46, 9, 60, 10, 94, 74, 55, 51, 3, 41, 8, 37, 97, 20, 27, 65, 30, 21, 22, 57, 32, 87, 28, 69, 11, 2, 7, 45, 26, 76, 1, 0]
Rota do Picker 8: [0, 28, 7, 21, 50, 69, 9, 2, 41, 1, 3, 51, 32, 8, 87, 26, 46, 27, 47, 45, 65, 48, 10, 22, 84, 0]
Rota do Picker 9: [0, 26, 46, 7, 47, 87, 1, 65, 22, 30, 97, 41, 8, 28, 9, 51, 27, 48, 84, 64, 45, 13, 3, 21, 0]
Rota do Picker 10: [0, 8, 46, 36, 20, 28, 77, 41, 37, 55, 51, 40, 1, 76, 11, 39, 59, 96, 21, 74, 94, 57, 18, 2, 45, 60, 97, 83, 10, 0]
Rota do Picker 11: [0, 47, 87, 50, 28, 21, 69, 84, 64, 41, 89, 30, 45, 10, 26, 65, 48, 46, 27, 9, 8, 7, 2, 3, 0]

Caso de teste: SLAPRP_Guo_small_O200_alpha0.4_v8.txt

Distancia Total: 2432.0
Quantidade de Pickers: 11
