Rota do Picker 1: [0, 1, 21, 4, 44, 64, 46, 94, 82, 23, 81, 35, 8, 61, 41, 5, 3, 43, 45, 65, 24, 7, 63, 84, 0]
Rota do Picker 2: [0, 1, 21, 41, 3, 4, 44, 8, 27, 7, 24, 81, 26, 6, 63, 43, 23, 61, 5, 46, 64, 45, 25, 82, 0]
Rota do Picker 3: [0, 81, 31, 27, 24, 82, 83, 23, 21, 43, 3, 61, 41, 1, 5, 45, 63, 7, 55, 4, 64, 0]
Rota do Picker 4: [0, 37, 17, 6, 61, 1, 41, 16, 21, 11, 71, 35, 23, 54, 36, 3, 43, 4, 24, 27, 7, 18, 72, 52, 12, 81, 0]
Rota do Picker 5: [0, 1, 21, 41, 23, 64, 35, 3, 43, 18, 37, 84, 24, 81, 6, 16, 17, 27, 4, 36, 25, 83, 5, 54, 63, 61, 55, 0]
Rota do Picker 6: [0, 5, 17, 16, 7, 54, 84, 94, 25, 43, 3, 2, 42, 62, 46, 35, 23, 6, 4, 81, 1, 21, 41, 61, 24, 64, 26, 36, 82, 63, 18, 0]

Caso de teste: SLAPRP_Guo_small_O100_alpha0.3_v4.txt

Distancia Total: 1152.0
Quantidade de Pickers: 6
