Rota do Picker 1: [0, 3, 9, 20, 8, 11, 42, 22, 4, 96, 32, 28, 2, 23, 65, 10, 17, 47, 27, 7, 87, 40, 18, 30, 26, 45, 41, 21, 0]
Rota do Picker 2: [0, 65, 30, 11, 64, 84, 10, 87, 28, 67, 47, 50, 23, 9, 26, 45, 8, 27, 7, 21, 1, 76, 0]
Rota do Picker 3: [0, 28, 23, 12, 64, 19, 20, 13, 30, 11, 42, 87, 67, 3, 2, 22, 7, 32, 27, 10, 18, 40, 9, 8, 26, 45, 21, 1, 65, 0]
Rota do Picker 4: [0, 45, 26, 17, 2, 7, 47, 13, 4, 64, 27, 3, 11, 21, 87, 30, 22, 8, 28, 9, 18, 10, 41, 65, 40, 0]
Rota do Picker 5: [0, 21, 7, 45, 27, 20, 40, 0]
Rota do Picker 6: [0, 1, 2, 23, 83, 4, 17, 20, 21, 11, 18, 59, 28, 41, 12, 57, 77, 26, 22, 36, 19, 97, 40, 64, 84, 13, 0]
Rota do Picker 7: [0, 21, 40, 18, 26, 27, 7, 23, 3, 2, 8, 28, 12, 20, 17, 9, 45, 41, 1, 76, 0]
Rota do Picker 8: [0, 1, 2, 7, 27, 26, 8, 23, 89, 3, 65, 30, 87, 45, 64, 28, 18, 50, 11, 10, 9, 21, 0]

Caso de teste: SLAPRP_Guo_small_O100_alpha0.2_v1.txt

Distancia Total: 1576.0
Quantidade de Pickers: 8
