Rota do Picker 1: [0, 41, 45, 10, 11, 9, 49, 69, 21, 84, 61, 62, 24, 42, 47, 8, 7, 83, 23, 48, 66, 46, 26, 22, 3, 1, 4, 0]
Rota do Picker 2: [0, 84, 52, 57, 96, 74, 97, 12, 13, 34, 71, 17, 94, 78, 18, 93, 32, 37, 75, 55, 14, 11, 1, 20, 0]
Rota do Picker 3: [0, 7, 27, 87, 20, 45, 48, 66, 46, 26, 21, 9, 10, 23, 8, 61, 49, 47, 69, 0]
Rota do Picker 4: [0, 61, 23, 52, 3, 66, 1, 42, 20, 7, 4, 48, 71, 51, 84, 69, 9, 31, 41, 11, 45, 2, 43, 83, 26, 8, 47, 12, 13, 76, 10, 46, 22, 21, 0]
Rota do Picker 5: [0, 23, 2, 61, 9, 66, 26, 62, 22, 11, 21, 84, 69, 47, 45, 41, 46, 1, 7, 27, 48, 20, 13, 8, 4, 83, 3, 0]
Rota do Picker 6: [0, 1, 2, 3, 83, 11, 75, 31, 61, 22, 26, 10, 20, 23, 46, 66, 13, 34, 0]
Rota do Picker 7: [0, 2, 22, 12, 61, 17, 18, 1, 20, 42, 83, 3, 23, 43, 34, 55, 37, 10, 94, 71, 74, 97, 84, 57, 75, 93, 11, 21, 96, 0]
Rota do Picker 8: [0, 21, 2, 22, 11, 55, 94, 84, 20, 71, 26, 4, 10, 17, 52, 37, 3, 75, 32, 93, 41, 31, 74, 12, 1, 0]
Rota do Picker 9: [0, 22, 23, 4, 26, 48, 1, 84, 45, 10, 66, 83, 2, 9, 3, 46, 8, 41, 49, 21, 7, 27, 69, 61, 87, 0]
Rota do Picker 10: [0, 1, 23, 83, 26, 46, 9, 48, 32, 22, 45, 66, 47, 10, 42, 87, 4, 24, 49, 69, 27, 7, 41, 8, 21, 61, 0]
Rota do Picker 11: [0, 21, 11, 55, 2, 23, 93, 20, 75, 78, 18, 34, 12, 62, 22, 1, 61, 52, 17, 37, 94, 41, 74, 97, 96, 24, 14, 57, 32, 13, 0]
Rota do Picker 12: [0, 20, 66, 46, 42, 2, 45, 26, 22, 71, 11, 21, 1, 41, 9, 10, 43, 62, 7, 27, 87, 12, 4, 61, 23, 83, 48, 47, 0]
Rota do Picker 13: [0, 45, 48, 8, 9, 46, 26, 4, 7, 27, 87, 69, 10, 23, 49, 66, 84, 47, 20, 0]
Rota do Picker 14: [0, 14, 94, 17, 55, 10, 0]

Caso de teste: SLAPRP_Guo_small_O200_alpha0.2_v8.txt

Distancia Total: 2780.0
Quantidade de Pickers: 14
