Rota do Picker 1: [0, 26, 46, 8, 48, 9, 89, 45, 97, 20, 69, 10, 7, 47, 27, 87, 30, 76, 1, 0]
Rota do Picker 2: [0, 7, 47, 10, 30, 32, 74, 94, 37, 93, 2, 46, 26, 45, 60, 77, 98, 18, 13, 55, 75, 39, 59, 51, 20, 57, 11, 0]
Rota do Picker 3: [0, 45, 46, 69, 9, 87, 47, 7, 27, 26, 84, 22, 10, 30, 50, 21, 0]
Rota do Picker 4: [0, 1, 26, 46, 9, 48, 50, 10, 27, 47, 45, 84, 89, 30, 8, 83, 3, 0]
Rota do Picker 5: [0, 11, 55, 75, 57, 20, 39, 45, 65, 37, 97, 48, 10, 50, 9, 8, 2, 41, 1, 7, 27, 47, 87, 26, 46, 83, 0]
Rota do Picker 6: [0, 21, 7, 27, 87, 37, 94, 22, 65, 45, 10, 9, 30, 50, 46, 83, 3, 1, 0]
Rota do Picker 7: [0, 18, 60, 20, 47, 87, 9, 2, 22, 65, 45, 27, 48, 8, 46, 26, 21, 41, 32, 37, 57, 7, 30, 10, 84, 64, 0]
Rota do Picker 8: [0, 2, 3, 7, 27, 26, 8, 9, 89, 47, 37, 36, 76, 96, 39, 10, 48, 1, 21, 75, 55, 13, 93, 77, 74, 40, 60, 18, 57, 94, 11, 51, 32, 0]
Rota do Picker 9: [0, 1, 26, 46, 45, 7, 47, 87, 27, 89, 50, 9, 48, 8, 21, 0]
Rota do Picker 10: [0, 27, 64, 9, 48, 8, 10, 50, 45, 30, 69, 87, 47, 7, 1, 21, 26, 46, 41, 0]
Rota do Picker 11: [0, 27, 64, 21, 41, 2, 26, 46, 10, 69, 9, 7, 8, 22, 0]

Caso de teste: SLAPRP_Guo_small_O200_alpha0.4_v8.txt

Distancia Total: 1496.0
Quantidade de Pickers: 11
