Rota do Picker 1: [0, 18, 30, 9, 2, 45, 87, 67, 47, 27, 7, 50, 10, 36, 59, 39, 55, 12, 13, 89, 69, 8, 46, 26, 1, 0]
Rota do Picker 2: [0, 1, 84, 27, 7, 26, 46, 8, 28, 9, 45, 37, 97, 18, 20, 2, 3, 10, 19, 39, 12, 59, 98, 0]
Rota do Picker 3: [0, 1, 46, 7, 47, 9, 69, 26, 84, 32, 55, 40, 19, 12, 13, 45, 27, 67, 87, 50, 8, 28, 10, 30, 36, 76, 21, 41, 0]
Rota do Picker 4: [0, 32, 18, 98, 40, 39, 55, 13, 1, 7, 8, 10, 27, 3, 59, 20, 50, 30, 84, 64, 28, 89, 69, 9, 87, 41, 21, 22, 46, 26, 45, 0]
Rota do Picker 5: [0, 45, 21, 55, 37, 29, 9, 87, 67, 27, 7, 46, 26, 8, 10, 30, 69, 89, 12, 20, 18, 94, 74, 0]
Rota do Picker 6: [0, 41, 1, 87, 67, 47, 50, 30, 69, 21, 7, 26, 46, 9, 10, 89, 27, 8, 28, 45, 55, 0]

Caso de teste: SLAPRP_Guo_small_O100_alpha0.3_v5.txt

Distancia Total: 992.0
Quantidade de Pickers: 6
