Rota do Picker 1: [0, 27, 54, 14, 75, 36, 46, 5, 41, 1, 55, 35, 24, 4, 61, 21, 22, 82, 0]
Rota do Picker 2: [0, 16, 65, 5, 64, 44, 33, 4, 62, 22, 6, 55, 82, 24, 81, 61, 41, 21, 1, 36, 54, 0]
Rota do Picker 3: [0, 6, 37, 84, 54, 26, 44, 65, 24, 21, 64, 7, 82, 8, 4, 81, 61, 41, 1, 43, 83, 46, 0]
Rota do Picker 4: [0, 82, 1, 7, 26, 54, 46, 84, 44, 65, 6, 81, 27, 8, 23, 64, 24, 4, 61, 41, 21, 0]
Rota do Picker 5: [0, 21, 4, 24, 84, 82, 8, 85, 61, 46, 1, 6, 26, 81, 64, 7, 27, 44, 41, 0]
Rota do Picker 6: [0, 35, 1, 21, 41, 61, 81, 4, 44, 16, 7, 24, 26, 82, 46, 54, 8, 0]
Rota do Picker 7: [0, 1, 41, 81, 24, 64, 17, 42, 22, 82, 65, 54, 44, 36, 27, 16, 61, 21, 6, 35, 4, 93, 0]
Rota do Picker 8: [0, 41, 21, 1, 35, 4, 61, 55, 24, 53, 34, 31, 37, 17, 44, 36, 81, 0]

Caso de teste: SLAPRP_Guo_small_O100_alpha0.3_v8.txt

Distancia Total: 1236.0
Quantidade de Pickers: 8
