Rota do Picker 1: [0, 21, 41, 22, 42, 45, 3, 26, 8, 9, 10, 30, 50, 71, 13, 53, 17, 18, 94, 0]
Rota do Picker 2: [0, 21, 41, 42, 62, 45, 8, 9, 30, 10, 26, 84, 24, 22, 1, 20, 40, 60, 61, 0]
Rota do Picker 3: [0, 41, 22, 42, 26, 45, 24, 84, 9, 10, 14, 11, 51, 94, 34, 20, 60, 71, 52, 72, 15, 57, 97, 13, 17, 18, 61, 21, 33, 53, 3, 23, 8, 1, 0]
Rota do Picker 4: [0, 42, 45, 50, 61, 21, 22, 62, 26, 8, 9, 24, 34, 11, 20, 40, 60, 33, 0]
Rota do Picker 5: [0, 42, 3, 23, 24, 30, 10, 62, 41, 45, 26, 9, 8, 1, 21, 22, 14, 33, 0]
Rota do Picker 6: [0, 42, 1, 33, 18, 60, 22, 26, 3, 21, 41, 11, 34, 0]

Caso de teste: SLAPRP_Guo_small_O100_alpha0.3_v3.txt

Distancia Total: 734.0
Quantidade de Pickers: 6
