Rota do Picker 1: [0, 21, 27, 87, 69, 89, 41, 20, 19, 45, 9, 8, 48, 10, 46, 26, 7, 2, 64, 4, 0]
Rota do Picker 2: [0, 17, 20, 30, 87, 27, 7, 26, 46, 9, 48, 8, 45, 21, 41, 0]
Rota do Picker 3: [0, 41, 7, 27, 87, 26, 46, 9, 69, 30, 48, 8, 45, 22, 2, 0]
Rota do Picker 4: [0, 64, 8, 48, 27, 47, 9, 89, 10, 30, 7, 4, 26, 46, 45, 2, 21, 1, 41, 20, 0]
Rota do Picker 5: [0, 22, 45, 27, 1, 3, 64, 8, 48, 7, 47, 87, 9, 69, 30, 46, 26, 4, 84, 96, 19, 20, 17, 2, 41, 21, 0]
Rota do Picker 6: [0, 2, 45, 8, 10, 9, 26, 46, 87, 27, 7, 30, 41, 1, 52, 12, 17, 57, 97, 20, 93, 0]
Rota do Picker 7: [0, 17, 2, 46, 9, 87, 47, 27, 7, 41, 45, 48, 8, 26, 30, 10, 69, 0]
Rota do Picker 8: [0, 45, 8, 7, 26, 46, 40, 39, 19, 93, 32, 12, 21, 41, 57, 13, 33, 98, 59, 37, 74, 94, 18, 75, 55, 52, 0]
Rota do Picker 9: [0, 4, 45, 2, 7, 27, 9, 26, 46, 22, 48, 8, 47, 64, 19, 20, 17, 21, 1, 32, 13, 57, 77, 39, 59, 41, 0]
Rota do Picker 10: [0, 83, 33, 74, 94, 18, 20, 19, 57, 77, 3, 64, 10, 30, 7, 27, 55, 32, 12, 75, 1, 22, 26, 46, 9, 87, 47, 45, 41, 0]
Rota do Picker 11: [0, 26, 45, 2, 39, 84, 83, 21, 1, 27, 46, 8, 30, 10, 64, 3, 7, 98, 55, 13, 74, 18, 77, 32, 12, 0]

Caso de teste: SLAPRP_Guo_small_O200_alpha0.4_v1.txt

Distancia Total: 1504.0
Quantidade de Pickers: 11
