Rota do Picker 1: [0, 71, 61, 41, 42, 18, 8, 45, 5, 27, 20, 10, 30, 57, 13, 46, 26, 11, 22, 2, 28, 52, 4, 47, 7, 23, 3, 1, 0]
Rota do Picker 2: [0, 22, 42, 7, 8, 27, 20, 40, 14, 9, 61, 41, 97, 57, 46, 26, 18, 28, 45, 3, 1, 0]
Rota do Picker 3: [0, 52, 47, 45, 8, 9, 10, 18, 26, 48, 41, 27, 68, 65, 5, 13, 4, 7, 30, 28, 46, 42, 22, 2, 1, 0]
Rota do Picker 4: [0, 20, 27, 1, 40, 18, 9, 45, 3, 23, 8, 12, 7, 52, 17, 11, 57, 46, 0]
Rota do Picker 5: [0, 1, 8, 9, 45, 26, 4, 28, 30, 68, 47, 52, 10, 43, 46, 27, 7, 22, 36, 0]
Rota do Picker 6: [0, 1, 41, 45, 7, 18, 62, 20, 5, 68, 52, 28, 14, 30, 9, 4, 26, 46, 27, 22, 42, 8, 10, 0]
Rota do Picker 7: [0, 28, 10, 47, 27, 5, 18, 9, 8, 4, 3, 43, 2, 40, 13, 7, 65, 45, 46, 26, 62, 22, 21, 1, 42, 68, 20, 0]

Caso de teste: SLAPRP_Guo_small_O100_alpha0.2_v9.txt

Distancia Total: 1354.0
Quantidade de Pickers: 7
