Rota do Picker 1: [0, 22, 42, 12, 52, 15, 35, 34, 17, 19, 3, 96, 74, 54, 53, 77, 14, 11, 97, 62, 57, 32, 1, 5, 20, 33, 13, 21, 0]
Rota do Picker 2: [0, 39, 35, 15, 72, 32, 97, 95, 13, 33, 53, 73, 16, 36, 20, 18, 37, 17, 34, 52, 12, 1, 56, 4, 71, 55, 14, 38, 54, 77, 19, 94, 74, 0]
Rota do Picker 3: [0, 1, 21, 41, 13, 33, 34, 54, 93, 57, 4, 32, 22, 53, 24, 77, 31, 12, 52, 20, 63, 43, 36, 16, 74, 17, 35, 15, 14, 3, 94, 61, 58, 0]
Rota do Picker 4: [0, 1, 12, 52, 34, 57, 62, 17, 21, 71, 74, 94, 4, 58, 13, 33, 54, 39, 5, 36, 16, 32, 56, 95, 96, 55, 35, 15, 53, 38, 73, 0]
Rota do Picker 5: [0, 82, 32, 62, 21, 3, 23, 43, 34, 42, 52, 63, 22, 41, 24, 54, 5, 1, 12, 0]
Rota do Picker 6: [0, 21, 81, 34, 61, 1, 41, 13, 33, 53, 12, 32, 54, 4, 96, 5, 17, 52, 24, 36, 16, 15, 35, 14, 18, 43, 62, 37, 3, 0]
Rota do Picker 7: [0, 75, 71, 55, 94, 95, 56, 76, 77, 24, 38, 52, 58, 14, 35, 15, 12, 1, 34, 54, 74, 18, 21, 32, 17, 37, 0]
Rota do Picker 8: [0, 39, 43, 41, 22, 42, 13, 33, 4, 52, 54, 5, 1, 12, 3, 34, 21, 24, 23, 93, 53, 32, 14, 62, 0]
Rota do Picker 9: [0, 1, 12, 32, 52, 92, 58, 37, 39, 77, 19, 96, 57, 38, 17, 54, 34, 14, 16, 36, 18, 94, 55, 59, 95, 20, 76, 56, 35, 15, 13, 33, 53, 97, 0]
Rota do Picker 10: [0, 94, 74, 96, 53, 75, 95, 38, 35, 18, 5, 77, 4, 21, 39, 59, 62, 82, 14, 52, 55, 19, 1, 13, 33, 16, 36, 3, 57, 37, 43, 20, 34, 32, 12, 15, 54, 56, 93, 0]
Rota do Picker 11: [0, 77, 39, 58, 14, 54, 18, 35, 15, 38, 37, 34, 12, 1, 32, 17, 95, 96, 36, 16, 53, 33, 13, 52, 57, 56, 0]

Caso de teste: SLAPRP_Guo_small_O200_alpha0.3_v3.txt

Distancia Total: 2386.0
Quantidade de Pickers: 11
