Rota do Picker 1: [0, 34, 74, 39, 18, 42, 22, 30, 94, 33, 1, 8, 96, 52, 32, 93, 14, 40, 60, 72, 11, 31, 51, 61, 76, 55, 36, 27, 50, 45, 46, 26, 41, 10, 9, 3, 37, 20, 17, 12, 2, 19, 0]
Rota do Picker 2: [0, 26, 47, 27, 8, 28, 50, 85, 45, 10, 30, 22, 42, 9, 46, 62, 89, 0]
Rota do Picker 3: [0, 1, 22, 12, 55, 74, 94, 46, 47, 23, 26, 32, 52, 93, 3, 42, 27, 2, 51, 45, 20, 8, 33, 36, 62, 11, 40, 60, 50, 30, 18, 13, 0]
Rota do Picker 4: [0, 22, 12, 55, 74, 20, 39, 50, 3, 19, 51, 71, 36, 37, 30, 33, 94, 34, 14, 13, 96, 32, 18, 52, 11, 31, 17, 40, 2, 0]
Rota do Picker 5: [0, 22, 42, 12, 74, 0]
Rota do Picker 6: [0, 8, 28, 45, 50, 20, 31, 23, 1, 2, 11, 4, 89, 22, 47, 85, 71, 51, 41, 30, 33, 10, 9, 3, 27, 46, 26, 42, 21, 12, 0]
Rota do Picker 7: [0, 32, 52, 46, 9, 3, 31, 51, 11, 10, 36, 20, 8, 50, 12, 4, 1, 13, 42, 41, 45, 55, 61, 93, 33, 30, 72, 27, 26, 22, 47, 14, 0]
Rota do Picker 8: [0, 11, 31, 51, 18, 40, 37, 96, 76, 21, 20, 52, 12, 22, 36, 33, 60, 94, 74, 55, 17, 1, 32, 4, 39, 14, 34, 75, 0]
Rota do Picker 9: [0, 4, 52, 23, 22, 1, 17, 37, 74, 94, 19, 18, 55, 12, 2, 33, 13, 96, 76, 30, 40, 39, 34, 32, 10, 72, 20, 0]
Rota do Picker 10: [0, 12, 32, 55, 3, 27, 21, 13, 46, 22, 26, 9, 42, 19, 36, 1, 45, 89, 20, 41, 40, 11, 85, 74, 23, 52, 50, 2, 8, 33, 93, 30, 4, 34, 51, 31, 0]
Rota do Picker 11: [0, 33, 18, 37, 39, 10, 30, 22, 12, 52, 93, 96, 14, 74, 94, 46, 1, 3, 42, 55, 19, 47, 72, 2, 21, 41, 34, 32, 50, 17, 40, 20, 85, 45, 23, 31, 51, 0]
Rota do Picker 12: [0, 1, 96, 33, 76, 13, 36, 60, 52, 19, 40, 20, 55, 22, 32, 61, 39, 18, 37, 17, 12, 0]
Rota do Picker 13: [0, 71, 51, 21, 50, 74, 14, 32, 45, 30, 10, 55, 18, 37, 17, 12, 22, 42, 4, 0]

Caso de teste: SLAPRP_Guo_small_O200_alpha0.4_v6.txt

Distancia Total: 3042.0
Quantidade de Pickers: 13
