Rota do Picker 1: [0, 4, 14, 34, 54, 74, 96, 56, 36, 16, 33, 93, 53, 13, 24, 23, 63, 38, 18, 37, 17, 57, 77, 35, 15, 42, 43, 1, 61, 81, 21, 0]
Rota do Picker 2: [0, 61, 14, 34, 54, 94, 15, 35, 95, 74, 96, 36, 57, 77, 17, 16, 53, 33, 13, 41, 21, 1, 71, 91, 0]
Rota do Picker 3: [0, 21, 1, 41, 13, 33, 53, 73, 16, 56, 38, 18, 74, 54, 34, 14, 22, 4, 5, 15, 35, 95, 20, 36, 57, 0]
Rota do Picker 4: [0, 1, 21, 61, 14, 34, 74, 54, 94, 58, 18, 17, 37, 57, 56, 36, 16, 53, 73, 33, 13, 4, 23, 0]
Rota do Picker 5: [0, 13, 33, 53, 1, 0]
Rota do Picker 6: [0, 21, 1, 5, 23, 81, 61, 36, 18, 59, 39, 74, 54, 34, 14, 16, 17, 73, 53, 33, 13, 0]
Rota do Picker 7: [0, 22, 1, 81, 61, 23, 43, 5, 13, 93, 16, 36, 56, 71, 21, 41, 42, 58, 18, 74, 54, 34, 14, 0]
Rota do Picker 8: [0, 1, 81, 23, 43, 16, 18, 33, 13, 53, 93, 17, 41, 21, 61, 24, 14, 34, 74, 77, 37, 57, 39, 59, 58, 20, 54, 42, 22, 0]
Rota do Picker 9: [0, 21, 1, 13, 33, 53, 73, 16, 36, 34, 14, 63, 43, 4, 54, 74, 20, 24, 5, 22, 62, 71, 91, 18, 38, 58, 2, 0]
Rota do Picker 10: [0, 21, 1, 23, 63, 42, 14, 16, 56, 38, 58, 95, 55, 15, 73, 53, 33, 13, 61, 81, 57, 97, 37, 17, 92, 91, 71, 0]
Rota do Picker 11: [0, 21, 1, 41, 23, 13, 53, 73, 16, 95, 81, 61, 3, 15, 55, 35, 59, 18, 36, 52, 33, 17, 58, 38, 37, 97, 14, 0]

Caso de teste: SLAPRP_Guo_small_O200_alpha0.3_v3.txt

Distancia Total: 1216.0
Quantidade de Pickers: 11
