Rota do Picker 1: [0, 21, 26, 46, 8, 45, 85, 9, 7, 27, 69, 89, 40, 60, 20, 11, 48, 30, 10, 50, 76, 36, 0]
Rota do Picker 2: [0, 45, 87, 67, 8, 46, 26, 48, 50, 10, 9, 28, 47, 27, 36, 39, 20, 55, 38, 21, 0]
Rota do Picker 3: [0, 45, 46, 26, 8, 28, 70, 65, 50, 89, 69, 9, 48, 30, 47, 27, 7, 21, 1, 0]
Rota do Picker 4: [0, 21, 39, 98, 12, 55, 75, 18, 59, 76, 32, 74, 94, 31, 40, 20, 30, 7, 67, 9, 26, 46, 8, 28, 45, 11, 19, 0]
Rota do Picker 5: [0, 45, 10, 26, 46, 7, 2, 50, 30, 85, 65, 20, 40, 19, 48, 28, 8, 9, 96, 60, 67, 87, 47, 27, 21, 1, 0]
Rota do Picker 6: [0, 45, 76, 36, 85, 69, 28, 3, 47, 67, 87, 7, 10, 30, 89, 9, 8, 26, 27, 21, 1, 0]

Caso de teste: SLAPRP_Guo_small_O100_alpha0.3_v9.txt

Distancia Total: 896.0
Quantidade de Pickers: 6
