Rota do Picker 1: [0, 7, 27, 46, 45, 18, 20, 50, 32, 65, 1, 26, 21, 61, 3, 69, 89, 13, 22, 42, 41, 37, 57, 87, 55, 14, 9, 28, 8, 0]
Rota do Picker 2: [0, 9, 50, 18, 23, 3, 57, 69, 2, 30, 87, 11, 28, 10, 7, 45, 31, 1, 21, 89, 20, 27, 8, 46, 26, 42, 0]
Rota do Picker 3: [0, 8, 18, 37, 30, 28, 40, 57, 55, 39, 36, 27, 60, 20, 2, 31, 7, 32, 74, 21, 59, 98, 94, 14, 9, 41, 0]
Rota do Picker 4: [0, 45, 2, 50, 46, 8, 7, 27, 41, 30, 28, 9, 69, 87, 23, 21, 65, 89, 26, 10, 1, 0]
Rota do Picker 5: [0, 28, 55, 45, 23, 22, 3, 97, 20, 87, 27, 8, 7, 21, 9, 69, 60, 18, 46, 26, 42, 37, 40, 0]
Rota do Picker 6: [0, 28, 18, 0]
Rota do Picker 7: [0, 45, 26, 46, 27, 87, 9, 61, 2, 23, 18, 7, 10, 21, 69, 89, 30, 3, 28, 65, 50, 8, 1, 31, 0]

Caso de teste: SLAPRP_Guo_small_O100_alpha0.3_v3.txt

Distancia Total: 1448.0
Quantidade de Pickers: 7
