Rota do Picker 1: [0, 1, 21, 12, 41, 61, 81, 34, 0]
Rota do Picker 2: [0, 63, 7, 25, 91, 71, 56, 22, 64, 44, 24, 4, 21, 1, 23, 83, 62, 27, 43, 45, 5, 41, 6, 42, 0]
Rota do Picker 3: [0, 52, 74, 36, 83, 25, 72, 92, 23, 43, 63, 5, 75, 1, 21, 41, 42, 62, 61, 82, 81, 4, 24, 22, 34, 0]
Rota do Picker 4: [0, 93, 22, 21, 41, 72, 92, 35, 1, 15, 61, 14, 34, 36, 55, 17, 91, 13, 37, 54, 52, 32, 75, 56, 74, 81, 53, 33, 11, 51, 0]
Rota do Picker 5: [0, 1, 21, 23, 42, 62, 41, 61, 81, 5, 46, 3, 45, 83, 63, 22, 25, 43, 65, 64, 6, 4, 24, 27, 7, 26, 0]
Rota do Picker 6: [0, 52, 61, 21, 37, 42, 5, 1, 43, 81, 22, 7, 4, 91, 72, 27, 82, 56, 83, 63, 35, 62, 23, 41, 0]
Rota do Picker 7: [0, 43, 17, 56, 91, 34, 93, 5, 55, 15, 35, 75, 18, 62, 42, 23, 21, 61, 81, 14, 1, 41, 82, 0]
Rota do Picker 8: [0, 27, 23, 4, 21, 43, 6, 64, 24, 22, 1, 44, 3, 62, 8, 41, 7, 26, 63, 42, 25, 45, 61, 5, 46, 81, 0]
Rota do Picker 9: [0, 81, 44, 23, 41, 43, 5, 22, 21, 1, 64, 26, 7, 62, 42, 4, 24, 45, 63, 3, 27, 82, 8, 61, 0]
Rota do Picker 10: [0, 1, 21, 41, 61, 22, 26, 8, 45, 3, 24, 44, 43, 5, 27, 46, 83, 64, 6, 63, 7, 4, 25, 23, 0]
Rota do Picker 11: [0, 14, 61, 41, 21, 1, 62, 82, 52, 74, 0]
Rota do Picker 12: [0, 1, 21, 41, 61, 2, 42, 45, 62, 8, 43, 83, 64, 81, 18, 23, 46, 26, 24, 4, 82, 65, 25, 27, 22, 63, 5, 6, 7, 52, 72, 0]
Rota do Picker 13: [0, 56, 82, 45, 5, 22, 62, 42, 23, 41, 21, 1, 61, 63, 24, 81, 43, 83, 64, 65, 44, 7, 18, 0]
Rota do Picker 14: [0, 6, 4, 62, 22, 42, 23, 25, 5, 41, 21, 1, 63, 43, 3, 82, 44, 24, 45, 61, 26, 46, 0]

Caso de teste: SLAPRP_Guo_small_O200_alpha0.2_v8.txt

Distancia Total: 2106.0
Quantidade de Pickers: 14
