Rota do Picker 1: [0, 73, 13, 64, 21, 41, 42, 43, 83, 3, 23, 44, 81, 5, 63, 61, 55, 32, 7, 6, 24, 62, 22, 1, 8, 91, 71, 0]
Rota do Picker 2: [0, 83, 46, 7, 24, 26, 5, 43, 23, 4, 21, 1, 81, 61, 27, 44, 63, 25, 41, 42, 45, 8, 6, 22, 3, 0]
Rota do Picker 3: [0, 37, 24, 82, 42, 22, 34, 43, 23, 61, 41, 21, 1, 63, 81, 73, 5, 4, 44, 64, 16, 6, 13, 93, 0]
Rota do Picker 4: [0, 73, 83, 3, 25, 4, 1, 6, 42, 62, 5, 24, 63, 44, 65, 43, 23, 22, 61, 41, 21, 46, 0]
Rota do Picker 5: [0, 4, 43, 23, 22, 42, 5, 1, 21, 26, 61, 7, 65, 81, 41, 8, 45, 2, 73, 24, 64, 62, 63, 44, 16, 27, 6, 75, 0]
Rota do Picker 6: [0, 1, 22, 23, 43, 63, 14, 36, 18, 91, 13, 93, 53, 11, 41, 61, 54, 56, 33, 21, 34, 74, 0]
Rota do Picker 7: [0, 1, 4, 23, 18, 91, 55, 35, 22, 44, 24, 14, 61, 41, 21, 62, 16, 0]
Rota do Picker 8: [0, 81, 1, 21, 22, 23, 63, 7, 46, 42, 45, 5, 41, 8, 4, 43, 6, 25, 65, 62, 44, 83, 26, 24, 3, 64, 82, 61, 0]

Caso de teste: SLAPRP_Guo_small_O100_alpha0.2_v3.txt

Distancia Total: 1290.0
Quantidade de Pickers: 8
