Rota do Picker 1: [0, 22, 45, 46, 9, 50, 8, 87, 27, 7, 10, 30, 69, 65, 85, 26, 68, 1, 0]
Rota do Picker 2: [0, 46, 26, 8, 67, 27, 7, 9, 10, 68, 85, 45, 21, 41, 30, 50, 87, 40, 36, 0]
Rota do Picker 3: [0, 31, 55, 39, 60, 59, 40, 18, 75, 13, 22, 3, 7, 8, 9, 68, 12, 74, 94, 20, 98, 37, 57, 77, 97, 17, 36, 32, 93, 11, 0]
Rota do Picker 4: [0, 64, 65, 87, 7, 46, 30, 2, 45, 85, 8, 69, 9, 27, 60, 40, 20, 10, 26, 22, 41, 1, 37, 0]
Rota do Picker 5: [0, 36, 9, 26, 46, 89, 50, 87, 1, 21, 60, 20, 37, 65, 45, 30, 8, 27, 7, 2, 0]
Rota do Picker 6: [0, 45, 65, 0]
Rota do Picker 7: [0, 12, 20, 37, 87, 10, 26, 83, 3, 1, 89, 9, 8, 65, 50, 27, 46, 85, 45, 30, 67, 7, 21, 0]

Caso de teste: SLAPRP_Guo_small_O100_alpha0.2_v9.txt

Distancia Total: 930.0
Quantidade de Pickers: 7
