Rota do Picker 1: [0, 21, 13, 33, 74, 62, 82, 5, 1, 51, 0]
Rota do Picker 2: [0, 1, 21, 41, 12, 52, 72, 42, 2, 22, 13, 33, 53, 54, 34, 71, 61, 3, 23, 4, 15, 14, 74, 5, 0]
Rota do Picker 3: [0, 6, 91, 33, 53, 13, 43, 62, 15, 4, 41, 3, 71, 51, 21, 1, 61, 81, 12, 32, 44, 42, 25, 45, 63, 5, 0]
Rota do Picker 4: [0, 1, 12, 32, 52, 92, 19, 74, 55, 34, 14, 41, 21, 13, 33, 53, 73, 17, 57, 72, 81, 18, 16, 51, 93, 94, 96, 75, 37, 54, 15, 36, 43, 0]
Rota do Picker 5: [0, 1, 3, 43, 14, 34, 94, 6, 35, 51, 54, 21, 41, 13, 33, 5, 18, 16, 37, 38, 95, 15, 73, 74, 71, 19, 4, 17, 57, 93, 53, 0]

Caso de teste: SLAPRP_Guo_small_O50_alpha0.3_v4.txt

Distancia Total: 794.0
Quantidade de Pickers: 5
