SKUs: 40
Pedidos: 101

Primeiro pedido:
Order(1, [2, 3, 6, 7, 9, 12, 34])

Ultimo pedido:
Order(101, [6, 16])

Location(1, 1, -1, 20)
Location(2, 1, -2, 20)
Location(3, 1, -3, 20)
Location(4, 1, -4, 20)
Location(5, 1, -5, 20)
Location(6, 1, -6, 20)
Location(7, 1, -7, 20)
Location(8, 1, -8, 20)
Location(9, 1, -9, 20)
Location(10, 1, -10, 40)
Location(11, 1, 1, 20)
Location(12, 1, 2, 20)
Location(13, 1, 3, 20)
Location(14, 1, 4, 20)
Location(15, 1, 5, 20)
Location(16, 1, 6, 20)
Location(17, 1, 7, 20)
Location(18, 1, 8, 20)
Location(19, 1, 9, 20)
Location(20, 1, 10, 40)
Location(21, 2, -1, 20)
Location(22, 2, -2, 20)
Location(23, 2, -3, 20)
Location(24, 2, -4, 20)
Location(25, 2, -5, 20)
Location(26, 2, -6, 20)
Location(27, 2, -7, 20)
Location(28, 2, -8, 20)
Location(29, 2, -9, 20)
Location(30, 2, -10, 40)
Location(31, 2, 1, 20)
Location(32, 2, 2, 20)
Location(33, 2, 3, 20)
Location(34, 2, 4, 20)
Location(35, 2, 5, 20)
Location(36, 2, 6, 20)
Location(37, 2, 7, 20)
Location(38, 2, 8, 20)
Location(39, 2, 9, 20)
Location(40, 2, 10, 40)
Location(41, 3, -1, 20)
Location(42, 3, -2, 20)
Location(43, 3, -3, 20)
Location(44, 3, -4, 20)
Location(45, 3, -5, 20)
Location(46, 3, -6, 20)
Location(47, 3, -7, 20)
Location(48, 3, -8, 20)
Location(49, 3, -9, 20)
Location(50, 3, -10, 40)
Location(51, 3, 1, 20)
Location(52, 3, 2, 20)
Location(53, 3, 3, 20)
Location(54, 3, 4, 20)
Location(55, 3, 5, 20)
Location(56, 3, 6, 20)
Location(57, 3, 7, 20)
Location(58, 3, 8, 20)
Location(59, 3, 9, 20)
Location(60, 3, 10, 40)
Location(61, 4, -1, 20)
Location(62, 4, -2, 20)
Location(63, 4, -3, 20)
Location(64, 4, -4, 20)
Location(65, 4, -5, 20)
Location(66, 4, -6, 20)
Location(67, 4, -7, 20)
Location(68, 4, -8, 20)
Location(69, 4, -9, 20)
Location(70, 4, -10, 40)
Location(71, 4, 1, 20)
Location(72, 4, 2, 20)
Location(73, 4, 3, 20)
Location(74, 4, 4, 20)
Location(75, 4, 5, 20)
Location(76, 4, 6, 20)
Location(77, 4, 7, 20)
Location(78, 4, 8, 20)
Location(79, 4, 9, 20)
Location(80, 4, 10, 40)
Location(81, 5, -1, 20)
Location(82, 5, -2, 20)
Location(83, 5, -3, 20)
Location(84, 5, -4, 20)
Location(85, 5, -5, 20)
Location(86, 5, -6, 20)
Location(87, 5, -7, 20)
Location(88, 5, -8, 20)
Location(89, 5, -9, 20)
Location(90, 5, -10, 40)
Location(91, 5, 1, 20)
Location(92, 5, 2, 20)
Location(93, 5, 3, 20)
Location(94, 5, 4, 20)
Location(95, 5, 5, 20)
Location(96, 5, 6, 20)
Location(97, 5, 7, 20)
Location(98, 5, 8, 20)
Location(99, 5, 9, 20)
Location(100, 5, 10, 40)

Frequencias: [46, 37, 40, 47, 41, 40, 41, 46, 5, 6, 6, 6, 6, 4, 4, 11, 5, 3, 5, 5, 9, 4, 3, 3, 3, 5, 3, 4, 1, 5, 6, 7, 4, 3, 3, 4, 3, 5, 0, 0]

Matriz de coocorrencia: 
40×40 Matrix{Int64}:
  0  20  23  28  21  23  21  18  2  3  3  3  4  3  3  2  1  1  2  2  7  4  1  3  2  2  0  1  0  1  2  3  1  0  2  2  2  3  0  0
 20   0  20  13  14  17  17  20  3  3  1  4  3  0  1  5  0  1  4  1  3  4  2  0  0  2  1  1  0  1  1  5  1  2  2  1  2  1  0  0
 23  20   0  18  16  18  17  18  3  3  0  4  2  2  0  5  1  1  1  0  2  2  2  1  0  2  1  2  1  3  2  3  3  2  2  3  2  3  0  0
 28  13  18   0  17  24  21  18  1  2  4  1  5  2  3  6  4  2  2  3  5  1  1  2  3  3  2  2  0  1  0  1  2  1  2  2  1  2  0  0
 21  14  16  17   0  19  22  16  1  2  3  4  2  3  3  3  1  1  3  0  2  1  1  2  2  3  1  2  0  3  0  2  2  1  0  3  0  2  0  0
 23  17  18  24  19   0  20  20  3  3  2  3  3  2  1  6  3  1  1  2  4  4  2  2  1  2  1  1  0  0  0  2  2  2  2  2  1  1  0  0
 21  17  17  21  22  20   0  17  4  2  2  3  3  0  3  5  2  0  2  3  3  2  1  2  1  3  2  1  1  3  1  4  1  1  1  2  0  3  0  0
 18  20  18  18  16  20  17   0  0  1  1  2  3  2  1  3  4  2  3  4  3  3  3  0  0  2  0  1  1  2  3  4  2  0  3  1  0  4  0  0
  2   3   3   1   1   3   4   0  0  1  0  1  0  0  0  0  0  0  0  0  1  0  0  0  0  0  1  0  0  0  0  0  0  1  0  0  0  0  0  0
  3   3   3   2   2   3   2   1  1  0  0  0  0  0  0  0  0  0  0  0  3  0  0  0  0  1  0  0  0  0  1  1  0  1  1  0  0  0  0  0
  3   1   0   4   3   2   2   1  0  0  0  1  0  0  1  0  1  1  0  0  0  0  0  1  0  0  0  0  0  0  0  0  0  0  1  1  1  0  0  0
  3   4   4   1   4   3   3   2  1  0  1  0  0  0  0  1  0  0  0  0  0  0  0  0  0  0  0  0  0  1  0  1  0  2  0  0  1  0  0  0
  4   3   2   5   2   3   3   3  0  0  0  0  0  0  0  0  0  0  0  0  0  0  1  0  0  1  0  0  0  0  0  1  0  0  0  0  0  0  0  0
  3   0   2   2   3   2   0   2  0  0  0  0  0  0  0  1  1  0  0  0  0  0  0  0  0  0  0  1  0  1  1  0  0  0  0  0  0  1  0  0
  3   1   0   3   3   1   3   1  0  0  1  0  0  0  0  0  0  0  0  0  0  1  0  1  0  0  0  0  0  0  0  1  0  0  0  0  0  0  0  0
  2   5   5   6   3   6   5   3  0  0  0  1  0  1  0  0  0  0  0  0  0  1  0  0  1  1  1  2  0  1  1  0  0  1  0  0  0  0  0  0
  1   0   1   4   1   3   2   4  0  0  1  0  0  1  0  0  0  0  0  1  1  0  0  0  0  0  0  0  0  0  0  0  0  0  1  0  0  2  0  0
  1   1   1   2   1   1   0   2  0  0  1  0  0  0  0  0  0  0  1  0  0  0  0  0  0  0  0  0  0  0  0  0  1  0  0  0  0  0  0  0
  2   4   1   2   3   1   2   3  0  0  0  0  0  0  0  0  0  1  0  0  0  0  0  0  0  0  0  0  0  0  0  1  0  0  0  0  0  0  0  0
  2   1   0   3   0   2   3   4  0  0  0  0  0  0  0  0  1  0  0  0  1  1  0  0  0  0  0  0  0  0  1  0  0  0  0  0  0  1  0  0
  7   3   2   5   2   4   3   3  1  3  0  0  0  0  0  0  1  0  0  1  0  0  0  0  1  2  0  0  0  0  1  1  0  0  0  0  0  2  0  0
  4   4   2   1   1   4   2   3  0  0  0  0  0  0  1  1  0  0  0  1  0  0  0  0  0  0  0  0  0  0  0  1  0  0  0  0  0  0  0  0
  1   2   2   1   1   2   1   3  0  0  0  0  1  0  0  0  0  0  0  0  0  0  0  0  0  0  0  0  0  0  0  1  1  0  0  0  0  0  0  0
  3   0   1   2   2   2   2   0  0  0  1  0  0  0  1  0  0  0  0  0  0  0  0  0  0  0  0  0  0  0  0  0  0  0  0  1  0  0  0  0
  2   0   0   3   2   1   1   0  0  0  0  0  0  0  0  1  0  0  0  0  1  0  0  0  0  1  1  0  0  0  0  0  0  0  0  0  0  0  0  0
  2   2   2   3   3   2   3   2  0  1  0  0  1  0  0  1  0  0  0  0  2  0  0  0  1  0  0  0  0  1  0  2  0  0  0  0  0  0  0  0
  0   1   1   2   1   1   2   0  1  0  0  0  0  0  0  1  0  0  0  0  0  0  0  0  1  0  0  0  0  0  0  0  0  0  0  0  0  0  0  0
  1   1   2   2   2   1   1   1  0  0  0  0  0  1  0  2  0  0  0  0  0  0  0  0  0  0  0  0  0  0  1  0  0  0  0  0  0  0  0  0
  0   0   1   0   0   0   1   1  0  0  0  0  0  0  0  0  0  0  0  0  0  0  0  0  0  0  0  0  0  1  1  0  0  0  0  1  0  0  0  0
  1   1   3   1   3   0   3   2  0  0  0  1  0  1  0  1  0  0  0  0  0  0  0  0  0  1  0  0  1  0  2  1  0  1  0  1  0  0  0  0
  2   1   2   0   0   0   1   3  0  1  0  0  0  1  0  1  0  0  0  1  1  0  0  0  0  0  0  1  1  2  0  0  0  0  1  1  0  0  0  0
  3   5   3   1   2   2   4   4  0  1  0  1  1  0  1  0  0  0  1  0  1  1  1  0  0  2  0  0  0  1  0  0  0  0  0  0  1  1  0  0
  1   1   3   2   2   2   1   2  0  0  0  0  0  0  0  0  0  1  0  0  0  0  1  0  0  0  0  0  0  0  0  0  0  0  0  1  0  0  0  0
  0   2   2   1   1   2   1   0  1  1  0  2  0  0  0  1  0  0  0  0  0  0  0  0  0  0  0  0  0  1  0  0  0  0  0  0  0  0  0  0
  2   2   2   2   0   2   1   3  0  1  1  0  0  0  0  0  1  0  0  0  0  0  0  0  0  0  0  0  0  0  1  0  0  0  0  0  0  0  0  0
  2   1   3   2   3   2   2   1  0  0  1  0  0  0  0  0  0  0  0  0  0  0  0  1  0  0  0  0  1  1  1  0  1  0  0  0  0  0  0  0
  2   2   2   1   0   1   0   0  0  0  1  1  0  0  0  0  0  0  0  0  0  0  0  0  0  0  0  0  0  0  0  1  0  0  0  0  0  0  0  0
  3   1   3   2   2   1   3   4  0  0  0  0  0  1  0  0  2  0  0  1  2  0  0  0  0  0  0  0  0  0  0  1  0  0  0  0  0  0  0  0
  0   0   0   0   0   0   0   0  0  0  0  0  0  0  0  0  0  0  0  0  0  0  0  0  0  0  0  0  0  0  0  0  0  0  0  0  0  0  0  0
  0   0   0   0   0   0   0   0  0  0  0  0  0  0  0  0  0  0  0  0  0  0  0  0  0  0  0  0  0  0  0  0  0  0  0  0  0  0  0  0
SKU(46, 203.0, 0.07)
SKU(37, 162.0, 0.08)
SKU(40, 98.0, 0.21)
SKU(47, 156.0, 0.1)
SKU(41, 122.0, 0.13)
SKU(40, 165.0, 0.08)
SKU(41, 183.0, 0.07)
SKU(46, 148.0, 0.11)
SKU(5, 48.0, 0.09)
SKU(6, 38.0, 0.21)
SKU(6, 48.0, 0.11)
SKU(6, 48.0, 0.12)
SKU(6, 35.0, 0.19)
SKU(4, 51.0, 0.07)
SKU(4, 77.0, 0.05)
SKU(11, 71.0, 0.09)
SKU(5, 58.0, 0.08)
SKU(3, 34.0, 0.12)
SKU(5, 27.0, 0.26)
SKU(5, 32.0, 0.17)
SKU(9, 84.0, 0.07)
SKU(4, 33.0, 0.16)
SKU(3, 35.0, 0.1)
SKU(3, 75.0, 0.05)
SKU(3, 36.0, 0.11)
SKU(5, 54.0, 0.09)
SKU(3, 36.0, 0.13)
SKU(4, 28.0, 0.16)
SKU(1, 39.0, 0.06)
SKU(5, 93.0, 0.04)
SKU(6, 37.0, 0.15)
SKU(7, 89.0, 0.06)
SKU(4, 65.0, 0.07)
SKU(3, 58.0, 0.05)
SKU(3, 26.0, 0.12)
SKU(4, 24.0, 0.16)
SKU(3, 72.0, 0.04)
SKU(5, 34.0, 0.14)
SKU(0, 18.0, 0.08)
SKU(0, 14.0, 0.12)

extremidades das matrizes:
S_hat: (-0.12273030440908524, 0.7909461213622092)
S_hat * P: (-0.12127039045862129, 0.7151685211678277)
W * S_hat: (-0.08195694228155298, 1.2591752468260364)
W * S_hat * P: (0.0, 1.1395653188255594)
correlacao{S_hat, S_hat_hat} = 0.9568461673618939

Posicao 1 (Corredor 1, Prateleira -1)
   SKU 1 -> 203
   SKU 6 -> 5
   SKU 7 -> 77

Posicao 2 (Corredor 1, Prateleira -2)
   SKU 5 -> 95
   SKU 15 -> 77
   SKU 30 -> 93

Posicao 3 (Corredor 1, Prateleira -3)
   SKU 10 -> 38
   SKU 12 -> 48
   SKU 33 -> 65

Posicao 11 (Corredor 1, Prateleira 1)
   SKU 4 -> 1
   SKU 6 -> 156
   SKU 7 -> 106

Posicao 12 (Corredor 1, Prateleira 2)
   SKU 4 -> 86
   SKU 21 -> 84
   SKU 32 -> 89

Posicao 13 (Corredor 1, Prateleira 3)
   SKU 31 -> 37
   SKU 34 -> 58
   SKU 38 -> 34

Posicao 21 (Corredor 2, Prateleira -1)
   SKU 2 -> 162
   SKU 4 -> 67
   SKU 6 -> 4

Posicao 22 (Corredor 2, Prateleira -2)
   SKU 3 -> 58
   SKU 26 -> 54
   SKU 37 -> 72

Posicao 23 (Corredor 2, Prateleira -3)
   SKU 19 -> 27
   SKU 20 -> 32
   SKU 23 -> 35

Posicao 31 (Corredor 2, Prateleira 1)
   SKU 4 -> 2
   SKU 5 -> 27
   SKU 8 -> 148

Posicao 32 (Corredor 2, Prateleira 2)
   SKU 3 -> 40
   SKU 16 -> 71
   SKU 17 -> 58

Posicao 33 (Corredor 2, Prateleira 3)
   SKU 27 -> 36
   SKU 28 -> 28
   SKU 29 -> 39

Posicao 38 (Corredor 2, Prateleira 8)
   SKU 39 -> 18
   SKU 40 -> 14

Posicao 41 (Corredor 3, Prateleira -1)
   SKU 11 -> 48
   SKU 14 -> 51
   SKU 24 -> 75

Posicao 42 (Corredor 3, Prateleira -2)
   SKU 25 -> 36
   SKU 35 -> 26
   SKU 36 -> 24

Posicao 51 (Corredor 3, Prateleira 1)
   SKU 9 -> 48
   SKU 13 -> 35
   SKU 22 -> 33

Posicao 52 (Corredor 3, Prateleira 2)
   SKU 18 -> 34

