Rota do Picker 1: [0, 1, 21, 26, 66, 46, 45, 10, 4, 27, 47, 76, 14, 12, 43, 3, 64, 83, 23, 0]
Rota do Picker 2: [0, 1, 22, 96, 55, 12, 52, 51, 26, 47, 46, 66, 45, 23, 83, 32, 21, 41, 33, 14, 27, 3, 10, 89, 61, 24, 64, 20, 57, 37, 17, 71, 0]
Rota do Picker 3: [0, 47, 1, 12, 17, 37, 57, 20, 94, 32, 72, 14, 55, 21, 41, 42, 64, 84, 52, 5, 10, 93, 13, 71, 0]
Rota do Picker 4: [0, 23, 43, 12, 41, 61, 10, 47, 1, 21, 17, 37, 57, 55, 94, 72, 52, 0]
Rota do Picker 5: [0, 21, 1, 64, 26, 45, 2, 41, 33, 23, 22, 62, 57, 12, 17, 55, 37, 14, 52, 32, 71, 0]
Rota do Picker 6: [0, 1, 21, 12, 52, 17, 37, 94, 23, 42, 22, 61, 72, 96, 97, 57, 55, 41, 93, 0]

Caso de teste: SLAPRP_Guo_small_O100_alpha0.3_v2.txt

Distancia Total: 888.0
Quantidade de Pickers: 6
