Rota do Picker 1: [0, 21, 0]
Rota do Picker 2: [0, 1, 21, 10, 13, 33, 51, 11, 41, 42, 22, 3, 12, 2, 0]
Rota do Picker 3: [0, 1, 21, 2, 4, 10, 11, 13, 31, 71, 51, 32, 12, 23, 41, 22, 0]
Rota do Picker 4: [0, 13, 51, 11, 31, 12, 2, 10, 4, 3, 41, 21, 1, 42, 22, 0]
Rota do Picker 5: [0, 23, 2, 21, 1, 10, 22, 11, 71, 31, 12, 32, 0]
Rota do Picker 6: [0, 32, 12, 11, 1, 61, 2, 42, 22, 21, 41, 3, 23, 31, 71, 0]
Rota do Picker 7: [0, 13, 12, 11, 2, 42, 22, 1, 41, 21, 31, 51, 3, 23, 10, 0]
Rota do Picker 8: [0, 1, 3, 2, 22, 21, 12, 32, 33, 13, 41, 61, 51, 31, 11, 0]
Rota do Picker 9: [0, 21, 11, 2, 22, 42, 61, 1, 3, 23, 51, 31, 71, 13, 32, 12, 0]
Rota do Picker 10: [0, 2, 10, 61, 41, 21, 1, 11, 31, 51, 32, 12, 0]
Rota do Picker 11: [0, 1, 12, 32, 61, 41, 21, 42, 10, 3, 31, 11, 22, 2, 0]
Rota do Picker 12: [0, 31, 1, 21, 2, 22, 4, 41, 71, 51, 11, 12, 32, 13, 0]

Caso de teste: SLAPRP_Guo_small_O200_alpha0.3_v5.txt

Distancia Total: 654.0
Quantidade de Pickers: 12
