Rota do Picker 1: [0, 1, 0]
Rota do Picker 2: [0, 1, 0]
Rota do Picker 3: [0, 1, 0]
Rota do Picker 4: [0, 5, 6, 8, 27, 65, 45, 4, 82, 62, 42, 22, 41, 1, 21, 44, 7, 26, 3, 23, 43, 83, 52, 72, 0]
Rota do Picker 5: [0, 1, 21, 64, 65, 3, 23, 83, 63, 44, 46, 26, 6, 45, 5, 4, 8, 7, 43, 24, 42, 22, 41, 0]
Rota do Picker 6: [0, 1, 21, 4, 24, 6, 26, 27, 7, 23, 63, 82, 62, 42, 22, 44, 64, 43, 45, 5, 3, 0]
Rota do Picker 7: [0, 37, 1, 21, 41, 61, 3, 23, 43, 72, 92, 52, 74, 36, 54, 34, 5, 25, 45, 64, 44, 24, 4, 6, 63, 42, 22, 0]
Rota do Picker 8: [0, 21, 41, 61, 63, 23, 42, 22, 62, 14, 17, 55, 16, 5, 7, 65, 45, 6, 83, 43, 73, 13, 93, 53, 44, 24, 4, 3, 1, 0]
Rota do Picker 9: [0, 1, 21, 41, 61, 81, 3, 6, 26, 5, 7, 8, 23, 64, 44, 24, 4, 34, 32, 92, 72, 51, 25, 45, 46, 82, 42, 0]
Rota do Picker 10: [0, 3, 83, 7, 27, 6, 5, 43, 61, 41, 21, 1, 24, 64, 23, 42, 22, 62, 8, 25, 16, 36, 0]
Rota do Picker 11: [0, 3, 24, 64, 42, 62, 82, 5, 65, 4, 23, 43, 51, 71, 75, 35, 32, 12, 72, 55, 14, 54, 74, 81, 61, 41, 21, 1, 0]
Rota do Picker 12: [0, 81, 21, 22, 42, 5, 25, 24, 46, 26, 8, 41, 61, 65, 45, 63, 83, 43, 4, 3, 23, 62, 1, 18, 0]
Rota do Picker 13: [0, 31, 71, 12, 32, 37, 46, 26, 8, 25, 41, 61, 34, 74, 93, 73, 27, 6, 22, 44, 5, 43, 3, 63, 23, 64, 24, 4, 21, 1, 0]
Rota do Picker 14: [0, 12, 15, 35, 14, 54, 56, 36, 16, 52, 32, 1, 81, 41, 24, 5, 6, 3, 43, 83, 63, 23, 7, 4, 21, 62, 42, 22, 0]

Caso de teste: SLAPRP_Guo_small_O200_alpha0.4_v5.txt

Distancia Total: 1270.0
Quantidade de Pickers: 14
