Rota do Picker 1: [0, 1, 3, 83, 0]
Rota do Picker 2: [0, 1, 21, 41, 61, 81, 4, 5, 25, 17, 36, 16, 35, 63, 43, 65, 46, 26, 6, 23, 3, 62, 22, 42, 24, 44, 33, 0]
Rota do Picker 3: [0, 1, 22, 4, 5, 24, 84, 43, 55, 73, 93, 53, 35, 15, 41, 21, 3, 23, 7, 74, 0]
Rota do Picker 4: [0, 73, 53, 43, 23, 3, 21, 1, 41, 4, 45, 5, 7, 22, 42, 55, 15, 91, 0]
Rota do Picker 5: [0, 1, 41, 14, 34, 94, 8, 62, 73, 33, 51, 84, 44, 64, 16, 24, 42, 82, 22, 61, 81, 6, 26, 5, 4, 27, 35, 55, 15, 74, 54, 53, 21, 0]

Caso de teste: SLAPRP_Guo_small_O50_alpha0.2_v2.txt

Distancia Total: 536.0
Quantidade de Pickers: 5
