Rota do Picker 1: [0, 21, 0]
Rota do Picker 2: [0, 21, 0]
Rota do Picker 3: [0, 21, 4, 24, 64, 3, 62, 82, 22, 26, 8, 7, 5, 42, 41, 81, 6, 43, 23, 61, 1, 0]
Rota do Picker 4: [0, 82, 62, 42, 22, 4, 24, 8, 27, 64, 44, 25, 45, 5, 83, 43, 23, 3, 41, 21, 1, 81, 0]
Rota do Picker 5: [0, 21, 3, 23, 43, 81, 1, 22, 82, 42, 5, 7, 27, 25, 45, 41, 11, 91, 51, 31, 18, 55, 34, 14, 32, 12, 0]
Rota do Picker 6: [0, 21, 41, 81, 61, 5, 25, 43, 63, 23, 7, 52, 53, 33, 3, 26, 46, 6, 42, 62, 82, 22, 1, 24, 44, 0]
Rota do Picker 7: [0, 1, 3, 4, 24, 7, 26, 64, 5, 6, 45, 43, 23, 63, 83, 22, 42, 62, 82, 25, 65, 44, 21, 0]
Rota do Picker 8: [0, 4, 24, 44, 64, 26, 54, 13, 15, 36, 93, 14, 34, 74, 71, 61, 41, 35, 56, 12, 32, 37, 17, 45, 5, 43, 23, 3, 42, 22, 21, 81, 1, 0]
Rota do Picker 9: [0, 41, 21, 22, 42, 43, 63, 3, 23, 5, 25, 45, 4, 24, 55, 2, 62, 1, 6, 7, 34, 74, 0]
Rota do Picker 10: [0, 1, 21, 41, 61, 81, 22, 82, 62, 42, 3, 46, 4, 43, 23, 65, 8, 27, 5, 0]
Rota do Picker 11: [0, 1, 3, 43, 83, 63, 23, 22, 5, 45, 65, 7, 26, 41, 21, 82, 62, 42, 24, 4, 0]
Rota do Picker 12: [0, 3, 1, 21, 61, 81, 4, 5, 25, 8, 6, 41, 65, 64, 23, 43, 18, 14, 34, 0]

Caso de teste: SLAPRP_Guo_small_O200_alpha0.3_v3.txt

Distancia Total: 1006.0
Quantidade de Pickers: 12
