Rota do Picker 1: [0, 1, 0]
Rota do Picker 2: [0, 1, 0]
Rota do Picker 3: [0, 41, 61, 81, 5, 7, 6, 8, 42, 22, 82, 62, 25, 45, 44, 4, 46, 26, 43, 23, 21, 1, 0]
Rota do Picker 4: [0, 27, 61, 41, 1, 21, 23, 83, 7, 8, 26, 4, 84, 64, 24, 43, 63, 45, 42, 62, 82, 5, 46, 6, 37, 56, 0]
Rota do Picker 5: [0, 31, 51, 25, 65, 46, 26, 64, 81, 21, 1, 41, 23, 5, 7, 44, 4, 24, 43, 63, 62, 82, 22, 54, 75, 0]
Rota do Picker 6: [0, 1, 21, 41, 37, 16, 35, 75, 53, 33, 36, 18, 63, 23, 3, 61, 81, 14, 34, 56, 93, 82, 22, 44, 27, 26, 25, 5, 0]
Rota do Picker 7: [0, 1, 12, 26, 6, 5, 61, 41, 21, 81, 45, 65, 24, 44, 8, 62, 42, 82, 74, 54, 4, 23, 83, 63, 43, 3, 7, 71, 51, 0]
Rota do Picker 8: [0, 1, 21, 41, 61, 42, 82, 62, 27, 3, 23, 24, 44, 64, 4, 46, 26, 6, 63, 43, 45, 5, 22, 0]
Rota do Picker 9: [0, 91, 36, 92, 52, 42, 61, 41, 1, 21, 81, 23, 43, 62, 22, 32, 15, 75, 73, 93, 74, 54, 34, 16, 35, 14, 0]
Rota do Picker 10: [0, 1, 3, 23, 65, 26, 46, 7, 8, 5, 62, 42, 41, 21, 0]
Rota do Picker 11: [0, 6, 73, 93, 4, 42, 22, 3, 64, 44, 24, 25, 45, 65, 23, 83, 63, 43, 27, 5, 61, 41, 21, 1, 0]
Rota do Picker 12: [0, 1, 81, 21, 41, 23, 43, 83, 5, 46, 26, 4, 25, 27, 7, 62, 42, 22, 0]
Rota do Picker 13: [0, 1, 21, 61, 81, 41, 5, 45, 13, 93, 14, 54, 73, 16, 36, 15, 72, 92, 26, 3, 23, 42, 65, 4, 24, 37, 35, 34, 91, 22, 62, 0]
Rota do Picker 14: [0, 1, 21, 5, 6, 8, 45, 4, 3, 23, 24, 64, 43, 63, 7, 44, 61, 41, 83, 25, 42, 22, 0]

Caso de teste: SLAPRP_Guo_small_O200_alpha0.2_v9.txt

Distancia Total: 1372.0
Quantidade de Pickers: 14
