Rota do Picker 1: [0, 34, 35, 15, 32, 12, 96, 93, 73, 53, 33, 36, 18, 38, 56, 54, 17, 58, 39, 20, 52, 57, 55, 75, 19, 16, 14, 77, 91, 21, 0]
Rota do Picker 2: [0, 1, 12, 52, 34, 74, 38, 19, 3, 21, 41, 13, 33, 53, 73, 20, 82, 55, 15, 54, 32, 62, 36, 16, 14, 35, 95, 77, 17, 96, 43, 18, 5, 0]
Rota do Picker 3: [0, 52, 21, 61, 1, 23, 43, 32, 71, 91, 24, 3, 12, 41, 34, 54, 0]
Rota do Picker 4: [0, 62, 23, 36, 3, 72, 52, 12, 1, 58, 17, 43, 16, 56, 53, 73, 93, 32, 92, 4, 5, 0]
Rota do Picker 5: [0, 1, 12, 32, 17, 4, 16, 5, 19, 41, 13, 33, 53, 73, 23, 77, 3, 14, 34, 54, 74, 43, 36, 52, 37, 22, 91, 35, 15, 21, 93, 0]
Rota do Picker 6: [0, 76, 33, 13, 22, 58, 18, 16, 77, 21, 41, 52, 36, 20, 96, 73, 4, 57, 74, 54, 34, 12, 35, 32, 17, 56, 91, 95, 55, 15, 14, 1, 94, 93, 53, 19, 82, 0]
Rota do Picker 7: [0, 75, 55, 35, 15, 32, 1, 16, 14, 52, 12, 54, 95, 91, 97, 17, 53, 73, 18, 13, 33, 36, 19, 34, 39, 20, 23, 38, 76, 37, 56, 0]

Caso de teste: SLAPRP_Guo_small_O100_alpha0.3_v10.txt

Distancia Total: 1410.0
Quantidade de Pickers: 7
