Rota do Picker 1: [0, 1, 21, 41, 61, 44, 4, 24, 5, 65, 15, 56, 74, 42, 7, 25, 3, 22, 26, 84, 64, 46, 6, 23, 43, 63, 0]
Rota do Picker 2: [0, 44, 27, 8, 65, 45, 5, 24, 3, 23, 4, 46, 26, 7, 25, 82, 62, 42, 6, 34, 53, 33, 41, 21, 1, 0]
Rota do Picker 3: [0, 1, 21, 41, 61, 81, 4, 45, 82, 6, 26, 7, 83, 22, 42, 5, 25, 43, 23, 3, 34, 72, 63, 44, 24, 0]
Rota do Picker 4: [0, 53, 23, 3, 65, 5, 24, 4, 41, 1, 21, 61, 6, 8, 46, 26, 25, 62, 42, 72, 92, 74, 34, 91, 71, 0]
Rota do Picker 5: [0, 42, 62, 5, 24, 26, 3, 4, 6, 8, 27, 7, 56, 18, 93, 53, 73, 33, 25, 23, 63, 81, 61, 41, 21, 1, 0]
Rota do Picker 6: [0, 34, 15, 21, 41, 61, 81, 4, 8, 46, 27, 7, 25, 5, 3, 1, 2, 22, 24, 44, 73, 92, 72, 18, 36, 31, 45, 0]
Rota do Picker 7: [0, 93, 53, 45, 4, 43, 23, 21, 1, 41, 61, 81, 51, 91, 36, 55, 92, 37, 74, 34, 56, 3, 2, 15, 16, 33, 25, 5, 22, 0]
Rota do Picker 8: [0, 53, 64, 44, 6, 65, 45, 5, 4, 3, 41, 1, 21, 24, 42, 22, 82, 25, 8, 7, 27, 0]
Rota do Picker 9: [0, 1, 24, 44, 42, 82, 62, 83, 43, 84, 7, 27, 8, 4, 64, 45, 26, 6, 23, 3, 41, 21, 61, 72, 92, 37, 75, 0]
Rota do Picker 10: [0, 1, 21, 22, 42, 62, 44, 8, 7, 33, 53, 56, 74, 34, 83, 63, 23, 45, 5, 6, 25, 24, 4, 3, 41, 0]
Rota do Picker 11: [0, 22, 23, 62, 82, 42, 45, 25, 4, 21, 41, 43, 63, 64, 44, 24, 5, 3, 1, 0]
Rota do Picker 12: [0, 53, 46, 5, 4, 1, 81, 44, 64, 54, 74, 16, 17, 35, 34, 33, 26, 6, 22, 62, 82, 42, 84, 24, 61, 41, 21, 25, 65, 23, 43, 3, 0]
Rota do Picker 13: [0, 91, 73, 75, 35, 32, 12, 21, 1, 41, 22, 52, 72, 13, 93, 53, 34, 15, 7, 6, 43, 23, 3, 4, 44, 45, 42, 0]

Caso de teste: SLAPRP_Guo_small_O200_alpha0.2_v3.txt

Distancia Total: 1662.0
Quantidade de Pickers: 13
