Rota do Picker 1: [0, 45, 26, 40, 59, 20, 60, 36, 61, 1, 2, 27, 28, 46, 30, 89, 8, 10, 50, 9, 4, 32, 0]
Rota do Picker 2: [0, 2, 27, 9, 30, 10, 50, 8, 45, 46, 26, 23, 47, 28, 1, 0]
Rota do Picker 3: [0, 2, 46, 27, 26, 28, 30, 9, 50, 10, 45, 33, 20, 40, 13, 36, 22, 68, 8, 41, 1, 0]
Rota do Picker 4: [0, 1, 40, 57, 96, 36, 59, 20, 32, 3, 22, 2, 26, 47, 27, 33, 13, 9, 8, 21, 41, 45, 46, 10, 28, 23, 11, 0]
Rota do Picker 5: [0, 1, 8, 41, 27, 87, 45, 65, 9, 3, 23, 26, 46, 28, 68, 10, 2, 32, 52, 13, 17, 0]
Rota do Picker 6: [0, 1, 21, 41, 60, 68, 26, 46, 8, 10, 11, 12, 32, 28, 27, 47, 87, 40, 38, 20, 42, 22, 2, 4, 61, 89, 9, 30, 45, 3, 0]

Caso de teste: SLAPRP_Guo_small_O100_alpha0.4_v1.txt

Distancia Total: 882.0
Quantidade de Pickers: 6
