Rota do Picker 1: [0, 32, 27, 7, 8, 10, 30, 50, 9, 45, 18, 60, 20, 39, 29, 69, 26, 46, 65, 67, 4, 87, 0]
Rota do Picker 2: [0, 1, 87, 67, 9, 29, 50, 30, 65, 45, 8, 46, 26, 64, 4, 27, 7, 28, 10, 51, 11, 12, 74, 75, 18, 20, 0]
Rota do Picker 3: [0, 21, 7, 27, 87, 45, 20, 97, 18, 2, 40, 60, 1, 3, 23, 46, 26, 22, 8, 9, 29, 89, 41, 0]
Rota do Picker 4: [0, 4, 87, 26, 8, 10, 30, 50, 46, 20, 60, 40, 18, 68, 28, 9, 69, 89, 29, 7, 1, 21, 22, 2, 51, 11, 0]
Rota do Picker 5: [0, 1, 2, 22, 8, 29, 18, 75, 40, 59, 98, 50, 46, 26, 7, 87, 30, 3, 12, 32, 13, 60, 20, 9, 27, 65, 45, 21, 0]
Rota do Picker 6: [0, 11, 40, 60, 45, 28, 8, 46, 26, 7, 27, 68, 22, 2, 3, 23, 30, 10, 9, 29, 69, 67, 87, 89, 32, 18, 1, 21, 0]
Rota do Picker 7: [0, 3, 20, 18, 97, 42, 27, 46, 9, 30, 10, 8, 7, 67, 26, 45, 65, 21, 41, 1, 51, 31, 75, 11, 0]
Rota do Picker 8: [0, 1, 7, 27, 9, 69, 50, 45, 4, 8, 10, 32, 18, 57, 13, 31, 97, 75, 20, 40, 93, 94, 74, 64, 30, 68, 28, 46, 98, 17, 12, 11, 0]
Rota do Picker 9: [0, 2, 45, 8, 50, 9, 27, 7, 4, 51, 11, 65, 30, 10, 46, 26, 87, 67, 28, 21, 41, 64, 3, 0]
Rota do Picker 10: [0, 3, 9, 29, 69, 30, 10, 7, 27, 67, 8, 46, 2, 45, 23, 64, 42, 22, 21, 26, 87, 28, 51, 31, 0]
Rota do Picker 11: [0, 31, 68, 64, 45, 7, 67, 87, 26, 46, 8, 9, 29, 40, 60, 18, 97, 27, 28, 10, 41, 75, 12, 0]
Rota do Picker 12: [0, 8, 29, 4, 22, 64, 3, 30, 2, 50, 28, 26, 21, 41, 27, 87, 11, 39, 59, 40, 20, 18, 45, 67, 10, 31, 32, 69, 9, 7, 1, 0]
Rota do Picker 13: [0, 2, 9, 65, 45, 30, 10, 8, 28, 23, 40, 39, 46, 26, 89, 29, 7, 21, 1, 17, 59, 51, 31, 60, 20, 12, 0]

Caso de teste: SLAPRP_Guo_small_O200_alpha0.3_v6.txt

Distancia Total: 2190.0
Quantidade de Pickers: 13
