Rota do Picker 1: [0, 1, 0]
Rota do Picker 2: [0, 1, 0]
Rota do Picker 3: [0, 1, 0]
Rota do Picker 4: [0, 1, 0]
Rota do Picker 5: [0, 1, 0]
Rota do Picker 6: [0, 1, 0]
Rota do Picker 7: [0, 1, 22, 5, 7, 43, 83, 35, 55, 14, 94, 36, 56, 23, 3, 21, 81, 61, 41, 4, 24, 44, 6, 45, 0]
Rota do Picker 8: [0, 12, 33, 36, 56, 24, 64, 45, 46, 75, 55, 35, 16, 14, 93, 73, 13, 1, 21, 41, 3, 23, 43, 63, 83, 15, 62, 22, 0]
Rota do Picker 9: [0, 34, 14, 41, 21, 1, 4, 24, 45, 36, 16, 75, 35, 17, 22, 82, 62, 64, 44, 6, 25, 5, 43, 23, 3, 0]
Rota do Picker 10: [0, 1, 21, 41, 61, 64, 45, 17, 12, 63, 43, 23, 65, 16, 94, 34, 13, 93, 74, 14, 25, 5, 4, 3, 0]
Rota do Picker 11: [0, 91, 1, 7, 6, 26, 8, 27, 5, 25, 92, 35, 55, 75, 82, 42, 22, 41, 21, 3, 23, 43, 24, 64, 0]
Rota do Picker 12: [0, 1, 41, 21, 4, 24, 23, 63, 22, 42, 82, 62, 5, 65, 93, 73, 8, 44, 71, 91, 26, 46, 83, 3, 43, 15, 74, 0]
Rota do Picker 13: [0, 12, 92, 15, 62, 82, 25, 45, 8, 43, 63, 23, 5, 4, 3, 65, 83, 61, 41, 21, 1, 0]
Rota do Picker 14: [0, 22, 3, 23, 43, 63, 65, 25, 5, 62, 42, 82, 64, 24, 44, 84, 46, 26, 4, 8, 27, 7, 41, 21, 1, 0]
Rota do Picker 15: [0, 11, 91, 71, 65, 45, 5, 22, 42, 62, 26, 6, 25, 27, 7, 4, 24, 35, 75, 55, 15, 16, 63, 43, 23, 3, 1, 41, 21, 0]
Rota do Picker 16: [0, 1, 41, 21, 3, 23, 24, 44, 4, 26, 5, 42, 22, 13, 33, 54, 14, 12, 0]
Rota do Picker 17: [0, 1, 81, 21, 3, 23, 83, 43, 41, 61, 6, 46, 4, 84, 53, 73, 93, 33, 7, 65, 25, 64, 24, 42, 22, 62, 26, 27, 72, 52, 12, 0]
Rota do Picker 18: [0, 1, 21, 41, 4, 5, 6, 24, 44, 2, 15, 35, 55, 75, 56, 94, 34, 14, 12, 72, 92, 73, 36, 17, 62, 22, 43, 23, 3, 0]

Caso de teste: SLAPRP_Guo_small_O200_alpha0.3_v9.txt

Distancia Total: 1414.0
Quantidade de Pickers: 18
