Rota do Picker 1: [0, 21, 2, 22, 31, 93, 76, 40, 26, 8, 28, 70, 50, 30, 66, 46, 45, 1, 60, 80, 18, 11, 0]
Rota do Picker 2: [0, 28, 8, 20, 93, 32, 14, 18, 39, 59, 26, 23, 22, 1, 10, 70, 30, 60, 76, 94, 31, 21, 0]
Rota do Picker 3: [0, 21, 41, 23, 26, 8, 28, 87, 76, 20, 60, 33, 13, 31, 70, 10, 30, 45, 65, 46, 66, 32, 0]
Rota do Picker 4: [0, 41, 3, 26, 46, 66, 8, 28, 45, 65, 39, 60, 18, 93, 12, 1, 2, 33, 13, 30, 10, 70, 50, 20, 40, 94, 31, 11, 0]
Rota do Picker 5: [0, 1, 14, 94, 13, 93, 18, 20, 80, 39, 59, 65, 45, 10, 28, 66, 26, 23, 31, 12, 52, 76, 41, 21, 9, 30, 8, 11, 0]
Rota do Picker 6: [0, 31, 94, 20, 60, 80, 8, 28, 30, 2, 93, 33, 11, 41, 22, 42, 26, 10, 50, 70, 40, 39, 76, 55, 45, 65, 0]
Rota do Picker 7: [0, 76, 10, 9, 50, 30, 26, 23, 41, 1, 66, 45, 65, 46, 42, 2, 8, 70, 59, 20, 18, 31, 32, 12, 21, 0]
Rota do Picker 8: [0, 21, 52, 40, 20, 14, 33, 93, 18, 94, 11, 23, 45, 10, 46, 26, 28, 8, 59, 39, 17, 31, 32, 12, 13, 42, 0]
Rota do Picker 9: [0, 1, 31, 20, 76, 52, 32, 66, 26, 23, 10, 50, 30, 87, 3, 2, 42, 46, 28, 45, 40, 18, 14, 11, 0]
Rota do Picker 10: [0, 2, 45, 30, 70, 50, 8, 46, 26, 41, 22, 42, 66, 28, 10, 9, 23, 3, 76, 59, 37, 55, 12, 0]
Rota do Picker 11: [0, 41, 23, 45, 8, 50, 14, 80, 10, 30, 9, 31, 18, 13, 12, 2, 3, 65, 32, 20, 76, 1, 26, 66, 46, 21, 28, 42, 22, 0]
Rota do Picker 12: [0, 32, 11, 31, 13, 33, 18, 40, 60, 9, 8, 3, 1, 21, 45, 20, 37, 17, 93, 42, 22, 26, 28, 50, 70, 10, 52, 39, 2, 87, 23, 30, 0]

Caso de teste: SLAPRP_Guo_small_O200_alpha0.3_v7.txt

Distancia Total: 2132.0
Quantidade de Pickers: 12
