Rota do Picker 1: [0, 1, 21, 41, 24, 46, 62, 23, 8, 61, 83, 4, 27, 81, 63, 25, 26, 82, 6, 43, 64, 44, 7, 5, 0]
Rota do Picker 2: [0, 23, 62, 3, 43, 45, 64, 82, 61, 5, 25, 83, 63, 24, 81, 41, 21, 1, 0]
Rota do Picker 3: [0, 1, 61, 81, 41, 21, 82, 62, 83, 33, 5, 43, 23, 0]
Rota do Picker 4: [0, 26, 24, 81, 63, 1, 5, 65, 82, 6, 43, 23, 61, 41, 21, 42, 25, 46, 7, 62, 22, 64, 83, 27, 0]
Rota do Picker 5: [0, 82, 5, 61, 64, 43, 23, 41, 21, 1, 25, 81, 44, 6, 24, 45, 63, 83, 0]
Rota do Picker 6: [0, 1, 41, 61, 6, 65, 23, 43, 46, 21, 81, 24, 27, 62, 63, 83, 5, 44, 64, 82, 25, 45, 7, 0]

Caso de teste: SLAPRP_Guo_small_O100_alpha0.4_v1.txt

Distancia Total: 760.0
Quantidade de Pickers: 6
