Rota do Picker 1: [0, 61, 81, 23, 15, 19, 1, 21, 41, 16, 58, 54, 43, 51, 71, 20, 14, 34, 74, 24, 40, 5, 3, 56, 96, 13, 33, 53, 73, 93, 35, 4, 36, 76, 63, 0]
Rota do Picker 2: [0, 1, 21, 3, 16, 13, 53, 73, 93, 76, 81, 18, 58, 41, 39, 36, 33, 42, 14, 34, 54, 74, 19, 96, 57, 20, 56, 4, 0]
Rota do Picker 3: [0, 3, 14, 34, 23, 63, 74, 33, 13, 41, 1, 21, 42, 71, 56, 61, 81, 4, 73, 93, 53, 82, 91, 43, 5, 15, 0]
Rota do Picker 4: [0, 1, 3, 23, 22, 14, 34, 21, 71, 81, 4, 24, 13, 73, 15, 63, 55, 43, 72, 41, 54, 91, 16, 82, 33, 42, 74, 5, 61, 0]
Rota do Picker 5: [0, 20, 56, 24, 71, 21, 42, 33, 16, 3, 35, 61, 23, 39, 14, 41, 81, 4, 36, 93, 73, 53, 13, 5, 1, 43, 0]
Rota do Picker 6: [0, 21, 41, 5, 43, 13, 53, 73, 93, 1, 24, 36, 23, 14, 4, 81, 71, 16, 82, 42, 61, 3, 31, 15, 91, 22, 0]
Rota do Picker 7: [0, 19, 42, 54, 24, 14, 34, 74, 18, 16, 71, 4, 36, 96, 41, 56, 1, 21, 13, 53, 73, 93, 81, 33, 23, 0]
Rota do Picker 8: [0, 5, 71, 91, 16, 20, 54, 1, 74, 34, 61, 39, 13, 53, 73, 33, 19, 14, 43, 41, 21, 76, 42, 96, 93, 56, 40, 3, 58, 0]
Rota do Picker 9: [0, 36, 93, 20, 3, 19, 4, 39, 96, 81, 58, 41, 14, 34, 54, 74, 61, 13, 33, 53, 73, 18, 5, 16, 91, 71, 21, 1, 82, 0]
Rota do Picker 10: [0, 19, 33, 61, 39, 93, 73, 13, 21, 1, 14, 34, 54, 4, 36, 20, 16, 18, 81, 53, 41, 91, 71, 0]
Rota do Picker 11: [0, 43, 71, 91, 16, 56, 18, 13, 53, 73, 93, 96, 38, 33, 82, 63, 35, 55, 5, 74, 54, 14, 34, 40, 20, 36, 21, 39, 58, 41, 1, 15, 19, 0]

Caso de teste: SLAPRP_Guo_small_O200_alpha0.4_v9.txt

Distancia Total: 2458.0
Quantidade de Pickers: 11
