Rota do Picker 1: [0, 87, 27, 46, 65, 7, 1, 21, 17, 19, 20, 97, 45, 70, 50, 26, 8, 28, 48, 9, 10, 30, 80, 60, 40, 0]
Rota do Picker 2: [0, 28, 48, 9, 69, 27, 47, 87, 45, 19, 60, 20, 8, 89, 30, 10, 7, 46, 26, 0]
Rota do Picker 3: [0, 55, 17, 20, 31, 22, 48, 8, 9, 45, 65, 27, 7, 28, 46, 26, 70, 10, 39, 60, 40, 12, 1, 0]
Rota do Picker 4: [0, 45, 8, 27, 50, 30, 28, 48, 80, 20, 40, 13, 97, 37, 19, 17, 7, 87, 10, 9, 46, 26, 1, 0]
Rota do Picker 5: [0, 74, 94, 28, 1, 45, 8, 46, 26, 10, 7, 9, 50, 70, 30, 27, 12, 55, 75, 19, 98, 17, 36, 60, 40, 39, 18, 76, 37, 11, 0]
Rota do Picker 6: [0, 26, 46, 2, 7, 47, 87, 27, 45, 9, 48, 22, 28, 8, 10, 21, 41, 59, 39, 19, 20, 40, 60, 80, 50, 55, 18, 0]

Caso de teste: SLAPRP_Guo_small_O100_alpha0.4_v1.txt

Distancia Total: 940.0
Quantidade de Pickers: 6
