Rota do Picker 1: [0, 7, 9, 48, 46, 69, 89, 65, 8, 26, 10, 87, 30, 45, 50, 27, 21, 47, 20, 0]
Rota do Picker 2: [0, 47, 65, 27, 41, 50, 2, 21, 26, 1, 97, 89, 30, 69, 83, 3, 87, 20, 45, 46, 10, 9, 48, 8, 7, 0]
Rota do Picker 3: [0, 41, 11, 74, 75, 19, 7, 30, 0]
Rota do Picker 4: [0, 64, 8, 9, 10, 40, 97, 30, 45, 3, 83, 47, 21, 48, 20, 1, 7, 27, 87, 2, 65, 51, 46, 26, 41, 0]
Rota do Picker 5: [0, 7, 47, 40, 27, 87, 10, 30, 45, 21, 50, 89, 65, 64, 69, 26, 46, 9, 48, 8, 3, 0]
Rota do Picker 6: [0, 21, 7, 27, 87, 9, 46, 41, 26, 10, 45, 3, 8, 50, 64, 48, 65, 2, 1, 69, 0]
Rota do Picker 7: [0, 27, 97, 65, 1, 51, 94, 7, 50, 30, 10, 26, 3, 20, 46, 40, 41, 87, 45, 2, 21, 48, 64, 9, 60, 8, 19, 0]
Rota do Picker 8: [0, 20, 9, 8, 3, 64, 7, 87, 30, 60, 27, 97, 1, 41, 84, 89, 21, 45, 50, 40, 48, 83, 65, 10, 46, 26, 2, 0]
Rota do Picker 9: [0, 83, 3, 19, 59, 51, 75, 57, 10, 98, 55, 41, 74, 7, 77, 39, 18, 93, 11, 2, 1, 40, 27, 26, 97, 0]
Rota do Picker 10: [0, 7, 27, 87, 9, 46, 26, 64, 30, 50, 65, 45, 10, 47, 8, 48, 0]
Rota do Picker 11: [0, 1, 64, 21, 41, 7, 47, 87, 9, 30, 46, 45, 48, 8, 26, 27, 10, 2, 69, 0]
Rota do Picker 12: [0, 10, 8, 1, 47, 64, 48, 21, 50, 41, 2, 7, 27, 87, 9, 46, 45, 26, 30, 65, 0]

Caso de teste: SLAPRP_Guo_small_O200_alpha0.3_v5.txt

Distancia Total: 2388.0
Quantidade de Pickers: 12
