Rota do Picker 1: [0, 21, 7, 27, 87, 20, 60, 26, 30, 40, 17, 67, 10, 9, 70, 19, 37, 83, 3, 76, 50, 46, 8, 45, 0]
Rota do Picker 2: [0, 7, 27, 10, 8, 46, 45, 70, 30, 87, 69, 50, 67, 9, 26, 96, 0]
Rota do Picker 3: [0, 17, 3, 83, 12, 46, 30, 70, 21, 48, 37, 2, 76, 20, 45, 96, 87, 67, 7, 50, 19, 9, 8, 1, 40, 10, 27, 26, 0]
Rota do Picker 4: [0, 26, 46, 8, 30, 20, 9, 87, 67, 27, 22, 1, 76, 70, 10, 64, 21, 17, 7, 45, 50, 37, 3, 83, 0]
Rota do Picker 5: [0, 11, 36, 59, 40, 17, 20, 18, 75, 55, 39, 74, 19, 60, 77, 37, 12, 45, 10, 30, 7, 98, 76, 94, 93, 13, 0]
Rota do Picker 6: [0, 26, 10, 50, 37, 40, 8, 45, 64, 9, 27, 30, 67, 21, 48, 70, 2, 46, 7, 87, 0]

Caso de teste: SLAPRP_Guo_small_O100_alpha0.3_v10.txt

Distancia Total: 1322.0
Quantidade de Pickers: 6
