Rota do Picker 1: [0, 2, 22, 3, 4, 21, 41, 83, 9, 51, 7, 13, 45, 46, 26, 66, 42, 23, 64, 11, 27, 67, 47, 8, 17, 75, 20, 30, 0]
Rota do Picker 2: [0, 21, 41, 3, 7, 13, 20, 51, 46, 17, 10, 23, 33, 2, 22, 64, 14, 40, 79, 39, 18, 59, 77, 37, 12, 1, 26, 75, 52, 32, 27, 0]
Rota do Picker 3: [0, 66, 46, 65, 45, 26, 7, 27, 47, 61, 1, 84, 21, 30, 23, 10, 9, 8, 43, 3, 2, 41, 0]
Rota do Picker 4: [0, 3, 9, 67, 4, 2, 46, 30, 10, 66, 65, 45, 26, 7, 47, 27, 0]
Rota do Picker 5: [0, 7, 47, 20, 41, 1, 32, 52, 27, 51, 42, 22, 23, 3, 17, 43, 14, 96, 64, 11, 4, 10, 61, 84, 21, 33, 79, 59, 65, 45, 46, 26, 2, 0]
Rota do Picker 6: [0, 2, 22, 64, 84, 47, 30, 67, 7, 1, 9, 26, 45, 27, 10, 52, 66, 46, 61, 3, 21, 65, 0]
Rota do Picker 7: [0, 1, 23, 67, 13, 40, 10, 9, 17, 42, 21, 27, 3, 4, 33, 20, 45, 26, 47, 7, 22, 2, 32, 46, 0]
Rota do Picker 8: [0, 47, 7, 42, 22, 9, 26, 83, 23, 3, 1, 2, 46, 75, 64, 17, 67, 65, 27, 10, 4, 61, 45, 8, 0]
Rota do Picker 9: [0, 17, 46, 47, 1, 27, 20, 10, 23, 4, 65, 61, 45, 9, 8, 7, 21, 30, 26, 3, 22, 2, 64, 41, 0]
Rota do Picker 10: [0, 7, 47, 13, 79, 45, 23, 27, 17, 26, 3, 41, 21, 32, 52, 9, 46, 20, 64, 22, 2, 96, 0]
Rota do Picker 11: [0, 13, 46, 64, 11, 30, 23, 3, 21, 22, 65, 75, 10, 4, 2, 42, 7, 47, 26, 9, 1, 27, 45, 0]
Rota do Picker 12: [0, 10, 66, 67, 3, 84, 51, 1, 7, 30, 75, 13, 9, 8, 46, 21, 26, 65, 45, 47, 27, 22, 2, 0]

Caso de teste: SLAPRP_Guo_small_O200_alpha0.2_v1.txt

Distancia Total: 2366.0
Quantidade de Pickers: 12
