Rota do Picker 1: [0, 45, 26, 89, 69, 9, 8, 7, 46, 30, 50, 47, 27, 48, 10, 37, 40, 19, 70, 1, 97, 0]
Rota do Picker 2: [0, 26, 46, 27, 87, 67, 10, 69, 9, 30, 50, 7, 8, 28, 48, 68, 45, 0]
Rota do Picker 3: [0, 1, 2, 46, 9, 10, 89, 26, 8, 45, 13, 12, 20, 60, 80, 39, 47, 27, 7, 69, 30, 37, 18, 0]
Rota do Picker 4: [0, 21, 12, 20, 40, 39, 18, 50, 70, 2, 45, 26, 47, 10, 89, 69, 9, 48, 28, 8, 30, 87, 27, 7, 46, 67, 74, 94, 0]
Rota do Picker 5: [0, 45, 7, 10, 9, 87, 67, 27, 46, 26, 8, 30, 50, 70, 47, 20, 40, 19, 28, 68, 48, 60, 97, 37, 0]
Rota do Picker 6: [0, 21, 40, 11, 31, 76, 30, 27, 45, 50, 9, 1, 67, 26, 28, 8, 48, 68, 19, 20, 18, 39, 37, 74, 36, 55, 2, 46, 7, 0]

Caso de teste: SLAPRP_Guo_small_O100_alpha0.3_v7.txt

Distancia Total: 950.0
Quantidade de Pickers: 6
