Rota do Picker 1: [0, 3, 23, 83, 63, 82, 42, 25, 45, 7, 27, 5, 8, 6, 43, 61, 41, 21, 1, 0]
Rota do Picker 2: [0, 1, 41, 61, 21, 42, 62, 4, 44, 53, 12, 16, 18, 37, 17, 74, 22, 82, 34, 35, 55, 25, 5, 8, 6, 63, 23, 43, 24, 0]
Rota do Picker 3: [0, 1, 21, 41, 5, 26, 4, 64, 43, 45, 25, 22, 42, 62, 3, 23, 15, 18, 37, 35, 6, 92, 72, 53, 33, 14, 34, 55, 16, 81, 61, 73, 93, 0]
Rota do Picker 4: [0, 21, 63, 23, 43, 17, 74, 41, 81, 61, 22, 42, 8, 27, 7, 5, 4, 24, 52, 55, 75, 34, 14, 32, 92, 56, 16, 71, 51, 1, 0]
Rota do Picker 5: [0, 21, 1, 22, 23, 43, 42, 63, 41, 81, 61, 25, 65, 5, 46, 6, 44, 64, 24, 45, 26, 4, 62, 82, 0]
Rota do Picker 6: [0, 62, 42, 3, 7, 41, 61, 21, 1, 71, 91, 51, 35, 0]

Caso de teste: SLAPRP_Guo_small_O100_alpha0.3_v1.txt

Distancia Total: 704.0
Quantidade de Pickers: 6
