Rota do Picker 1: [0, 61, 52, 32, 51, 62, 41, 47, 84, 1, 11, 31, 24, 15, 13, 21, 20, 55, 10, 9, 42, 2, 45, 30, 8, 17, 33, 12, 22, 4, 34, 93, 0]
Rota do Picker 2: [0, 19, 8, 1, 12, 32, 52, 61, 21, 34, 45, 33, 20, 93, 11, 31, 51, 72, 94, 22, 2, 10, 71, 37, 17, 57, 13, 4, 53, 0]
Rota do Picker 3: [0, 19, 1, 94, 17, 34, 32, 12, 97, 55, 37, 51, 31, 11, 8, 57, 20, 13, 40, 93, 33, 15, 14, 72, 10, 0]
Rota do Picker 4: [0, 2, 22, 13, 33, 17, 45, 8, 15, 62, 40, 43, 3, 20, 31, 11, 42, 1, 93, 52, 32, 12, 97, 51, 71, 30, 34, 14, 19, 23, 83, 55, 21, 94, 0]
Rota do Picker 5: [0, 28, 97, 51, 71, 45, 23, 21, 17, 9, 15, 20, 11, 31, 43, 42, 62, 13, 8, 53, 12, 22, 2, 33, 10, 93, 52, 32, 83, 0]
Rota do Picker 6: [0, 10, 62, 42, 30, 22, 2, 1, 8, 27, 84, 12, 5, 47, 9, 46, 26, 41, 61, 28, 24, 21, 45, 43, 23, 4, 0]
Rota do Picker 7: [0, 12, 32, 17, 8, 45, 61, 91, 71, 1, 21, 5, 2, 22, 93, 51, 13, 83, 23, 42, 33, 19, 10, 52, 11, 84, 20, 31, 0]
Rota do Picker 8: [0, 5, 93, 9, 8, 30, 13, 62, 42, 31, 72, 23, 47, 27, 4, 2, 84, 52, 11, 1, 21, 3, 43, 24, 10, 22, 45, 12, 32, 41, 61, 55, 0]
Rota do Picker 9: [0, 1, 22, 42, 12, 32, 17, 43, 62, 21, 52, 8, 61, 0]
Rota do Picker 10: [0, 12, 32, 93, 10, 8, 45, 55, 30, 33, 17, 21, 43, 83, 46, 52, 84, 23, 61, 1, 72, 53, 11, 31, 51, 40, 13, 47, 5, 42, 22, 2, 37, 0]
Rota do Picker 11: [0, 13, 93, 33, 12, 4, 22, 2, 11, 17, 8, 45, 84, 23, 14, 51, 94, 30, 15, 55, 37, 53, 21, 41, 1, 32, 52, 72, 31, 71, 57, 26, 46, 20, 0]
Rota do Picker 12: [0, 13, 33, 17, 32, 97, 71, 42, 20, 31, 1, 21, 2, 11, 53, 34, 94, 40, 93, 72, 52, 12, 22, 0]

Caso de teste: SLAPRP_Guo_small_O200_alpha0.3_v5.txt

Distancia Total: 2734.0
Quantidade de Pickers: 12
