SKUs: 40
Pedidos: 51

Primeiro pedido:
Order(1, [2])

Ultimo pedido:
Order(51, [3, 4, 24])

Location(1, 1, -1, 20)
Location(2, 1, -2, 20)
Location(3, 1, -3, 20)
Location(4, 1, -4, 20)
Location(5, 1, -5, 20)
Location(6, 1, -6, 20)
Location(7, 1, -7, 20)
Location(8, 1, -8, 20)
Location(9, 1, -9, 20)
Location(10, 1, -10, 40)
Location(11, 1, 1, 20)
Location(12, 1, 2, 20)
Location(13, 1, 3, 20)
Location(14, 1, 4, 20)
Location(15, 1, 5, 20)
Location(16, 1, 6, 20)
Location(17, 1, 7, 20)
Location(18, 1, 8, 20)
Location(19, 1, 9, 20)
Location(20, 1, 10, 40)
Location(21, 2, -1, 20)
Location(22, 2, -2, 20)
Location(23, 2, -3, 20)
Location(24, 2, -4, 20)
Location(25, 2, -5, 20)
Location(26, 2, -6, 20)
Location(27, 2, -7, 20)
Location(28, 2, -8, 20)
Location(29, 2, -9, 20)
Location(30, 2, -10, 40)
Location(31, 2, 1, 20)
Location(32, 2, 2, 20)
Location(33, 2, 3, 20)
Location(34, 2, 4, 20)
Location(35, 2, 5, 20)
Location(36, 2, 6, 20)
Location(37, 2, 7, 20)
Location(38, 2, 8, 20)
Location(39, 2, 9, 20)
Location(40, 2, 10, 40)
Location(41, 3, -1, 20)
Location(42, 3, -2, 20)
Location(43, 3, -3, 20)
Location(44, 3, -4, 20)
Location(45, 3, -5, 20)
Location(46, 3, -6, 20)
Location(47, 3, -7, 20)
Location(48, 3, -8, 20)
Location(49, 3, -9, 20)
Location(50, 3, -10, 40)
Location(51, 3, 1, 20)
Location(52, 3, 2, 20)
Location(53, 3, 3, 20)
Location(54, 3, 4, 20)
Location(55, 3, 5, 20)
Location(56, 3, 6, 20)
Location(57, 3, 7, 20)
Location(58, 3, 8, 20)
Location(59, 3, 9, 20)
Location(60, 3, 10, 40)
Location(61, 4, -1, 20)
Location(62, 4, -2, 20)
Location(63, 4, -3, 20)
Location(64, 4, -4, 20)
Location(65, 4, -5, 20)
Location(66, 4, -6, 20)
Location(67, 4, -7, 20)
Location(68, 4, -8, 20)
Location(69, 4, -9, 20)
Location(70, 4, -10, 40)
Location(71, 4, 1, 20)
Location(72, 4, 2, 20)
Location(73, 4, 3, 20)
Location(74, 4, 4, 20)
Location(75, 4, 5, 20)
Location(76, 4, 6, 20)
Location(77, 4, 7, 20)
Location(78, 4, 8, 20)
Location(79, 4, 9, 20)
Location(80, 4, 10, 40)
Location(81, 5, -1, 20)
Location(82, 5, -2, 20)
Location(83, 5, -3, 20)
Location(84, 5, -4, 20)
Location(85, 5, -5, 20)
Location(86, 5, -6, 20)
Location(87, 5, -7, 20)
Location(88, 5, -8, 20)
Location(89, 5, -9, 20)
Location(90, 5, -10, 40)
Location(91, 5, 1, 20)
Location(92, 5, 2, 20)
Location(93, 5, 3, 20)
Location(94, 5, 4, 20)
Location(95, 5, 5, 20)
Location(96, 5, 6, 20)
Location(97, 5, 7, 20)
Location(98, 5, 8, 20)
Location(99, 5, 9, 20)
Location(100, 5, 10, 40)

Frequencias: [19, 33, 23, 25, 19, 22, 24, 16, 0, 3, 4, 3, 2, 1, 1, 2, 4, 3, 3, 2, 4, 3, 5, 3, 4, 2, 0, 4, 3, 2, 1, 4, 3, 2, 3, 1, 3, 2, 0, 0]

Matriz de coocorrencia: 
40×40 Matrix{Int64}:
  0  15  10  10  10   9   9   7  0  2  1  2  1  0  1  0  3  0  1  2  1  1  2  0  2  1  0  1  0  2  0  1  0  1  2  0  0  1  0  0
 15   0  15  17  14  15  13  12  0  2  4  2  2  1  1  0  3  3  1  2  1  3  3  1  2  1  0  1  2  1  0  2  3  2  2  0  0  1  0  0
 10  15   0  13  13  14  12   8  0  1  2  2  1  0  1  1  3  0  0  1  1  0  2  1  3  0  0  1  0  0  0  1  0  1  1  1  2  1  0  0
 10  17  13   0  14  12  14  10  0  1  3  0  1  1  0  2  2  2  3  2  3  2  3  3  3  1  0  2  0  0  0  3  2  1  1  1  0  2  0  0
 10  14  13  14   0  11   9   7  0  0  1  1  1  0  1  1  2  2  2  1  2  0  2  0  2  0  0  0  1  0  0  1  1  2  2  1  0  1  0  0
  9  15  14  12  11   0  14   7  0  1  2  3  0  0  1  1  2  0  1  2  1  1  4  0  2  0  0  1  2  0  1  2  0  0  2  1  2  1  0  0
  9  13  12  14   9  14   0   9  0  2  2  1  1  0  0  2  2  0  2  2  3  1  3  1  3  0  0  2  1  0  1  3  0  1  1  1  3  0  0  0
  7  12   8  10   7   7   9   0  0  1  2  0  1  1  0  1  0  2  3  0  2  1  2  1  0  1  0  2  1  0  1  3  2  1  2  0  0  0  0  0
  0   0   0   0   0   0   0   0  0  0  0  0  0  0  0  0  0  0  0  0  0  0  0  0  0  0  0  0  0  0  0  0  0  0  0  0  0  0  0  0
  2   2   1   1   0   1   2   1  0  0  0  1  1  0  0  0  0  0  0  0  0  0  0  0  0  0  0  0  0  0  0  0  0  0  0  0  0  0  0  0
  1   4   2   3   1   2   2   2  0  0  0  0  0  0  0  0  0  1  0  0  0  0  0  0  1  1  0  0  0  0  0  1  1  0  0  0  0  0  0  0
  2   2   2   0   1   3   1   0  0  1  0  0  0  0  1  0  1  0  0  0  0  0  0  0  0  0  0  0  0  0  0  0  0  0  0  0  0  0  0  0
  1   2   1   1   1   0   1   1  0  1  0  0  0  0  0  0  0  1  0  0  0  0  0  0  0  0  0  0  1  0  0  0  0  0  0  0  0  0  0  0
  0   1   0   1   0   0   0   1  0  0  0  0  0  0  0  0  0  0  0  0  0  1  0  0  0  0  0  1  0  0  0  0  0  0  0  0  0  0  0  0
  1   1   1   0   1   1   0   0  0  0  0  1  0  0  0  0  1  0  0  0  0  0  0  0  0  0  0  0  0  0  0  0  0  0  0  0  0  0  0  0
  0   0   1   2   1   1   2   1  0  0  0  0  0  0  0  0  0  0  0  0  1  0  0  1  0  0  0  1  0  0  0  0  0  0  0  1  0  0  0  0
  3   3   3   2   2   2   2   0  0  0  0  1  0  0  1  0  0  0  0  1  0  0  0  0  1  0  0  0  0  0  0  0  0  0  0  0  0  0  0  0
  0   3   0   2   2   0   0   2  0  0  1  0  1  0  0  0  0  0  1  0  0  0  0  0  0  1  0  0  1  0  0  1  2  1  0  0  0  0  0  0
  1   1   0   3   2   1   2   3  0  0  0  0  0  0  0  0  0  1  0  0  1  0  1  0  0  0  0  0  0  0  0  1  1  1  0  0  0  0  0  0
  2   2   1   2   1   2   2   0  0  0  0  0  0  0  0  0  1  0  0  0  0  0  1  0  0  0  0  0  0  0  0  0  0  0  0  0  0  0  0  0
  1   1   1   3   2   1   3   2  0  0  0  0  0  0  0  1  0  0  1  0  0  0  0  1  1  0  0  2  0  0  0  0  0  0  0  0  1  0  0  0
  1   3   0   2   0   1   1   1  0  0  0  0  0  1  0  0  0  0  0  0  0  0  1  0  1  0  0  1  0  0  0  0  0  0  0  0  0  1  0  0
  2   3   2   3   2   4   3   2  0  0  0  0  0  0  0  0  0  0  1  1  0  1  0  0  0  0  0  0  0  0  0  1  0  0  0  0  0  0  0  0
  0   1   1   3   0   0   1   1  0  0  0  0  0  0  0  1  0  0  0  0  1  0  0  0  0  0  0  1  0  0  0  0  0  0  0  0  0  0  0  0
  2   2   3   3   2   2   3   0  0  0  1  0  0  0  0  0  1  0  0  0  1  1  0  0  0  0  0  1  0  0  0  0  0  0  0  0  1  1  0  0
  1   1   0   1   0   0   0   1  0  0  1  0  0  0  0  0  0  1  0  0  0  0  0  0  0  0  0  0  0  1  0  1  1  0  0  0  0  0  0  0
  0   0   0   0   0   0   0   0  0  0  0  0  0  0  0  0  0  0  0  0  0  0  0  0  0  0  0  0  0  0  0  0  0  0  0  0  0  0  0  0
  1   1   1   2   0   1   2   2  0  0  0  0  0  1  0  1  0  0  0  0  2  1  0  1  1  0  0  0  0  0  0  0  0  0  0  0  1  0  0  0
  0   2   0   0   1   2   1   1  0  0  0  0  1  0  0  0  0  1  0  0  0  0  0  0  0  0  0  0  0  0  1  0  0  0  1  0  0  0  0  0
  2   1   0   0   0   0   0   0  0  0  0  0  0  0  0  0  0  0  0  0  0  0  0  0  0  1  0  0  0  0  0  0  0  0  0  0  0  0  0  0
  0   0   0   0   0   1   1   1  0  0  0  0  0  0  0  0  0  0  0  0  0  0  0  0  0  0  0  0  1  0  0  0  0  0  1  0  0  0  0  0
  1   2   1   3   1   2   3   3  0  0  1  0  0  0  0  0  0  1  1  0  0  0  1  0  0  1  0  0  0  0  0  0  1  0  0  0  0  0  0  0
  0   3   0   2   1   0   0   2  0  0  1  0  0  0  0  0  0  2  1  0  0  0  0  0  0  1  0  0  0  0  0  1  0  1  0  0  0  0  0  0
  1   2   1   1   2   0   1   1  0  0  0  0  0  0  0  0  0  1  1  0  0  0  0  0  0  0  0  0  0  0  0  0  1  0  0  0  0  0  0  0
  2   2   1   1   2   2   1   2  0  0  0  0  0  0  0  0  0  0  0  0  0  0  0  0  0  0  0  0  1  0  1  0  0  0  0  0  0  0  0  0
  0   0   1   1   1   1   1   0  0  0  0  0  0  0  0  1  0  0  0  0  0  0  0  0  0  0  0  0  0  0  0  0  0  0  0  0  0  0  0  0
  0   0   2   0   0   2   3   0  0  0  0  0  0  0  0  0  0  0  0  0  1  0  0  0  1  0  0  1  0  0  0  0  0  0  0  0  0  0  0  0
  1   1   1   2   1   1   0   0  0  0  0  0  0  0  0  0  0  0  0  0  0  1  0  0  1  0  0  0  0  0  0  0  0  0  0  0  0  0  0  0
  0   0   0   0   0   0   0   0  0  0  0  0  0  0  0  0  0  0  0  0  0  0  0  0  0  0  0  0  0  0  0  0  0  0  0  0  0  0  0  0
  0   0   0   0   0   0   0   0  0  0  0  0  0  0  0  0  0  0  0  0  0  0  0  0  0  0  0  0  0  0  0  0  0  0  0  0  0  0  0  0
SKU(19, 176.0, 0.07)
SKU(33, 211.0, 0.08)
SKU(23, 88.0, 0.21)
SKU(25, 147.0, 0.1)
SKU(19, 109.0, 0.13)
SKU(22, 162.0, 0.08)
SKU(24, 191.0, 0.07)
SKU(16, 110.0, 0.11)
SKU(0, 29.0, 0.09)
SKU(3, 29.0, 0.21)
SKU(4, 65.0, 0.11)
SKU(3, 41.0, 0.12)
SKU(2, 29.0, 0.19)
SKU(1, 48.0, 0.07)
SKU(1, 57.0, 0.05)
SKU(2, 50.0, 0.09)
SKU(4, 76.0, 0.08)
SKU(3, 45.0, 0.12)
SKU(3, 18.0, 0.26)
SKU(2, 32.0, 0.17)
SKU(4, 88.0, 0.07)
SKU(3, 37.0, 0.16)
SKU(5, 62.0, 0.1)
SKU(3, 92.0, 0.05)
SKU(4, 60.0, 0.11)
SKU(2, 50.0, 0.09)
SKU(0, 25.0, 0.13)
SKU(4, 43.0, 0.16)
SKU(3, 79.0, 0.06)
SKU(2, 99.0, 0.04)
SKU(1, 25.0, 0.15)
SKU(4, 88.0, 0.06)
SKU(3, 72.0, 0.07)
SKU(2, 79.0, 0.05)
SKU(3, 43.0, 0.12)
SKU(1, 17.0, 0.16)
SKU(3, 98.0, 0.04)
SKU(2, 30.0, 0.14)
SKU(0, 27.0, 0.08)
SKU(0, 20.0, 0.12)

Posicao 1 (Corredor 1, Prateleira -1)
   SKU 2 -> 211
   SKU 6 -> 39

Posicao 2 (Corredor 1, Prateleira -2)
   SKU 3 -> 6
   SKU 4 -> 147
   SKU 37 -> 98

Posicao 3 (Corredor 1, Prateleira -3)
   SKU 11 -> 65
   SKU 16 -> 50
   SKU 17 -> 76

Posicao 4 (Corredor 1, Prateleira -4)
   SKU 14 -> 48

Posicao 11 (Corredor 1, Prateleira 1)
   SKU 1 -> 1
   SKU 6 -> 82
   SKU 7 -> 191

Posicao 12 (Corredor 1, Prateleira 2)
   SKU 1 -> 71
   SKU 3 -> 4
   SKU 5 -> 109

Posicao 13 (Corredor 1, Prateleira 3)
   SKU 12 -> 41
   SKU 22 -> 37
   SKU 30 -> 99

Posicao 21 (Corredor 2, Prateleira -1)
   SKU 1 -> 104
   SKU 6 -> 7
   SKU 8 -> 110

Posicao 22 (Corredor 2, Prateleira -2)
   SKU 18 -> 45
   SKU 34 -> 79
   SKU 35 -> 43

Posicao 23 (Corredor 2, Prateleira -3)
   SKU 13 -> 29
   SKU 38 -> 30

Posicao 27 (Corredor 2, Prateleira -7)
   SKU 27 -> 25
   SKU 39 -> 27

Posicao 28 (Corredor 2, Prateleira -8)
   SKU 9 -> 29
   SKU 40 -> 20

Posicao 31 (Corredor 2, Prateleira 1)
   SKU 3 -> 78
   SKU 6 -> 34
   SKU 32 -> 15

Posicao 32 (Corredor 2, Prateleira 2)
   SKU 24 -> 92
   SKU 28 -> 43
   SKU 29 -> 79

Posicao 41 (Corredor 3, Prateleira -1)
   SKU 23 -> 62
   SKU 25 -> 60
   SKU 32 -> 73

Posicao 42 (Corredor 3, Prateleira -2)
   SKU 20 -> 32
   SKU 36 -> 17

Posicao 51 (Corredor 3, Prateleira 1)
   SKU 21 -> 88
   SKU 26 -> 50
   SKU 33 -> 72

Posicao 52 (Corredor 3, Prateleira 2)
   SKU 10 -> 29

Posicao 61 (Corredor 4, Prateleira -1)
   SKU 15 -> 57
   SKU 19 -> 18
   SKU 31 -> 25

