Rota do Picker 1: [0, 21, 0]
Rota do Picker 2: [0, 1, 0]
Rota do Picker 3: [0, 1, 0]
Rota do Picker 4: [0, 21, 0]
Rota do Picker 5: [0, 1, 41, 61, 3, 43, 56, 94, 34, 62, 64, 24, 5, 65, 75, 55, 35, 16, 18, 7, 6, 81, 21, 0]
Rota do Picker 6: [0, 21, 61, 3, 43, 24, 91, 94, 17, 36, 15, 55, 54, 74, 65, 45, 25, 5, 7, 62, 41, 1, 0]
Rota do Picker 7: [0, 1, 41, 61, 3, 7, 5, 25, 24, 17, 36, 18, 21, 81, 84, 44, 15, 74, 54, 56, 35, 62, 45, 26, 83, 43, 0]
Rota do Picker 8: [0, 1, 61, 91, 46, 43, 65, 5, 81, 41, 21, 24, 64, 55, 16, 82, 3, 63, 83, 45, 25, 36, 18, 15, 42, 62, 7, 74, 0]
Rota do Picker 9: [0, 93, 53, 26, 6, 43, 3, 81, 61, 41, 62, 54, 17, 35, 94, 15, 44, 24, 7, 5, 21, 1, 0]
Rota do Picker 10: [0, 84, 65, 21, 1, 41, 3, 43, 24, 64, 45, 5, 6, 62, 42, 81, 61, 0]
Rota do Picker 11: [0, 1, 21, 41, 61, 16, 18, 32, 6, 82, 62, 65, 45, 5, 44, 24, 3, 0]
Rota do Picker 12: [0, 21, 3, 7, 5, 61, 81, 26, 62, 2, 72, 12, 15, 35, 55, 75, 16, 6, 63, 43, 24, 41, 1, 0]
Rota do Picker 13: [0, 21, 55, 53, 81, 61, 41, 5, 83, 54, 74, 75, 15, 17, 16, 56, 35, 84, 65, 25, 63, 43, 3, 24, 44, 1, 0]
Rota do Picker 14: [0, 21, 1, 7, 91, 35, 55, 84, 24, 83, 43, 81, 61, 41, 62, 16, 17, 3, 0]
Rota do Picker 15: [0, 51, 91, 36, 46, 43, 63, 3, 61, 41, 21, 1, 62, 6, 54, 0]
Rota do Picker 16: [0, 1, 21, 61, 41, 24, 3, 74, 94, 15, 25, 5, 43, 83, 62, 0]

Caso de teste: SLAPRP_Guo_small_O200_alpha0.4_v4.txt

Distancia Total: 1482.0
Quantidade de Pickers: 16
