SKUs: 40
Pedidos: 102

Primeiro pedido:
Order(1, [1, 3, 6, 7, 8, 14, 38])

Ultimo pedido:
Order(102, [1, 3, 4, 5, 6, 9])

Location(1, 1, -1, 20)
Location(2, 1, -2, 20)
Location(3, 1, -3, 20)
Location(4, 1, -4, 20)
Location(5, 1, -5, 20)
Location(6, 1, -6, 20)
Location(7, 1, -7, 20)
Location(8, 1, -8, 20)
Location(9, 1, -9, 20)
Location(10, 1, -10, 40)
Location(11, 1, 1, 20)
Location(12, 1, 2, 20)
Location(13, 1, 3, 20)
Location(14, 1, 4, 20)
Location(15, 1, 5, 20)
Location(16, 1, 6, 20)
Location(17, 1, 7, 20)
Location(18, 1, 8, 20)
Location(19, 1, 9, 20)
Location(20, 1, 10, 40)
Location(21, 2, -1, 20)
Location(22, 2, -2, 20)
Location(23, 2, -3, 20)
Location(24, 2, -4, 20)
Location(25, 2, -5, 20)
Location(26, 2, -6, 20)
Location(27, 2, -7, 20)
Location(28, 2, -8, 20)
Location(29, 2, -9, 20)
Location(30, 2, -10, 40)
Location(31, 2, 1, 20)
Location(32, 2, 2, 20)
Location(33, 2, 3, 20)
Location(34, 2, 4, 20)
Location(35, 2, 5, 20)
Location(36, 2, 6, 20)
Location(37, 2, 7, 20)
Location(38, 2, 8, 20)
Location(39, 2, 9, 20)
Location(40, 2, 10, 40)
Location(41, 3, -1, 20)
Location(42, 3, -2, 20)
Location(43, 3, -3, 20)
Location(44, 3, -4, 20)
Location(45, 3, -5, 20)
Location(46, 3, -6, 20)
Location(47, 3, -7, 20)
Location(48, 3, -8, 20)
Location(49, 3, -9, 20)
Location(50, 3, -10, 40)
Location(51, 3, 1, 20)
Location(52, 3, 2, 20)
Location(53, 3, 3, 20)
Location(54, 3, 4, 20)
Location(55, 3, 5, 20)
Location(56, 3, 6, 20)
Location(57, 3, 7, 20)
Location(58, 3, 8, 20)
Location(59, 3, 9, 20)
Location(60, 3, 10, 40)
Location(61, 4, -1, 20)
Location(62, 4, -2, 20)
Location(63, 4, -3, 20)
Location(64, 4, -4, 20)
Location(65, 4, -5, 20)
Location(66, 4, -6, 20)
Location(67, 4, -7, 20)
Location(68, 4, -8, 20)
Location(69, 4, -9, 20)
Location(70, 4, -10, 40)
Location(71, 4, 1, 20)
Location(72, 4, 2, 20)
Location(73, 4, 3, 20)
Location(74, 4, 4, 20)
Location(75, 4, 5, 20)
Location(76, 4, 6, 20)
Location(77, 4, 7, 20)
Location(78, 4, 8, 20)
Location(79, 4, 9, 20)
Location(80, 4, 10, 40)
Location(81, 5, -1, 20)
Location(82, 5, -2, 20)
Location(83, 5, -3, 20)
Location(84, 5, -4, 20)
Location(85, 5, -5, 20)
Location(86, 5, -6, 20)
Location(87, 5, -7, 20)
Location(88, 5, -8, 20)
Location(89, 5, -9, 20)
Location(90, 5, -10, 40)
Location(91, 5, 1, 20)
Location(92, 5, 2, 20)
Location(93, 5, 3, 20)
Location(94, 5, 4, 20)
Location(95, 5, 5, 20)
Location(96, 5, 6, 20)
Location(97, 5, 7, 20)
Location(98, 5, 8, 20)
Location(99, 5, 9, 20)
Location(100, 5, 10, 40)

Frequencias: [42, 47, 42, 35, 62, 65, 41, 43, 11, 1, 2, 8, 5, 7, 9, 4, 1, 3, 4, 5, 5, 5, 4, 5, 3, 5, 5, 6, 4, 9, 5, 7, 7, 2, 7, 4, 5, 5, 0, 0]

Matriz de coocorrencia: 
40×40 Matrix{Int64}:
  0  22  19  16  26  29  16  19  6  1  0  4  1  3  2  1  0  0  2  1  0  2  3  2  2  4  2  2  3  6  2  3  3  1  3  3  3  2  0  0
 22   0  21  20  31  32  21  20  6  1  0  5  2  4  3  2  1  2  1  2  3  2  1  4  3  3  3  1  3  5  2  3  2  2  4  1  3  1  0  0
 19  21   0  14  25  29  17  18  4  1  1  4  3  4  5  2  0  2  1  2  4  0  4  3  1  2  2  4  2  7  2  1  1  1  4  3  3  2  0  0
 16  20  14   0  27  20  14  17  5  0  1  1  2  4  5  1  0  0  1  1  0  2  2  0  1  2  4  4  3  4  1  1  3  0  1  1  2  1  0  0
 26  31  25  27   0  33  23  25  6  0  1  8  5  3  7  2  0  2  4  2  2  2  2  3  2  1  4  4  2  7  4  6  3  0  6  2  2  3  0  0
 29  32  29  20  33   0  29  30  6  1  1  5  2  4  6  2  1  1  3  3  3  3  3  4  0  2  2  5  2  6  3  6  4  2  6  4  3  3  0  0
 16  21  17  14  23  29   0  18  4  0  0  3  2  6  6  2  1  2  2  2  3  0  0  1  0  1  0  4  1  4  2  1  2  0  3  0  2  2  0  0
 19  20  18  17  25  30  18   0  4  0  2  4  1  3  6  4  1  0  3  2  2  1  2  1  2  1  2  3  2  2  2  2  4  0  4  2  3  4  0  0
  6   6   4   5   6   6   4   4  0  0  0  1  0  2  1  0  0  0  1  0  0  0  0  0  0  2  0  0  2  0  0  0  0  0  0  0  0  0  0  0
  1   1   1   0   0   1   0   0  0  0  0  0  0  0  0  0  0  0  0  0  0  0  0  0  0  0  0  0  0  0  0  0  0  1  0  0  1  0  0  0
  0   0   1   1   1   1   0   2  0  0  0  0  0  0  1  0  0  0  0  0  0  0  0  0  0  0  0  0  0  0  0  0  1  0  0  1  0  1  0  0
  4   5   4   1   8   5   3   4  1  0  0  0  1  0  1  0  0  0  0  1  0  0  0  0  1  0  0  0  0  1  1  2  0  0  1  0  0  0  0  0
  1   2   3   2   5   2   2   1  0  0  0  1  0  0  1  0  0  1  0  0  1  0  0  1  0  0  0  0  0  1  0  0  0  0  0  0  0  0  0  0
  3   4   4   4   3   4   6   3  2  0  0  0  0  0  0  1  0  0  0  0  1  0  0  0  0  1  0  0  1  0  1  0  1  0  0  0  0  1  0  0
  2   3   5   5   7   6   6   6  1  0  1  1  1  0  0  0  0  0  0  0  0  0  1  1  0  0  0  1  0  1  0  0  1  0  2  0  0  1  0  0
  1   2   2   1   2   2   2   4  0  0  0  0  0  1  0  0  0  0  0  1  1  0  1  0  0  0  1  0  0  1  0  0  0  0  0  0  1  1  0  0
  0   1   0   0   0   1   1   1  0  0  0  0  0  0  0  0  0  0  0  0  0  0  0  0  0  0  0  0  0  0  0  0  0  0  0  0  0  0  0  0
  0   2   2   0   2   1   2   0  0  0  0  0  1  0  0  0  0  0  0  0  3  0  0  0  0  0  0  0  0  0  0  0  0  0  0  0  0  0  0  0
  2   1   1   1   4   3   2   3  1  0  0  0  0  0  0  0  0  0  0  0  0  0  0  0  0  0  0  1  0  0  1  0  1  0  0  0  0  0  0  0
  1   2   2   1   2   3   2   2  0  0  0  1  0  0  0  1  0  0  0  0  0  1  0  1  0  0  1  0  0  0  0  0  0  1  0  0  0  1  0  0
  0   3   4   0   2   3   3   2  0  0  0  0  1  1  0  1  0  3  0  0  0  0  1  0  0  0  0  0  0  0  0  0  1  0  0  0  0  0  0  0
  2   2   0   2   2   3   0   1  0  0  0  0  0  0  0  0  0  0  0  1  0  0  0  1  0  0  0  0  0  1  0  0  0  1  0  0  0  0  0  0
  3   1   4   2   2   3   0   2  0  0  0  0  0  0  1  1  0  0  0  0  1  0  0  0  0  0  0  0  0  0  0  0  0  0  0  1  0  0  0  0
  2   4   3   0   3   4   1   1  0  0  0  0  1  0  1  0  0  0  0  1  0  1  0  0  0  0  0  0  0  1  0  0  0  1  1  0  0  0  0  0
  2   3   1   1   2   0   0   2  0  0  0  1  0  0  0  0  0  0  0  0  0  0  0  0  0  0  1  0  0  0  0  0  1  0  0  0  1  0  0  0
  4   3   2   2   1   2   1   1  2  0  0  0  0  1  0  0  0  0  0  0  0  0  0  0  0  0  0  0  1  0  0  1  0  0  2  1  0  0  0  0
  2   3   2   4   4   2   0   2  0  0  0  0  0  0  0  1  0  0  0  1  0  0  0  0  1  0  0  0  1  0  0  0  1  0  0  0  1  1  0  0
  2   1   4   4   4   5   4   3  0  0  0  0  0  0  1  0  0  0  1  0  0  0  0  0  0  0  0  0  0  0  0  1  0  0  1  0  0  0  0  0
  3   3   2   3   2   2   1   2  2  0  0  0  0  1  0  0  0  0  0  0  0  0  0  0  0  1  1  0  0  0  0  0  0  0  0  0  0  0  0  0
  6   5   7   4   7   6   4   2  0  0  0  1  1  0  1  1  0  0  0  0  0  1  0  1  0  0  0  0  0  0  1  1  0  0  0  1  1  0  0  0
  2   2   2   1   4   3   2   2  0  0  0  1  0  1  0  0  0  0  1  0  0  0  0  0  0  0  0  0  0  1  0  1  0  0  0  0  0  0  0  0
  3   3   1   1   6   6   1   2  0  0  0  2  0  0  0  0  0  0  0  0  0  0  0  0  0  1  0  1  0  1  1  0  1  0  2  1  0  1  0  0
  3   2   1   3   3   4   2   4  0  0  1  0  0  1  1  0  0  0  1  0  1  0  0  0  1  0  1  0  0  0  0  1  0  0  0  0  0  2  0  0
  1   2   1   0   0   2   0   0  0  1  0  0  0  0  0  0  0  0  0  1  0  1  0  1  0  0  0  0  0  0  0  0  0  0  0  0  1  0  0  0
  3   4   4   1   6   6   3   4  0  0  0  1  0  0  2  0  0  0  0  0  0  0  0  1  0  2  0  1  0  0  0  2  0  0  0  1  0  0  0  0
  3   1   3   1   2   4   0   2  0  0  1  0  0  0  0  0  0  0  0  0  0  0  1  0  0  1  0  0  0  1  0  1  0  0  1  0  0  0  0  0
  3   3   3   2   2   3   2   3  0  1  0  0  0  0  0  1  0  0  0  0  0  0  0  0  1  0  1  0  0  1  0  0  0  1  0  0  0  0  0  0
  2   1   2   1   3   3   2   4  0  0  1  0  0  1  1  1  0  0  0  1  0  0  0  0  0  0  1  0  0  0  0  1  2  0  0  0  0  0  0  0
  0   0   0   0   0   0   0   0  0  0  0  0  0  0  0  0  0  0  0  0  0  0  0  0  0  0  0  0  0  0  0  0  0  0  0  0  0  0  0  0
  0   0   0   0   0   0   0   0  0  0  0  0  0  0  0  0  0  0  0  0  0  0  0  0  0  0  0  0  0  0  0  0  0  0  0  0  0  0  0  0
SKU(42, 191.0, 0.07)
SKU(47, 174.0, 0.08)
SKU(42, 99.0, 0.21)
SKU(35, 127.0, 0.1)
SKU(62, 155.0, 0.13)
SKU(65, 210.0, 0.08)
SKU(41, 177.0, 0.07)
SKU(43, 140.0, 0.11)
SKU(11, 69.0, 0.09)
SKU(1, 17.0, 0.21)
SKU(2, 31.0, 0.11)
SKU(8, 54.0, 0.12)
SKU(5, 27.0, 0.19)
SKU(7, 65.0, 0.07)
SKU(9, 112.0, 0.05)
SKU(4, 47.0, 0.09)
SKU(1, 19.0, 0.08)
SKU(3, 29.0, 0.12)
SKU(4, 26.0, 0.26)
SKU(5, 32.0, 0.17)
SKU(5, 63.0, 0.07)
SKU(5, 30.0, 0.16)
SKU(4, 45.0, 0.1)
SKU(5, 80.0, 0.05)
SKU(3, 35.0, 0.11)
SKU(5, 53.0, 0.09)
SKU(5, 42.0, 0.13)
SKU(6, 36.0, 0.16)
SKU(4, 61.0, 0.06)
SKU(9, 126.0, 0.04)
SKU(5, 28.0, 0.15)
SKU(7, 81.0, 0.06)
SKU(7, 81.0, 0.07)
SKU(2, 51.0, 0.05)
SKU(7, 40.0, 0.12)
SKU(4, 25.0, 0.16)
SKU(5, 83.0, 0.04)
SKU(5, 32.0, 0.14)
SKU(0, 16.0, 0.08)
SKU(0, 14.0, 0.12)

extremidades das matrizes:
S_hat: (-0.28547526981518756, 0.792009164613037)
S_hat * P: (-0.22131183384529185, 0.6213647684846589)
W * S_hat: (-0.09399283547639227, 1.258569932070067)
W * S_hat * P: (-0.057911828835992905, 0.9881869953775902)
correlacao{S_hat, S_hat_hat} = 0.8965485921584927

Posicao 1 (Corredor 1, Prateleira -1)
   SKU 1 -> 40
   SKU 2 -> 5
   SKU 6 -> 210

Posicao 2 (Corredor 1, Prateleira -2)
   SKU 8 -> 125
   SKU 30 -> 126
   SKU 32 -> 20

Posicao 3 (Corredor 1, Prateleira -3)
   SKU 12 -> 54
   SKU 33 -> 81
   SKU 35 -> 40

Posicao 11 (Corredor 1, Prateleira 1)
   SKU 1 -> 151
   SKU 2 -> 117
   SKU 7 -> 1

Posicao 12 (Corredor 1, Prateleira 2)
   SKU 4 -> 110
   SKU 15 -> 112
   SKU 37 -> 83

Posicao 13 (Corredor 1, Prateleira 3)
   SKU 20 -> 32
   SKU 23 -> 45
   SKU 38 -> 32

Posicao 21 (Corredor 2, Prateleira -1)
   SKU 2 -> 52
   SKU 5 -> 27
   SKU 7 -> 176

Posicao 22 (Corredor 2, Prateleira -2)
   SKU 3 -> 56
   SKU 14 -> 65
   SKU 32 -> 61

Posicao 23 (Corredor 2, Prateleira -3)
   SKU 13 -> 27
   SKU 19 -> 26
   SKU 31 -> 28

Posicao 31 (Corredor 2, Prateleira 1)
   SKU 4 -> 17
   SKU 5 -> 128
   SKU 8 -> 15

Posicao 32 (Corredor 2, Prateleira 2)
   SKU 3 -> 43
   SKU 9 -> 69
   SKU 24 -> 80

Posicao 33 (Corredor 2, Prateleira 3)
   SKU 10 -> 17
   SKU 18 -> 29

Posicao 41 (Corredor 3, Prateleira -1)
   SKU 21 -> 63
   SKU 26 -> 53
   SKU 29 -> 61

Posicao 42 (Corredor 3, Prateleira -2)
   SKU 22 -> 30
   SKU 34 -> 51
   SKU 36 -> 25

Posicao 51 (Corredor 3, Prateleira 1)
   SKU 16 -> 47
   SKU 27 -> 42
   SKU 28 -> 36

Posicao 52 (Corredor 3, Prateleira 2)
   SKU 11 -> 31
   SKU 17 -> 19
   SKU 25 -> 35

Posicao 100 (Corredor 5, Prateleira 10)
   SKU 39 -> 16
   SKU 40 -> 14

