Rota do Picker 1: [0, 1, 0]
Rota do Picker 2: [0, 1, 0]
Rota do Picker 3: [0, 1, 0]
Rota do Picker 4: [0, 1, 34, 54, 0]
Rota do Picker 5: [0, 1, 0]
Rota do Picker 6: [0, 1, 0]
Rota do Picker 7: [0, 21, 41, 27, 63, 83, 81, 61, 42, 82, 22, 25, 8, 46, 26, 5, 44, 24, 6, 3, 62, 43, 23, 4, 1, 0]
Rota do Picker 8: [0, 1, 22, 62, 24, 44, 26, 83, 43, 63, 5, 4, 64, 23, 7, 27, 25, 65, 45, 41, 21, 0]
Rota do Picker 9: [0, 23, 43, 25, 65, 44, 81, 21, 41, 61, 6, 26, 45, 5, 4, 24, 64, 42, 82, 22, 63, 46, 7, 1, 0]
Rota do Picker 10: [0, 22, 42, 62, 82, 46, 26, 8, 5, 64, 44, 1, 41, 61, 81, 21, 23, 45, 65, 6, 27, 63, 43, 24, 4, 0]
Rota do Picker 11: [0, 18, 52, 92, 73, 93, 53, 75, 15, 63, 43, 23, 3, 22, 42, 62, 82, 44, 24, 64, 4, 35, 54, 41, 81, 61, 21, 1, 7, 0]
Rota do Picker 12: [0, 1, 25, 4, 5, 26, 46, 24, 21, 41, 61, 42, 62, 63, 43, 23, 15, 17, 0]
Rota do Picker 13: [0, 1, 41, 61, 4, 82, 22, 42, 62, 45, 21, 23, 43, 3, 32, 52, 72, 92, 7, 27, 5, 12, 53, 93, 16, 15, 55, 0]
Rota do Picker 14: [0, 41, 1, 23, 43, 3, 24, 64, 44, 21, 81, 83, 22, 2, 42, 8, 6, 25, 5, 26, 4, 0]
Rota do Picker 15: [0, 1, 21, 41, 61, 81, 25, 65, 4, 74, 71, 91, 37, 55, 92, 52, 72, 53, 73, 56, 36, 16, 3, 43, 83, 44, 64, 23, 45, 5, 0]
Rota do Picker 16: [0, 21, 1, 4, 24, 43, 63, 22, 6, 5, 36, 18, 42, 82, 62, 61, 41, 27, 7, 23, 3, 0]
Rota do Picker 17: [0, 3, 23, 1, 21, 61, 81, 25, 5, 64, 44, 41, 43, 6, 7, 24, 4, 2, 42, 22, 13, 33, 71, 91, 51, 0]

Caso de teste: SLAPRP_Guo_small_O200_alpha0.4_v6.txt

Distancia Total: 1222.0
Quantidade de Pickers: 17
