Rota do Picker 1: [0, 62, 22, 42, 9, 8, 68, 36, 39, 11, 46, 26, 65, 50, 30, 31, 53, 13, 72, 52, 21, 1, 3, 23, 12, 32, 20, 40, 60, 34, 2, 0]
Rota do Picker 2: [0, 23, 43, 8, 10, 9, 34, 60, 40, 31, 52, 32, 12, 97, 77, 18, 39, 19, 36, 50, 30, 2, 21, 0]
Rota do Picker 3: [0, 12, 32, 52, 18, 78, 40, 39, 72, 31, 8, 30, 21, 1, 22, 2, 10, 4, 33, 0]
Rota do Picker 4: [0, 12, 32, 52, 18, 40, 60, 20, 4, 3, 62, 42, 1, 31, 51, 71, 39, 34, 94, 66, 46, 22, 2, 65, 23, 50, 30, 10, 26, 8, 21, 0]
Rota do Picker 5: [0, 21, 1, 2, 62, 4, 39, 40, 20, 12, 52, 72, 32, 27, 43, 23, 8, 24, 78, 18, 53, 13, 34, 0]
Rota do Picker 6: [0, 36, 77, 18, 34, 21, 1, 11, 23, 3, 43, 65, 72, 8, 10, 50, 24, 60, 40, 20, 32, 12, 52, 31, 62, 68, 30, 46, 26, 0]
Rota do Picker 7: [0, 1, 11, 31, 51, 26, 46, 66, 68, 10, 21, 23, 43, 27, 2, 3, 8, 30, 52, 32, 12, 33, 14, 34, 72, 36, 19, 42, 62, 22, 0]
Rota do Picker 8: [0, 23, 43, 26, 46, 9, 20, 40, 39, 13, 11, 31, 12, 32, 52, 65, 68, 10, 66, 27, 42, 22, 2, 21, 0]
Rota do Picker 9: [0, 31, 2, 8, 60, 40, 20, 52, 32, 12, 11, 4, 50, 10, 46, 26, 71, 77, 18, 43, 0]
Rota do Picker 10: [0, 51, 20, 40, 39, 23, 22, 2, 1, 3, 42, 21, 41, 14, 31, 11, 52, 72, 32, 13, 36, 18, 12, 33, 0]
Rota do Picker 11: [0, 13, 33, 53, 97, 77, 21, 41, 14, 51, 78, 18, 12, 52, 10, 23, 3, 8, 68, 0]
Rota do Picker 12: [0, 34, 12, 40, 60, 11, 62, 2, 22, 32, 71, 21, 41, 42, 4, 65, 68, 8, 50, 10, 24, 46, 26, 1, 3, 31, 52, 43, 0]
Rota do Picker 13: [0, 12, 32, 31, 51, 66, 60, 39, 19, 61, 9, 10, 50, 30, 42, 3, 26, 46, 34, 94, 40, 18, 13, 43, 23, 21, 1, 65, 0]

Caso de teste: SLAPRP_Guo_small_O200_alpha0.2_v3.txt

Distancia Total: 2000.0
Quantidade de Pickers: 13
