Rota do Picker 1: [0, 1, 61, 21, 41, 5, 6, 56, 17, 72, 92, 52, 42, 45, 26, 14, 15, 55, 37, 18, 34, 31, 93, 73, 43, 23, 0]
Rota do Picker 2: [0, 1, 61, 81, 21, 41, 5, 25, 65, 26, 44, 64, 22, 42, 62, 6, 7, 27, 8, 46, 63, 23, 43, 83, 2, 0]
Rota do Picker 3: [0, 21, 61, 41, 81, 1, 14, 34, 35, 55, 17, 36, 8, 27, 7, 6, 83, 44, 24, 23, 45, 46, 5, 43, 3, 0]
Rota do Picker 4: [0, 1, 21, 41, 52, 72, 15, 16, 73, 4, 24, 62, 26, 6, 46, 8, 5, 45, 63, 43, 12, 13, 53, 11, 42, 22, 61, 64, 44, 3, 33, 0]
Rota do Picker 5: [0, 1, 5, 46, 64, 24, 4, 44, 22, 82, 42, 25, 26, 8, 27, 23, 21, 81, 6, 83, 63, 43, 61, 41, 0]
Rota do Picker 6: [0, 21, 41, 1, 23, 43, 5, 44, 6, 7, 4, 24, 22, 83, 63, 3, 45, 25, 34, 53, 0]
Rota do Picker 7: [0, 82, 1, 21, 41, 81, 16, 17, 14, 34, 54, 91, 51, 0]

Caso de teste: SLAPRP_Guo_small_O100_alpha0.2_v5.txt

Distancia Total: 776.0
Quantidade de Pickers: 7
