Rota do Picker 1: [0, 1, 17, 65, 6, 41, 82, 7, 3, 81, 61, 21, 44, 33, 83, 45, 4, 64, 25, 75, 13, 8, 5, 0]
Rota do Picker 2: [0, 84, 3, 21, 26, 81, 1, 4, 41, 61, 44, 7, 5, 45, 82, 65, 83, 6, 13, 8, 64, 0]
Rota do Picker 3: [0, 4, 21, 41, 61, 81, 13, 6, 1, 3, 25, 54, 44, 84, 7, 37, 35, 26, 82, 0]
Rota do Picker 4: [0, 21, 81, 3, 4, 13, 75, 41, 92, 63, 82, 64, 36, 5, 61, 1, 8, 0]
Rota do Picker 5: [0, 74, 13, 4, 3, 35, 91, 31, 81, 61, 41, 1, 56, 71, 75, 44, 21, 93, 54, 17, 36, 25, 65, 18, 51, 55, 0]
Rota do Picker 6: [0, 1, 3, 13, 74, 94, 4, 56, 35, 73, 37, 52, 18, 75, 36, 16, 21, 41, 61, 93, 54, 92, 81, 17, 45, 0]
Rota do Picker 7: [0, 1, 3, 13, 41, 4, 6, 37, 94, 5, 7, 8, 74, 91, 84, 82, 81, 61, 21, 73, 56, 0]
Rota do Picker 8: [0, 26, 6, 21, 41, 61, 3, 5, 25, 91, 84, 65, 64, 35, 8, 4, 81, 45, 7, 1, 44, 13, 0]
Rota do Picker 9: [0, 21, 41, 61, 3, 13, 93, 92, 54, 4, 1, 81, 56, 25, 84, 74, 94, 0]
Rota do Picker 10: [0, 44, 6, 81, 43, 25, 7, 54, 8, 82, 36, 91, 41, 84, 13, 64, 4, 61, 3, 21, 1, 5, 45, 18, 0]
Rota do Picker 11: [0, 1, 21, 61, 22, 91, 36, 81, 3, 13, 75, 41, 7, 17, 0]
Rota do Picker 12: [0, 32, 1, 21, 41, 61, 13, 16, 25, 81, 73, 36, 74, 8, 91, 94, 65, 56, 93, 35, 92, 37, 75, 17, 4, 3, 84, 0]
Rota do Picker 13: [0, 1, 3, 5, 75, 21, 41, 61, 63, 13, 83, 43, 65, 94, 91, 82, 4, 81, 6, 74, 0]

Caso de teste: SLAPRP_Guo_small_O200_alpha0.3_v5.txt

Distancia Total: 2324.0
Quantidade de Pickers: 13
