Rota do Picker 1: [0, 54, 8, 4, 24, 64, 55, 34, 45, 43, 66, 74, 6, 47, 21, 61, 25, 7, 15, 1, 81, 23, 63, 0]
Rota do Picker 2: [0, 34, 63, 4, 54, 16, 8, 43, 23, 3, 27, 55, 73, 15, 7, 24, 85, 74, 81, 61, 21, 1, 35, 45, 14, 46, 0]
Rota do Picker 3: [0, 26, 36, 84, 52, 7, 4, 23, 62, 43, 24, 44, 63, 6, 81, 61, 21, 1, 27, 55, 0]
Rota do Picker 4: [0, 25, 15, 54, 6, 4, 93, 64, 42, 62, 82, 34, 74, 14, 81, 61, 21, 1, 0]
Rota do Picker 5: [0, 1, 61, 4, 24, 64, 23, 63, 9, 25, 43, 21, 6, 44, 65, 46, 27, 84, 81, 7, 45, 66, 47, 0]
Rota do Picker 6: [0, 25, 52, 12, 54, 35, 43, 23, 61, 71, 14, 81, 21, 1, 34, 92, 0]
Rota do Picker 7: [0, 55, 46, 6, 24, 4, 9, 63, 23, 81, 61, 21, 1, 27, 85, 44, 8, 43, 35, 83, 64, 7, 25, 0]
Rota do Picker 8: [0, 1, 61, 81, 4, 24, 23, 35, 44, 26, 83, 46, 6, 54, 21, 64, 84, 63, 85, 0]
Rota do Picker 9: [0, 14, 17, 34, 4, 81, 61, 1, 8, 35, 36, 24, 73, 16, 21, 15, 55, 46, 93, 74, 54, 23, 0]
Rota do Picker 10: [0, 1, 61, 81, 4, 6, 23, 82, 62, 42, 63, 7, 27, 44, 85, 45, 25, 43, 66, 64, 8, 21, 24, 84, 0]
Rota do Picker 11: [0, 9, 16, 63, 6, 24, 17, 55, 34, 11, 51, 13, 25, 35, 54, 15, 4, 14, 8, 46, 36, 23, 81, 61, 21, 1, 0]
Rota do Picker 12: [0, 1, 61, 81, 4, 23, 46, 16, 73, 22, 62, 24, 15, 55, 25, 85, 54, 7, 42, 82, 44, 65, 35, 64, 63, 43, 21, 6, 34, 2, 27, 84, 14, 47, 0]
Rota do Picker 13: [0, 1, 21, 81, 4, 23, 36, 64, 42, 82, 61, 24, 63, 34, 44, 8, 74, 27, 73, 6, 7, 45, 0]
Rota do Picker 14: [0, 1, 23, 63, 7, 65, 84, 15, 26, 47, 74, 6, 64, 43, 27, 85, 21, 61, 81, 4, 24, 8, 46, 0]

Caso de teste: SLAPRP_Guo_small_O200_alpha0.2_v8.txt

Distancia Total: 2518.0
Quantidade de Pickers: 14
