Rota do Picker 1: [0, 18, 26, 64, 4, 91, 6, 23, 61, 41, 21, 1, 84, 62, 3, 25, 82, 81, 22, 53, 5, 35, 0]
Rota do Picker 2: [0, 6, 3, 64, 75, 22, 16, 57, 23, 81, 62, 74, 1, 21, 41, 61, 4, 91, 5, 35, 18, 44, 24, 55, 84, 7, 17, 37, 0]
Rota do Picker 3: [0, 21, 61, 81, 22, 4, 23, 17, 76, 44, 24, 91, 55, 16, 82, 3, 1, 41, 62, 74, 35, 0]
Rota do Picker 4: [0, 35, 4, 61, 37, 55, 25, 83, 23, 41, 21, 1, 57, 91, 16, 63, 62, 76, 51, 6, 82, 15, 54, 3, 7, 17, 74, 75, 95, 18, 0]
Rota do Picker 5: [0, 3, 95, 26, 81, 4, 23, 63, 55, 74, 76, 21, 17, 57, 5, 16, 61, 35, 75, 94, 37, 62, 41, 1, 22, 36, 0]
Rota do Picker 6: [0, 1, 21, 41, 61, 4, 63, 17, 75, 74, 55, 62, 81, 83, 91, 23, 35, 37, 3, 22, 16, 36, 0]
Rota do Picker 7: [0, 74, 55, 21, 35, 16, 82, 62, 4, 61, 41, 1, 44, 76, 0]
Rota do Picker 8: [0, 1, 41, 81, 4, 91, 64, 62, 23, 21, 63, 44, 43, 45, 25, 5, 3, 6, 72, 22, 83, 61, 0]
Rota do Picker 9: [0, 6, 25, 81, 23, 83, 84, 3, 64, 22, 62, 75, 5, 63, 82, 4, 61, 41, 21, 1, 35, 0]
Rota do Picker 10: [0, 16, 4, 21, 35, 23, 41, 1, 17, 26, 3, 37, 61, 62, 82, 18, 0]
Rota do Picker 11: [0, 1, 41, 61, 4, 23, 7, 62, 21, 64, 83, 71, 82, 3, 5, 45, 63, 25, 6, 84, 24, 81, 26, 22, 44, 0]
Rota do Picker 12: [0, 21, 62, 91, 41, 4, 7, 16, 74, 25, 22, 3, 1, 61, 23, 63, 5, 75, 52, 44, 13, 17, 64, 81, 82, 83, 0]
Rota do Picker 13: [0, 5, 1, 21, 41, 61, 4, 23, 62, 7, 44, 81, 63, 82, 16, 64, 25, 43, 84, 83, 6, 3, 22, 0]
Rota do Picker 14: [0, 21, 61, 3, 23, 5, 22, 82, 1, 62, 4, 44, 84, 24, 81, 25, 41, 6, 64, 63, 7, 83, 0]

Caso de teste: SLAPRP_Guo_small_O200_alpha0.2_v7.txt

Distancia Total: 2556.0
Quantidade de Pickers: 14
