SKUs: 40
Pedidos: 101

Primeiro pedido:
Order(1, [1, 2, 5, 8, 23])

Ultimo pedido:
Order(101, [1, 2, 4, 5, 7])

Location(1, 1, -1, 20)
Location(2, 1, -2, 20)
Location(3, 1, -3, 20)
Location(4, 1, -4, 20)
Location(5, 1, -5, 20)
Location(6, 1, -6, 20)
Location(7, 1, -7, 20)
Location(8, 1, -8, 20)
Location(9, 1, -9, 20)
Location(10, 1, -10, 40)
Location(11, 1, 1, 20)
Location(12, 1, 2, 20)
Location(13, 1, 3, 20)
Location(14, 1, 4, 20)
Location(15, 1, 5, 20)
Location(16, 1, 6, 20)
Location(17, 1, 7, 20)
Location(18, 1, 8, 20)
Location(19, 1, 9, 20)
Location(20, 1, 10, 40)
Location(21, 2, -1, 20)
Location(22, 2, -2, 20)
Location(23, 2, -3, 20)
Location(24, 2, -4, 20)
Location(25, 2, -5, 20)
Location(26, 2, -6, 20)
Location(27, 2, -7, 20)
Location(28, 2, -8, 20)
Location(29, 2, -9, 20)
Location(30, 2, -10, 40)
Location(31, 2, 1, 20)
Location(32, 2, 2, 20)
Location(33, 2, 3, 20)
Location(34, 2, 4, 20)
Location(35, 2, 5, 20)
Location(36, 2, 6, 20)
Location(37, 2, 7, 20)
Location(38, 2, 8, 20)
Location(39, 2, 9, 20)
Location(40, 2, 10, 40)
Location(41, 3, -1, 20)
Location(42, 3, -2, 20)
Location(43, 3, -3, 20)
Location(44, 3, -4, 20)
Location(45, 3, -5, 20)
Location(46, 3, -6, 20)
Location(47, 3, -7, 20)
Location(48, 3, -8, 20)
Location(49, 3, -9, 20)
Location(50, 3, -10, 40)
Location(51, 3, 1, 20)
Location(52, 3, 2, 20)
Location(53, 3, 3, 20)
Location(54, 3, 4, 20)
Location(55, 3, 5, 20)
Location(56, 3, 6, 20)
Location(57, 3, 7, 20)
Location(58, 3, 8, 20)
Location(59, 3, 9, 20)
Location(60, 3, 10, 40)
Location(61, 4, -1, 20)
Location(62, 4, -2, 20)
Location(63, 4, -3, 20)
Location(64, 4, -4, 20)
Location(65, 4, -5, 20)
Location(66, 4, -6, 20)
Location(67, 4, -7, 20)
Location(68, 4, -8, 20)
Location(69, 4, -9, 20)
Location(70, 4, -10, 40)
Location(71, 4, 1, 20)
Location(72, 4, 2, 20)
Location(73, 4, 3, 20)
Location(74, 4, 4, 20)
Location(75, 4, 5, 20)
Location(76, 4, 6, 20)
Location(77, 4, 7, 20)
Location(78, 4, 8, 20)
Location(79, 4, 9, 20)
Location(80, 4, 10, 40)
Location(81, 5, -1, 20)
Location(82, 5, -2, 20)
Location(83, 5, -3, 20)
Location(84, 5, -4, 20)
Location(85, 5, -5, 20)
Location(86, 5, -6, 20)
Location(87, 5, -7, 20)
Location(88, 5, -8, 20)
Location(89, 5, -9, 20)
Location(90, 5, -10, 40)
Location(91, 5, 1, 20)
Location(92, 5, 2, 20)
Location(93, 5, 3, 20)
Location(94, 5, 4, 20)
Location(95, 5, 5, 20)
Location(96, 5, 6, 20)
Location(97, 5, 7, 20)
Location(98, 5, 8, 20)
Location(99, 5, 9, 20)
Location(100, 5, 10, 40)

Frequencias: [47, 45, 43, 43, 77, 46, 40, 39, 14, 2, 1, 11, 5, 7, 10, 5, 1, 1, 7, 6, 3, 4, 4, 2, 4, 4, 11, 4, 6, 6, 5, 10, 4, 5, 8, 9, 3, 4, 4, 0]

Matriz de coocorrencia: 
40×40 Matrix{Int64}:
  0  26  21  20  36  23  19  16  8  1  0  7  1  2  3  0  1  0  4  1  1  0  4  1  2  3  7  0  3  5  4  3  2  2  4  3  2  3  1  0
 26   0  19  22  35  26  18  17  5  1  0  7  2  5  3  1  1  1  2  2  2  2  1  0  4  3  7  2  4  1  5  4  2  0  3  5  0  3  2  0
 21  19   0  18  33  22  16  14  6  1  1  6  3  2  5  2  1  1  2  2  2  1  2  2  2  0  4  2  5  4  4  2  1  1  4  3  3  2  1  0
 20  22  18   0  33  22  20  21  8  1  0  3  2  5  5  3  0  0  2  2  1  0  2  1  1  1  8  3  4  3  3  3  2  1  1  3  1  3  0  0
 36  35  33  33   0  35  29  28  7  1  0  9  5  5  5  4  1  1  7  2  3  1  4  2  3  2  6  3  5  5  5  9  4  3  2  8  2  3  4  0
 23  26  22  22  35   0  19  21  7  1  1  5  2  2  5  3  0  0  3  4  1  2  0  1  3  2  4  4  3  2  5  3  3  3  4  5  2  2  2  0
 19  18  16  20  29  19   0  18  5  1  0  4  2  6  5  3  0  1  3  2  2  3  1  0  0  0  3  1  1  4  2  7  0  1  5  5  1  1  1  0
 16  17  14  21  28  21  18   0  4  1  1  5  1  2  4  5  0  0  3  4  0  2  1  0  1  2  6  2  3  3  0  3  2  3  5  5  2  1  2  0
  8   5   6   8   7   7   5   4  0  0  0  0  0  2  0  1  0  0  1  0  1  0  1  0  0  1  2  0  1  2  0  0  0  1  0  0  0  0  0  0
  1   1   1   1   1   1   1   1  0  0  0  0  0  0  0  0  0  0  0  0  0  0  0  0  0  0  1  0  0  0  0  0  0  0  1  1  0  1  0  0
  0   0   1   0   0   1   0   1  0  0  0  0  0  0  0  0  0  0  0  0  0  0  0  0  0  0  0  0  0  0  0  0  0  0  0  0  1  0  0  0
  7   7   6   3   9   5   4   5  0  0  0  0  1  0  1  1  1  0  0  0  1  0  0  0  0  1  1  0  1  0  1  1  2  1  1  1  0  0  1  0
  1   2   3   2   5   2   2   1  0  0  0  1  0  0  1  0  0  1  0  0  1  0  0  1  0  0  0  0  0  0  1  0  0  0  0  0  0  0  0  0
  2   5   2   5   5   2   6   2  2  0  0  0  0  0  0  1  0  0  0  0  0  0  0  0  0  0  1  0  1  0  0  3  0  0  0  2  0  0  1  0
  3   3   5   5   5   5   5   4  0  0  0  1  1  0  0  0  0  0  0  0  0  1  0  0  0  0  0  2  0  1  0  1  0  1  0  1  0  0  0  0
  0   1   2   3   4   3   3   5  1  0  0  1  0  1  0  0  0  0  0  1  0  0  0  0  0  0  1  0  0  0  0  0  1  1  1  0  0  0  1  0
  1   1   1   0   1   0   0   0  0  0  0  1  0  0  0  0  0  0  0  0  0  0  0  0  0  0  0  0  1  0  0  0  0  0  0  0  0  0  0  0
  0   1   1   0   1   0   1   0  0  0  0  0  1  0  0  0  0  0  0  0  1  0  0  0  0  0  0  0  0  0  0  0  0  0  0  0  0  0  0  0
  4   2   2   2   7   3   3   3  1  0  0  0  0  0  0  0  0  0  0  0  0  1  0  0  0  0  0  1  0  0  0  1  0  1  0  0  0  1  0  0
  1   2   2   2   2   4   2   4  0  0  0  0  0  0  0  1  0  0  0  0  0  2  0  0  1  1  2  0  1  0  0  0  0  0  2  0  0  0  1  0
  1   2   2   1   3   1   2   0  1  0  0  1  1  0  0  0  0  1  0  0  0  0  0  0  0  0  1  0  0  0  0  0  0  0  0  0  0  0  0  0
  0   2   1   0   1   2   3   2  0  0  0  0  0  0  1  0  0  0  1  2  0  0  0  0  1  0  0  0  0  0  0  0  0  1  2  0  0  0  0  0
  4   1   2   2   4   0   1   1  1  0  0  0  0  0  0  0  0  0  0  0  0  0  0  0  0  0  0  0  0  1  0  0  0  0  0  0  0  0  0  0
  1   0   2   1   2   1   0   0  0  0  0  0  1  0  0  0  0  0  0  0  0  0  0  0  0  0  0  0  0  0  0  0  0  0  0  0  1  0  0  0
  2   4   2   1   3   3   0   1  0  0  0  0  0  0  0  0  0  0  0  1  0  1  0  0  0  0  1  0  0  0  1  0  0  0  1  1  0  1  0  0
  3   3   0   1   2   2   0   2  1  0  0  1  0  0  0  0  0  0  0  1  0  0  0  0  0  0  2  0  0  0  0  1  0  0  0  1  0  0  0  0
  7   7   4   8   6   4   3   6  2  1  0  1  0  1  0  1  0  0  0  2  1  0  0  0  1  2  0  0  1  1  0  1  0  0  0  3  0  1  1  0
  0   2   2   3   3   4   1   2  0  0  0  0  0  0  2  0  0  0  1  0  0  0  0  0  0  0  0  0  0  0  0  0  0  0  0  1  0  0  0  0
  3   4   5   4   5   3   1   3  1  0  0  1  0  1  0  0  1  0  0  1  0  0  0  0  0  0  1  0  0  0  0  0  1  0  0  0  0  0  0  0
  5   1   4   3   5   2   4   3  2  0  0  0  0  0  1  0  0  0  0  0  0  0  1  0  0  0  1  0  0  0  0  0  0  0  1  0  1  0  0  0
  4   5   4   3   5   5   2   0  0  0  0  1  1  0  0  0  0  0  0  0  0  0  0  0  1  0  0  0  0  0  0  0  1  0  0  0  0  0  1  0
  3   4   2   3   9   3   7   3  0  0  0  1  0  3  1  0  0  0  1  0  0  0  0  0  0  1  1  0  0  0  0  0  0  0  0  4  0  0  1  0
  2   2   1   2   4   3   0   2  0  0  0  2  0  0  0  1  0  0  0  0  0  0  0  0  0  0  0  0  1  0  1  0  0  2  0  0  0  0  2  0
  2   0   1   1   3   3   1   3  1  0  0  1  0  0  1  1  0  0  1  0  0  1  0  0  0  0  0  0  0  0  0  0  2  0  0  0  0  0  1  0
  4   3   4   1   2   4   5   5  0  1  0  1  0  0  0  1  0  0  0  2  0  2  0  0  1  0  0  0  0  1  0  0  0  0  0  0  1  1  0  0
  3   5   3   3   8   5   5   5  0  1  0  1  0  2  1  0  0  0  0  0  0  0  0  0  1  1  3  1  0  0  0  4  0  0  0  0  0  0  1  0
  2   0   3   1   2   2   1   2  0  0  1  0  0  0  0  0  0  0  0  0  0  0  0  1  0  0  0  0  0  1  0  0  0  0  1  0  0  0  0  0
  3   3   2   3   3   2   1   1  0  1  0  0  0  0  0  0  0  0  1  0  0  0  0  0  1  0  1  0  0  0  0  0  0  0  1  0  0  0  0  0
  1   2   1   0   4   2   1   2  0  0  0  1  0  1  0  1  0  0  0  1  0  0  0  0  0  0  1  0  0  0  1  1  2  1  0  1  0  0  0  0
  0   0   0   0   0   0   0   0  0  0  0  0  0  0  0  0  0  0  0  0  0  0  0  0  0  0  0  0  0  0  0  0  0  0  0  0  0  0  0  0
SKU(47, 198.0, 0.07)
SKU(45, 165.0, 0.08)
SKU(43, 97.0, 0.21)
SKU(43, 141.0, 0.1)
SKU(77, 172.0, 0.13)
SKU(46, 165.0, 0.08)
SKU(40, 172.0, 0.07)
SKU(39, 122.0, 0.11)
SKU(14, 78.0, 0.09)
SKU(2, 20.0, 0.21)
SKU(1, 23.0, 0.11)
SKU(11, 62.0, 0.12)
SKU(5, 28.0, 0.19)
SKU(7, 65.0, 0.07)
SKU(10, 115.0, 0.05)
SKU(5, 45.0, 0.09)
SKU(1, 21.0, 0.08)
SKU(1, 22.0, 0.12)
SKU(7, 30.0, 0.26)
SKU(6, 32.0, 0.17)
SKU(3, 50.0, 0.07)
SKU(4, 27.0, 0.16)
SKU(4, 39.0, 0.1)
SKU(2, 58.0, 0.05)
SKU(4, 36.0, 0.11)
SKU(4, 51.0, 0.09)
SKU(11, 55.0, 0.13)
SKU(4, 31.0, 0.16)
SKU(6, 75.0, 0.06)
SKU(6, 98.0, 0.04)
SKU(5, 33.0, 0.15)
SKU(10, 90.0, 0.06)
SKU(4, 55.0, 0.07)
SKU(5, 78.0, 0.05)
SKU(8, 44.0, 0.12)
SKU(9, 34.0, 0.16)
SKU(3, 66.0, 0.04)
SKU(4, 30.0, 0.14)
SKU(4, 40.0, 0.08)
SKU(0, 12.0, 0.12)

Posicao 1 (Corredor 1, Prateleira -1)
   SKU 1 -> 90
   SKU 2 -> 11
   SKU 6 -> 160

Posicao 2 (Corredor 1, Prateleira -2)
   SKU 2 -> 154
   SKU 4 -> 19
   SKU 15 -> 115

Posicao 3 (Corredor 1, Prateleira -3)
   SKU 20 -> 32
   SKU 31 -> 33
   SKU 36 -> 34

Posicao 4 (Corredor 1, Prateleira -4)
   SKU 22 -> 27
   SKU 34 -> 1

Posicao 5 (Corredor 1, Prateleira -5)
   SKU 11 -> 23

Posicao 10 (Corredor 1, Prateleira -10)
   SKU 5 -> 172

Posicao 11 (Corredor 1, Prateleira 1)
   SKU 1 -> 108
   SKU 6 -> 5
   SKU 7 -> 172

Posicao 12 (Corredor 1, Prateleira 2)
   SKU 8 -> 122
   SKU 29 -> 75
   SKU 37 -> 52

Posicao 13 (Corredor 1, Prateleira 3)
   SKU 19 -> 30
   SKU 28 -> 31
   SKU 39 -> 40

Posicao 20 (Corredor 1, Prateleira 10)
   SKU 3 -> 97

Posicao 21 (Corredor 2, Prateleira -1)
   SKU 9 -> 78
   SKU 12 -> 62
   SKU 32 -> 90

Posicao 22 (Corredor 2, Prateleira -2)
   SKU 13 -> 28
   SKU 16 -> 45
   SKU 38 -> 30

Posicao 23 (Corredor 2, Prateleira -3)
   SKU 10 -> 20

Posicao 26 (Corredor 2, Prateleira -6)
   SKU 40 -> 12

Posicao 31 (Corredor 2, Prateleira 1)
   SKU 4 -> 122
   SKU 30 -> 98
   SKU 34 -> 77

Posicao 32 (Corredor 2, Prateleira 2)
   SKU 21 -> 50
   SKU 23 -> 39
   SKU 35 -> 44

Posicao 33 (Corredor 2, Prateleira 3)
   SKU 17 -> 21
   SKU 18 -> 22

Posicao 41 (Corredor 3, Prateleira -1)
   SKU 14 -> 65
   SKU 24 -> 58
   SKU 27 -> 55

Posicao 51 (Corredor 3, Prateleira 1)
   SKU 25 -> 36
   SKU 26 -> 51
   SKU 33 -> 55

Posicao 71 (Corredor 4, Prateleira 1)
   SKU 37 -> 14

