Rota do Picker 1: [0, 1, 3, 23, 43, 5, 25, 65, 62, 82, 42, 2, 27, 37, 56, 53, 46, 64, 44, 24, 41, 21, 0]
Rota do Picker 2: [0, 23, 3, 21, 1, 61, 41, 5, 45, 43, 4, 24, 44, 62, 82, 26, 6, 25, 14, 55, 37, 18, 33, 13, 93, 34, 91, 0]
Rota do Picker 3: [0, 3, 42, 22, 44, 24, 8, 5, 43, 23, 7, 27, 45, 83, 63, 65, 25, 6, 62, 82, 41, 81, 61, 21, 1, 0]
Rota do Picker 4: [0, 1, 21, 41, 61, 5, 25, 83, 43, 23, 45, 26, 3, 64, 24, 4, 65, 46, 7, 42, 22, 72, 0]
Rota do Picker 5: [0, 1, 21, 41, 81, 34, 14, 33, 17, 93, 73, 4, 64, 7, 43, 45, 65, 44, 24, 22, 42, 5, 3, 23, 82, 0]
Rota do Picker 6: [0, 21, 1, 41, 61, 81, 3, 43, 27, 7, 8, 64, 44, 24, 62, 42, 23, 63, 5, 6, 26, 46, 25, 4, 0]

Caso de teste: SLAPRP_Guo_small_O100_alpha0.4_v2.txt

Distancia Total: 660.0
Quantidade de Pickers: 6
