Rota do Picker 1: [0, 45, 7, 27, 26, 46, 8, 28, 9, 50, 18, 40, 20, 60, 37, 22, 0]
Rota do Picker 2: [0, 18, 9, 30, 10, 27, 7, 21, 1, 3, 41, 40, 19, 60, 20, 26, 46, 8, 28, 45, 85, 0]
Rota do Picker 3: [0, 11, 30, 28, 8, 7, 27, 26, 46, 45, 65, 9, 18, 20, 37, 39, 77, 57, 55, 12, 19, 59, 2, 21, 41, 0]
Rota do Picker 4: [0, 3, 27, 26, 45, 18, 40, 60, 1, 87, 7, 85, 50, 10, 9, 28, 8, 46, 84, 76, 36, 57, 37, 55, 0]
Rota do Picker 5: [0, 45, 9, 7, 46, 26, 8, 27, 50, 30, 89, 21, 41, 22, 2, 36, 76, 13, 18, 19, 87, 10, 1, 0]
Rota do Picker 6: [0, 2, 45, 8, 1, 41, 87, 65, 85, 26, 27, 21, 55, 74, 94, 37, 11, 50, 30, 22, 46, 7, 10, 69, 9, 28, 76, 98, 39, 40, 20, 18, 12, 0]
Rota do Picker 7: [0, 3, 26, 45, 28, 8, 84, 9, 30, 36, 18, 39, 59, 40, 0]

Caso de teste: SLAPRP_Guo_small_O100_alpha0.2_v5.txt

Distancia Total: 1020.0
Quantidade de Pickers: 7
