Rota do Picker 1: [0, 40, 31, 41, 11, 36, 18, 19, 20, 93, 50, 76, 39, 37, 75, 55, 57, 30, 60, 45, 22, 59, 7, 47, 0]
Rota do Picker 2: [0, 27, 87, 68, 20, 40, 19, 60, 30, 26, 46, 67, 47, 1, 10, 45, 7, 65, 9, 64, 2, 21, 8, 89, 0]
Rota do Picker 3: [0, 26, 47, 45, 68, 64, 50, 67, 65, 10, 30, 46, 9, 8, 87, 27, 7, 3, 1, 89, 0]
Rota do Picker 4: [0, 64, 27, 87, 9, 50, 68, 47, 45, 10, 7, 8, 46, 26, 30, 0]
Rota do Picker 5: [0, 7, 8, 9, 68, 46, 20, 3, 21, 83, 22, 41, 26, 65, 87, 67, 64, 45, 47, 27, 2, 1, 30, 0]
Rota do Picker 6: [0, 11, 7, 47, 40, 94, 26, 3, 1, 21, 27, 87, 10, 46, 67, 2, 36, 30, 8, 9, 45, 20, 64, 84, 50, 68, 60, 0]
Rota do Picker 7: [0, 46, 69, 9, 87, 27, 7, 45, 30, 8, 26, 10, 2, 50, 68, 64, 89, 0]

Caso de teste: SLAPRP_Guo_small_O100_alpha0.3_v6.txt

Distancia Total: 1324.0
Quantidade de Pickers: 7
