Rota do Picker 1: [0, 18, 14, 23, 82, 62, 54, 34, 61, 41, 21, 1, 5, 93, 53, 12, 76, 94, 74, 4, 63, 16, 83, 3, 22, 15, 55, 42, 35, 17, 75, 71, 91, 0]
Rota do Picker 2: [0, 1, 41, 61, 6, 64, 63, 21, 23, 43, 81, 24, 82, 22, 42, 25, 62, 5, 4, 3, 26, 45, 84, 7, 44, 0]
Rota do Picker 3: [0, 41, 43, 83, 54, 94, 93, 14, 44, 4, 21, 12, 72, 1, 71, 91, 35, 64, 15, 17, 42, 22, 53, 73, 62, 18, 61, 92, 74, 3, 23, 34, 0]
Rota do Picker 4: [0, 1, 21, 32, 22, 42, 62, 37, 41, 61, 7, 36, 76, 92, 81, 15, 53, 72, 23, 54, 74, 18, 91, 71, 5, 4, 0]
Rota do Picker 5: [0, 4, 24, 23, 36, 76, 55, 74, 52, 62, 42, 3, 17, 57, 61, 16, 73, 53, 5, 31, 54, 81, 14, 34, 92, 72, 37, 22, 91, 71, 12, 35, 15, 41, 21, 1, 0]
Rota do Picker 6: [0, 1, 21, 41, 3, 23, 4, 71, 91, 24, 5, 14, 83, 22, 62, 6, 61, 64, 45, 25, 37, 84, 82, 43, 0]
Rota do Picker 7: [0, 63, 43, 23, 61, 41, 1, 7, 16, 4, 42, 22, 21, 5, 25, 62, 84, 3, 71, 91, 83, 26, 34, 12, 18, 6, 0]
Rota do Picker 8: [0, 73, 54, 92, 75, 18, 17, 37, 94, 74, 12, 34, 14, 13, 26, 76, 16, 55, 41, 35, 15, 53, 33, 21, 1, 62, 22, 72, 0]
Rota do Picker 9: [0, 6, 24, 4, 3, 84, 5, 43, 83, 7, 63, 62, 23, 45, 25, 61, 41, 64, 44, 42, 22, 21, 1, 82, 0]
Rota do Picker 10: [0, 1, 21, 41, 15, 83, 82, 42, 61, 53, 73, 45, 13, 64, 92, 3, 22, 62, 18, 75, 17, 4, 81, 6, 55, 37, 25, 23, 35, 26, 0]
Rota do Picker 11: [0, 83, 54, 62, 61, 41, 1, 26, 72, 12, 21, 3, 22, 23, 37, 4, 24, 35, 15, 57, 82, 81, 64, 75, 55, 0]
Rota do Picker 12: [0, 16, 7, 22, 51, 91, 12, 45, 82, 42, 44, 71, 64, 61, 4, 35, 3, 25, 62, 15, 74, 81, 41, 21, 36, 14, 6, 5, 23, 1, 63, 75, 0]
Rota do Picker 13: [0, 1, 21, 24, 64, 71, 54, 94, 92, 18, 91, 26, 6, 3, 23, 76, 22, 42, 62, 35, 75, 16, 36, 41, 4, 15, 55, 12, 72, 45, 5, 81, 61, 0]

Caso de teste: SLAPRP_Guo_small_O200_alpha0.2_v7.txt

Distancia Total: 2730.0
Quantidade de Pickers: 13
