Rota do Picker 1: [0, 43, 38, 18, 73, 53, 32, 15, 35, 55, 75, 56, 96, 76, 33, 13, 14, 19, 77, 37, 54, 34, 41, 5, 24, 91, 71, 23, 21, 52, 17, 97, 36, 16, 12, 1, 0]
Rota do Picker 2: [0, 12, 3, 23, 14, 54, 74, 34, 52, 32, 53, 73, 93, 16, 56, 76, 36, 75, 35, 19, 55, 15, 21, 1, 0]
Rota do Picker 3: [0, 32, 34, 14, 43, 23, 3, 62, 82, 35, 15, 17, 19, 76, 56, 95, 55, 52, 12, 37, 20, 73, 53, 33, 13, 41, 21, 22, 36, 58, 18, 16, 1, 0]
Rota do Picker 4: [0, 12, 16, 56, 58, 14, 15, 35, 57, 18, 38, 39, 20, 33, 52, 32, 17, 36, 96, 54, 34, 43, 23, 41, 21, 1, 0]
Rota do Picker 5: [0, 12, 14, 35, 95, 55, 15, 37, 17, 16, 36, 56, 96, 74, 54, 94, 34, 52, 32, 1, 3, 23, 41, 92, 5, 4, 93, 73, 53, 33, 13, 77, 57, 21, 0]
Rota do Picker 6: [0, 61, 41, 16, 36, 55, 95, 91, 34, 32, 21, 23, 35, 75, 20, 14, 54, 15, 53, 93, 73, 33, 13, 17, 4, 3, 72, 52, 12, 1, 0]

Caso de teste: SLAPRP_Guo_small_O100_alpha0.3_v10.txt

Distancia Total: 876.0
Quantidade de Pickers: 6
