Rota do Picker 1: [0, 61, 1, 64, 62, 23, 41, 21, 24, 44, 6, 71, 91, 26, 16, 7, 5, 42, 25, 63, 22, 43, 4, 65, 45, 72, 0]
Rota do Picker 2: [0, 21, 41, 61, 81, 45, 42, 62, 82, 43, 23, 22, 24, 4, 1, 8, 5, 63, 25, 26, 83, 64, 0]
Rota do Picker 3: [0, 72, 36, 56, 82, 42, 74, 17, 11, 81, 15, 35, 37, 18, 5, 21, 61, 14, 34, 53, 73, 93, 41, 1, 0]
Rota do Picker 4: [0, 71, 51, 1, 21, 22, 42, 82, 4, 17, 35, 12, 41, 81, 83, 43, 61, 54, 5, 62, 72, 63, 23, 2, 0]
Rota do Picker 5: [0, 1, 21, 4, 5, 25, 43, 41, 6, 46, 83, 22, 42, 23, 8, 45, 7, 27, 24, 26, 44, 62, 3, 63, 0]

Caso de teste: SLAPRP_Guo_small_O100_alpha0.4_v10.txt

Distancia Total: 740.0
Quantidade de Pickers: 5
