Rota do Picker 1: [0, 40, 20, 45, 9, 27, 7, 10, 50, 28, 8, 47, 26, 46, 37, 17, 96, 78, 31, 48, 69, 0]
Rota do Picker 2: [0, 45, 30, 9, 46, 26, 85, 47, 27, 7, 8, 28, 48, 10, 21, 0]
Rota do Picker 3: [0, 21, 1, 85, 45, 9, 28, 8, 46, 26, 89, 69, 48, 10, 27, 7, 30, 50, 49, 2, 20, 18, 37, 17, 31, 0]
Rota do Picker 4: [0, 78, 17, 45, 30, 48, 28, 46, 26, 7, 27, 89, 10, 8, 9, 69, 51, 21, 0]
Rota do Picker 5: [0, 1, 64, 8, 9, 47, 45, 13, 17, 20, 40, 96, 55, 59, 78, 18, 97, 37, 36, 3, 85, 27, 7, 26, 46, 11, 31, 21, 0]
Rota do Picker 6: [0, 8, 28, 48, 26, 46, 9, 49, 89, 10, 45, 21, 19, 20, 60, 78, 13, 2, 50, 30, 7, 87, 27, 47, 17, 37, 97, 0]
Rota do Picker 7: [0, 1, 26, 7, 27, 47, 45, 60, 37, 51, 11, 9, 28, 48, 8, 87, 85, 13, 78, 40, 20, 57, 94, 74, 0]
Rota do Picker 8: [0, 28, 30, 8, 87, 7, 27, 47, 9, 69, 26, 46, 45, 21, 0]
Rota do Picker 9: [0, 55, 2, 45, 85, 27, 7, 47, 30, 50, 10, 9, 69, 89, 8, 46, 28, 48, 49, 21, 18, 39, 40, 57, 31, 51, 74, 1, 0]
Rota do Picker 10: [0, 51, 31, 1, 26, 28, 45, 60, 19, 20, 40, 50, 30, 89, 13, 37, 17, 48, 69, 9, 27, 7, 46, 8, 3, 21, 0]
Rota do Picker 11: [0, 1, 26, 7, 27, 2, 83, 51, 39, 20, 59, 37, 57, 17, 36, 96, 21, 28, 46, 13, 97, 50, 69, 9, 45, 64, 84, 8, 3, 0]

Caso de teste: SLAPRP_Guo_small_O200_alpha0.4_v2.txt

Distancia Total: 1604.0
Quantidade de Pickers: 11
