Rota do Picker 1: [0, 75, 83, 1, 23, 36, 63, 42, 17, 46, 81, 6, 26, 73, 93, 24, 82, 74, 41, 61, 4, 16, 21, 3, 43, 34, 0]
Rota do Picker 2: [0, 84, 63, 24, 7, 64, 44, 45, 5, 8, 81, 61, 1, 16, 46, 26, 43, 23, 41, 3, 4, 83, 6, 82, 62, 42, 21, 22, 0]
Rota do Picker 3: [0, 1, 31, 62, 82, 22, 26, 83, 4, 23, 6, 42, 7, 43, 63, 3, 81, 61, 41, 21, 5, 45, 34, 0]
Rota do Picker 4: [0, 21, 3, 16, 18, 8, 93, 73, 37, 13, 81, 61, 41, 1, 43, 4, 35, 75, 34, 0]
Rota do Picker 5: [0, 21, 41, 61, 81, 94, 13, 1, 3, 43, 7, 54, 34, 22, 4, 17, 0]
Rota do Picker 6: [0, 43, 71, 32, 93, 73, 52, 12, 53, 15, 33, 17, 34, 54, 4, 56, 74, 18, 3, 62, 16, 1, 36, 37, 13, 81, 61, 41, 21, 82, 0]

Caso de teste: SLAPRP_Guo_small_O100_alpha0.4_v9.txt

Distancia Total: 978.0
Quantidade de Pickers: 6
