Rota do Picker 1: [0, 2, 9, 48, 28, 46, 7, 8, 47, 87, 45, 50, 10, 26, 19, 60, 20, 27, 37, 97, 36, 76, 0]
Rota do Picker 2: [0, 1, 7, 50, 70, 30, 9, 8, 28, 26, 46, 27, 67, 87, 45, 84, 47, 48, 41, 0]
Rota do Picker 3: [0, 59, 37, 7, 9, 48, 28, 46, 26, 27, 87, 10, 30, 8, 12, 32, 75, 95, 20, 40, 18, 76, 84, 64, 50, 70, 67, 19, 45, 21, 0]
Rota do Picker 4: [0, 45, 46, 26, 27, 67, 87, 8, 7, 30, 89, 9, 3, 20, 60, 97, 51, 31, 76, 10, 48, 28, 1, 0]
Rota do Picker 5: [0, 3, 21, 1, 50, 9, 46, 41, 27, 7, 12, 36, 76, 19, 40, 39, 31, 67, 47, 87, 10, 70, 48, 28, 8, 45, 20, 0]
Rota do Picker 6: [0, 1, 8, 9, 27, 87, 70, 11, 51, 10, 7, 84, 64, 30, 28, 94, 37, 39, 36, 18, 95, 75, 74, 12, 0]

Caso de teste: SLAPRP_Guo_small_O100_alpha0.3_v1.txt

Distancia Total: 988.0
Quantidade de Pickers: 6
