Rota do Picker 1: [0, 1, 0]
Rota do Picker 2: [0, 1, 0]
Rota do Picker 3: [0, 1, 21, 61, 13, 33, 73, 5, 6, 84, 24, 4, 22, 8, 27, 55, 75, 15, 82, 62, 42, 3, 23, 16, 56, 35, 54, 14, 0]
Rota do Picker 4: [0, 21, 3, 23, 42, 62, 16, 73, 93, 36, 22, 5, 25, 65, 45, 6, 26, 17, 33, 35, 75, 15, 13, 44, 43, 63, 24, 4, 1, 0]
Rota do Picker 5: [0, 13, 53, 73, 54, 15, 55, 18, 16, 32, 22, 25, 65, 45, 5, 27, 7, 24, 4, 23, 3, 82, 62, 21, 1, 0]
Rota do Picker 6: [0, 34, 94, 44, 24, 84, 5, 62, 42, 22, 41, 61, 53, 17, 52, 32, 56, 16, 36, 55, 13, 64, 4, 23, 3, 21, 1, 0]
Rota do Picker 7: [0, 1, 21, 42, 62, 4, 5, 24, 44, 17, 54, 52, 92, 72, 35, 15, 55, 94, 34, 81, 61, 3, 23, 83, 13, 14, 91, 71, 0]
Rota do Picker 8: [0, 1, 21, 4, 5, 45, 31, 71, 15, 53, 73, 33, 13, 22, 42, 7, 62, 82, 24, 83, 63, 44, 6, 23, 3, 0]

Caso de teste: SLAPRP_Guo_small_O100_alpha0.2_v9.txt

Distancia Total: 774.0
Quantidade de Pickers: 8
