Rota do Picker 1: [0, 41, 4, 23, 43, 18, 25, 1, 61, 24, 64, 63, 21, 6, 83, 65, 2, 42, 62, 8, 81, 7, 26, 82, 44, 0]
Rota do Picker 2: [0, 83, 64, 1, 21, 41, 4, 24, 6, 43, 63, 61, 23, 44, 25, 7, 65, 27, 81, 46, 82, 26, 0]
Rota do Picker 3: [0, 64, 46, 1, 27, 7, 21, 4, 8, 24, 5, 63, 65, 45, 26, 6, 61, 41, 83, 25, 43, 23, 81, 82, 0]
Rota do Picker 4: [0, 23, 41, 61, 4, 43, 65, 82, 63, 81, 24, 21, 1, 83, 0]
Rota do Picker 5: [0, 82, 83, 63, 44, 1, 21, 61, 4, 24, 64, 23, 43, 41, 25, 45, 26, 81, 7, 0]
Rota do Picker 6: [0, 21, 41, 61, 4, 1, 81, 82, 83, 23, 43, 64, 63, 24, 6, 25, 0]
Rota do Picker 7: [0, 64, 43, 1, 45, 22, 61, 41, 21, 4, 26, 23, 24, 82, 44, 63, 27, 81, 8, 0]
Rota do Picker 8: [0, 1, 41, 4, 24, 43, 18, 81, 23, 63, 75, 7, 82, 61, 21, 0]
Rota do Picker 9: [0, 26, 41, 25, 63, 43, 81, 61, 21, 23, 82, 4, 1, 83, 24, 65, 6, 44, 27, 0]
Rota do Picker 10: [0, 26, 41, 7, 1, 43, 45, 23, 81, 61, 44, 63, 65, 46, 83, 64, 25, 27, 24, 4, 21, 0]
Rota do Picker 11: [0, 1, 21, 43, 82, 18, 4, 12, 53, 35, 75, 17, 54, 11, 61, 41, 23, 0]
Rota do Picker 12: [0, 63, 27, 24, 41, 1, 61, 4, 44, 64, 43, 21, 23, 45, 46, 7, 26, 82, 8, 6, 65, 25, 0]

Caso de teste: SLAPRP_Guo_small_O200_alpha0.4_v6.txt

Distancia Total: 1596.0
Quantidade de Pickers: 12
