Rota do Picker 1: [0, 1, 3, 51, 0]
Rota do Picker 2: [0, 21, 41, 13, 15, 35, 95, 6, 5, 4, 63, 3, 23, 14, 54, 37, 57, 17, 75, 53, 33, 72, 52, 12, 61, 1, 0]
Rota do Picker 3: [0, 1, 21, 61, 81, 41, 73, 93, 15, 19, 38, 18, 4, 45, 25, 6, 43, 5, 14, 34, 53, 33, 13, 63, 3, 0]
Rota do Picker 4: [0, 1, 41, 61, 3, 43, 13, 53, 33, 15, 35, 55, 16, 83, 4, 37, 17, 63, 93, 91, 71, 51, 81, 21, 14, 0]
Rota do Picker 5: [0, 13, 44, 4, 21, 1, 5, 14, 16, 56, 96, 71, 51, 0]

Caso de teste: SLAPRP_Guo_small_O50_alpha0.3_v4.txt

Distancia Total: 460.0
Quantidade de Pickers: 5
