Rota do Picker 1: [0, 1, 21, 41, 61, 22, 62, 82, 5, 65, 23, 43, 83, 44, 64, 26, 27, 7, 46, 25, 6, 8, 3, 0]
Rota do Picker 2: [0, 1, 21, 61, 5, 27, 43, 83, 23, 3, 45, 65, 7, 26, 46, 4, 44, 64, 25, 81, 41, 0]
Rota do Picker 3: [0, 23, 83, 82, 43, 3, 6, 46, 26, 25, 5, 21, 75, 18, 64, 61, 41, 1, 0]
Rota do Picker 4: [0, 3, 65, 25, 44, 46, 5, 82, 63, 83, 23, 61, 41, 21, 1, 0]
Rota do Picker 5: [0, 1, 21, 41, 61, 81, 3, 43, 5, 46, 6, 44, 82, 23, 83, 65, 27, 26, 75, 18, 37, 0]
Rota do Picker 6: [0, 4, 61, 41, 43, 63, 7, 27, 6, 8, 65, 25, 82, 5, 23, 3, 81, 21, 1, 0]
Rota do Picker 7: [0, 21, 41, 61, 81, 44, 64, 27, 7, 45, 6, 26, 5, 63, 43, 23, 3, 1, 0]
Rota do Picker 8: [0, 41, 21, 81, 61, 43, 23, 3, 26, 45, 7, 63, 44, 6, 5, 1, 0]
Rota do Picker 9: [0, 21, 1, 3, 24, 44, 5, 81, 61, 41, 23, 43, 63, 8, 7, 6, 26, 62, 18, 0]
Rota do Picker 10: [0, 41, 21, 61, 81, 1, 24, 4, 6, 26, 8, 45, 5, 64, 44, 23, 43, 3, 0]
Rota do Picker 11: [0, 1, 3, 5, 41, 21, 12, 0]

Caso de teste: SLAPRP_Guo_small_O200_alpha0.4_v8.txt

Distancia Total: 866.0
Quantidade de Pickers: 11
