Rota do Picker 1: [0, 1, 0]
Rota do Picker 2: [0, 51, 31, 13, 32, 12, 11, 21, 1, 42, 22, 2, 23, 3, 0]
Rota do Picker 3: [0, 31, 11, 22, 2, 1, 41, 21, 3, 13, 12, 52, 32, 0]
Rota do Picker 4: [0, 1, 21, 41, 22, 23, 12, 32, 11, 2, 42, 33, 31, 51, 52, 0]
Rota do Picker 5: [0, 31, 51, 12, 32, 11, 3, 1, 21, 41, 42, 22, 2, 23, 0]
Rota do Picker 6: [0, 1, 21, 22, 31, 11, 51, 12, 32, 23, 2, 33, 13, 0]
Rota do Picker 7: [0, 32, 13, 33, 42, 22, 2, 4, 3, 23, 52, 12, 31, 11, 41, 21, 1, 0]
Rota do Picker 8: [0, 1, 41, 23, 4, 2, 42, 22, 21, 13, 12, 51, 31, 11, 0]
Rota do Picker 9: [0, 3, 22, 21, 31, 51, 12, 32, 52, 33, 11, 41, 2, 1, 0]
Rota do Picker 10: [0, 51, 31, 11, 1, 21, 41, 3, 23, 2, 22, 12, 13, 33, 32, 0]
Rota do Picker 11: [0, 1, 21, 41, 2, 42, 23, 3, 52, 32, 11, 31, 12, 13, 0]
Rota do Picker 12: [0, 1, 3, 2, 22, 21, 41, 4, 12, 32, 52, 51, 11, 31, 0]
Rota do Picker 13: [0, 1, 3, 23, 52, 32, 12, 11, 31, 51, 21, 22, 2, 0]

Caso de teste: SLAPRP_Guo_small_O200_alpha0.2_v9.txt

Distancia Total: 570.0
Quantidade de Pickers: 13
