SKUs: 40
Pedidos: 201

Primeiro pedido:
Order(1, [1, 2, 3, 4, 5, 6, 7, 22])

Ultimo pedido:
Order(201, [18, 35])

Location(1, 1, -1, 20)
Location(2, 1, -2, 20)
Location(3, 1, -3, 20)
Location(4, 1, -4, 20)
Location(5, 1, -5, 20)
Location(6, 1, -6, 20)
Location(7, 1, -7, 20)
Location(8, 1, -8, 20)
Location(9, 1, -9, 20)
Location(10, 1, -10, 40)
Location(11, 1, 1, 20)
Location(12, 1, 2, 20)
Location(13, 1, 3, 20)
Location(14, 1, 4, 20)
Location(15, 1, 5, 20)
Location(16, 1, 6, 20)
Location(17, 1, 7, 20)
Location(18, 1, 8, 20)
Location(19, 1, 9, 20)
Location(20, 1, 10, 40)
Location(21, 2, -1, 20)
Location(22, 2, -2, 20)
Location(23, 2, -3, 20)
Location(24, 2, -4, 20)
Location(25, 2, -5, 20)
Location(26, 2, -6, 20)
Location(27, 2, -7, 20)
Location(28, 2, -8, 20)
Location(29, 2, -9, 20)
Location(30, 2, -10, 40)
Location(31, 2, 1, 20)
Location(32, 2, 2, 20)
Location(33, 2, 3, 20)
Location(34, 2, 4, 20)
Location(35, 2, 5, 20)
Location(36, 2, 6, 20)
Location(37, 2, 7, 20)
Location(38, 2, 8, 20)
Location(39, 2, 9, 20)
Location(40, 2, 10, 40)
Location(41, 3, -1, 20)
Location(42, 3, -2, 20)
Location(43, 3, -3, 20)
Location(44, 3, -4, 20)
Location(45, 3, -5, 20)
Location(46, 3, -6, 20)
Location(47, 3, -7, 20)
Location(48, 3, -8, 20)
Location(49, 3, -9, 20)
Location(50, 3, -10, 40)
Location(51, 3, 1, 20)
Location(52, 3, 2, 20)
Location(53, 3, 3, 20)
Location(54, 3, 4, 20)
Location(55, 3, 5, 20)
Location(56, 3, 6, 20)
Location(57, 3, 7, 20)
Location(58, 3, 8, 20)
Location(59, 3, 9, 20)
Location(60, 3, 10, 40)
Location(61, 4, -1, 20)
Location(62, 4, -2, 20)
Location(63, 4, -3, 20)
Location(64, 4, -4, 20)
Location(65, 4, -5, 20)
Location(66, 4, -6, 20)
Location(67, 4, -7, 20)
Location(68, 4, -8, 20)
Location(69, 4, -9, 20)
Location(70, 4, -10, 40)
Location(71, 4, 1, 20)
Location(72, 4, 2, 20)
Location(73, 4, 3, 20)
Location(74, 4, 4, 20)
Location(75, 4, 5, 20)
Location(76, 4, 6, 20)
Location(77, 4, 7, 20)
Location(78, 4, 8, 20)
Location(79, 4, 9, 20)
Location(80, 4, 10, 40)
Location(81, 5, -1, 20)
Location(82, 5, -2, 20)
Location(83, 5, -3, 20)
Location(84, 5, -4, 20)
Location(85, 5, -5, 20)
Location(86, 5, -6, 20)
Location(87, 5, -7, 20)
Location(88, 5, -8, 20)
Location(89, 5, -9, 20)
Location(90, 5, -10, 40)
Location(91, 5, 1, 20)
Location(92, 5, 2, 20)
Location(93, 5, 3, 20)
Location(94, 5, 4, 20)
Location(95, 5, 5, 20)
Location(96, 5, 6, 20)
Location(97, 5, 7, 20)
Location(98, 5, 8, 20)
Location(99, 5, 9, 20)
Location(100, 5, 10, 40)

Frequencias: [94, 142, 92, 93, 97, 94, 83, 86, 8, 6, 3, 14, 19, 10, 9, 8, 15, 5, 9, 10, 13, 12, 7, 7, 7, 23, 11, 16, 10, 9, 7, 11, 11, 10, 22, 11, 10, 10, 8, 0]

Matriz de coocorrencia: 
40×40 Matrix{Int64}:
  0  71  48  43  46  45  42  45  3  3  1   6  7  3  4  3  8  1  4  2   8  5  4  3  2   7  4   8  5  4  3  5  4  5  12  5  3  4  4  0
 71   0  69  66  71  73  62  61  6  5  1  10  5  8  8  5  3  2  8  6   7  8  7  5  5   9  7   9  7  6  3  3  5  8   9  7  9  7  7  0
 48  69   0  49  48  48  45  47  4  3  0   7  7  4  4  4  7  3  7  3   5  8  3  3  2   5  5   4  4  5  2  5  8  7   8  7  4  3  4  0
 43  66  49   0  51  48  48  44  2  2  2   9  6  3  6  5  7  3  3  6   9  5  2  3  3  10  3   8  2  7  4  6  6  4  13  6  6  6  3  0
 46  71  48  51   0  54  45  44  6  3  3   5  9  5  5  4  8  2  7  5  11  5  3  3  4  12  4  10  8  5  4  4  4  2   7  5  6  5  3  0
 45  73  48  48  54   0  45  43  4  5  1   4  6  4  3  5  5  3  6  5   5  6  3  2  6   6  5   7  3  5  2  3  4  5   8  6  7  4  3  0
 42  62  45  48  45  45   0  41  2  3  2   5  5  3  2  4  5  1  3  4   7  6  3  2  1   9  3   4  3  6  3  2  6  2   6  3  2  5  3  0
 45  61  47  44  44  43  41   0  4  2  1   5  9  4  3  2  5  3  3  4   4  3  3  3  4  10  7   6  4  4  4  3  7  2   8  4  4  3  3  0
  3   6   4   2   6   4   2   4  0  0  0   1  1  0  0  0  1  0  0  1   0  2  0  0  1   1  1   1  1  0  0  1  0  0   0  0  2  0  0  0
  3   5   3   2   3   5   3   2  0  0  0   2  0  0  0  0  1  0  0  0   1  0  0  2  1   0  0   0  0  0  0  0  0  0   0  0  0  0  1  0
  1   1   0   2   3   1   2   1  0  0  0   0  1  1  0  1  1  0  0  0   1  0  0  0  0   1  1   0  0  0  1  0  0  0   0  1  0  0  0  0
  6  10   7   9   5   4   5   5  1  2  0   0  2  2  0  1  2  1  0  0   1  0  0  1  0   1  0   2  1  0  1  1  0  1   2  0  1  1  2  0
  7   5   7   6   9   6   5   9  1  0  1   2  0  2  2  2  1  0  1  0   1  1  1  0  0   1  1   1  2  0  2  0  2  1   0  1  0  3  0  0
  3   8   4   3   5   4   3   4  0  0  1   2  2  0  0  1  0  0  0  0   0  1  0  0  0   0  0   3  0  0  0  0  0  2   3  1  1  0  1  0
  4   8   4   6   5   3   2   3  0  0  0   0  2  0  0  0  0  0  0  0   2  0  1  0  0   1  0   1  0  0  0  0  1  0   1  1  0  1  0  0
  3   5   4   5   4   5   4   2  0  0  1   1  2  1  0  0  0  1  0  1   0  0  0  0  0   1  0   1  0  0  0  0  1  0   1  0  0  0  0  0
  8   3   7   7   8   5   5   5  1  1  1   2  1  0  0  0  0  0  1  1   0  1  0  0  2   2  1   5  1  2  1  1  0  0   0  3  0  0  0  0
  1   2   3   3   2   3   1   3  0  0  0   1  0  0  0  1  0  0  0  0   1  0  0  0  0   0  1   0  0  0  0  0  0  0   2  0  1  0  0  0
  4   8   7   3   7   6   3   3  0  0  0   0  1  0  0  0  1  0  0  0   1  0  1  0  0   1  0   1  1  0  0  1  0  1   0  0  2  1  0  0
  2   6   3   6   5   5   4   4  1  0  0   0  0  0  0  1  1  0  0  0   0  0  0  0  1   3  1   1  0  1  1  1  0  0   0  0  2  1  0  0
  8   7   5   9  11   5   7   4  0  1  1   1  1  0  2  0  0  1  1  0   0  1  0  1  0   1  0   0  1  1  0  0  0  0   2  1  0  2  1  0
  5   8   8   5   5   6   6   3  2  0  0   0  1  1  0  0  1  0  0  0   1  0  0  1  0   2  0   1  0  2  0  1  0  1   1  1  0  1  0  0
  4   7   3   2   3   3   3   3  0  0  0   0  1  0  1  0  0  0  1  0   0  0  0  0  1   1  0   1  0  0  0  0  1  0   0  0  0  0  0  0
  3   5   3   3   3   2   2   3  0  2  0   1  0  0  0  0  0  0  0  0   1  1  0  0  0   2  0   0  0  0  0  0  0  1   0  1  0  1  2  0
  2   5   2   3   4   6   1   4  1  1  0   0  0  0  0  0  2  0  0  1   0  0  1  0  0   0  0   2  0  1  0  0  1  0   0  2  1  0  0  0
  7   9   5  10  12   6   9  10  1  0  1   1  1  0  1  1  2  0  1  3   1  2  1  2  0   0  1   4  2  0  1  1  2  1   1  0  1  3  0  0
  4   7   5   3   4   5   3   7  1  0  1   0  1  0  0  0  1  1  0  1   0  0  0  0  0   1  0   1  0  0  2  1  2  0   0  1  1  1  1  0
  8   9   4   8  10   7   4   6  1  0  0   2  1  3  1  1  5  0  1  1   0  1  1  0  2   4  1   0  0  1  0  0  2  0   1  1  2  0  2  0
  5   7   4   2   8   3   3   4  1  0  0   1  2  0  0  0  1  0  1  0   1  0  0  0  0   2  0   0  0  0  0  1  0  1   1  0  1  0  0  0
  4   6   5   7   5   5   6   4  0  0  0   0  0  0  0  0  2  0  0  1   1  2  0  0  1   0  0   1  0  0  1  0  0  0   1  0  0  1  0  0
  3   3   2   4   4   2   3   4  0  0  1   1  2  0  0  0  1  0  0  1   0  0  0  0  0   1  2   0  0  1  0  0  0  0   1  1  0  0  0  0
  5   3   5   6   4   3   2   3  1  0  0   1  0  0  0  0  1  0  1  1   0  1  0  0  0   1  1   0  1  0  0  0  1  1   1  0  0  0  0  0
  4   5   8   6   4   4   6   7  0  0  0   0  2  0  1  1  0  0  0  0   0  0  1  0  1   2  2   2  0  0  0  1  0  0   2  1  0  0  0  0
  5   8   7   4   2   5   2   2  0  0  0   1  1  2  0  0  0  0  1  0   0  1  0  1  0   1  0   0  1  0  0  1  0  0   1  1  1  0  0  0
 12   9   8  13   7   8   6   8  0  0  0   2  0  3  1  1  0  2  0  0   2  1  0  0  0   1  0   1  1  1  1  1  2  1   0  0  1  0  1  0
  5   7   7   6   5   6   3   4  0  0  1   0  1  1  1  0  3  0  0  0   1  1  0  1  2   0  1   1  0  0  1  0  1  1   0  0  0  0  1  0
  3   9   4   6   6   7   2   4  2  0  0   1  0  1  0  0  0  1  2  2   0  0  0  0  1   1  1   2  1  0  0  0  0  1   1  0  0  1  0  0
  4   7   3   6   5   4   5   3  0  0  0   1  3  0  1  0  0  0  1  1   2  1  0  1  0   3  1   0  0  1  0  0  0  0   0  0  1  0  1  0
  4   7   4   3   3   3   3   3  0  1  0   2  0  1  0  0  0  0  0  0   1  0  0  2  0   0  1   2  0  0  0  0  0  0   1  1  0  1  0  0
  0   0   0   0   0   0   0   0  0  0  0   0  0  0  0  0  0  0  0  0   0  0  0  0  0   0  0   0  0  0  0  0  0  0   0  0  0  0  0  0
SKU(94, 192.0, 0.07)
SKU(142, 239.0, 0.08)
SKU(92, 123.0, 0.21)
SKU(93, 158.0, 0.1)
SKU(97, 145.0, 0.13)
SKU(94, 177.0, 0.08)
SKU(83, 174.0, 0.07)
SKU(86, 149.0, 0.11)
SKU(8, 31.0, 0.09)
SKU(6, 15.0, 0.21)
SKU(3, 22.0, 0.11)
SKU(14, 52.0, 0.12)
SKU(19, 38.0, 0.19)
SKU(10, 60.0, 0.07)
SKU(9, 63.0, 0.05)
SKU(8, 36.0, 0.09)
SKU(15, 66.0, 0.08)
SKU(5, 17.0, 0.12)
SKU(9, 21.0, 0.26)
SKU(10, 25.0, 0.17)
SKU(13, 64.0, 0.07)
SKU(12, 35.0, 0.16)
SKU(7, 33.0, 0.1)
SKU(7, 65.0, 0.05)
SKU(7, 29.0, 0.11)
SKU(23, 73.0, 0.09)
SKU(11, 32.0, 0.13)
SKU(16, 41.0, 0.16)
SKU(10, 63.0, 0.06)
SKU(9, 71.0, 0.04)
SKU(7, 19.0, 0.15)
SKU(11, 59.0, 0.06)
SKU(11, 56.0, 0.07)
SKU(10, 75.0, 0.05)
SKU(22, 55.0, 0.12)
SKU(11, 26.0, 0.16)
SKU(10, 71.0, 0.04)
SKU(10, 35.0, 0.14)
SKU(8, 30.0, 0.08)
SKU(0, 9.0, 0.12)

extremidades das matrizes:
S_hat: (-0.145804759813033, 0.7998119423932278)
S_hat * P: (-0.1241686896695175, 0.6312512461839779)
W * S_hat: (-0.06223586846959162, 1.2746649645219938)
W * S_hat * P: (0.0, 1.006870448770647)
correlacao{S_hat, S_hat_hat} = 0.9577241145402807

Posicao 1 (Corredor 1, Prateleira -1)
   SKU 1 -> 16
   SKU 2 -> 234
   SKU 6 -> 2

Posicao 2 (Corredor 1, Prateleira -2)
   SKU 3 -> 19
   SKU 5 -> 106
   SKU 8 -> 20

Posicao 3 (Corredor 1, Prateleira -3)
   SKU 12 -> 52
   SKU 17 -> 66
   SKU 35 -> 55

Posicao 4 (Corredor 1, Prateleira -4)
   SKU 18 -> 17

Posicao 11 (Corredor 1, Prateleira 1)
   SKU 1 -> 176
   SKU 2 -> 5
   SKU 7 -> 104

Posicao 12 (Corredor 1, Prateleira 2)
   SKU 8 -> 129
   SKU 30 -> 71
   SKU 37 -> 71

Posicao 13 (Corredor 1, Prateleira 3)
   SKU 22 -> 35
   SKU 32 -> 59
   SKU 38 -> 35

Posicao 21 (Corredor 2, Prateleira -1)
   SKU 4 -> 11
   SKU 6 -> 175
   SKU 7 -> 70

Posicao 22 (Corredor 2, Prateleira -2)
   SKU 3 -> 63
   SKU 15 -> 63
   SKU 34 -> 72

Posicao 23 (Corredor 2, Prateleira -3)
   SKU 16 -> 36
   SKU 27 -> 32
   SKU 36 -> 26

Posicao 31 (Corredor 2, Prateleira 1)
   SKU 4 -> 147
   SKU 5 -> 39
   SKU 34 -> 3

Posicao 32 (Corredor 2, Prateleira 2)
   SKU 3 -> 41
   SKU 21 -> 64
   SKU 26 -> 73

Posicao 33 (Corredor 2, Prateleira 3)
   SKU 19 -> 21
   SKU 23 -> 33
   SKU 39 -> 30

Posicao 41 (Corredor 3, Prateleira -1)
   SKU 14 -> 60
   SKU 28 -> 41
   SKU 29 -> 63

Posicao 42 (Corredor 3, Prateleira -2)
   SKU 9 -> 31
   SKU 20 -> 25
   SKU 25 -> 29

Posicao 51 (Corredor 3, Prateleira 1)
   SKU 13 -> 38
   SKU 24 -> 65
   SKU 33 -> 56

Posicao 52 (Corredor 3, Prateleira 2)
   SKU 10 -> 15
   SKU 11 -> 22
   SKU 31 -> 19

Posicao 100 (Corredor 5, Prateleira 10)
   SKU 40 -> 9

