Rota do Picker 1: [0, 82, 1, 41, 61, 7, 27, 65, 45, 46, 4, 64, 44, 5, 6, 26, 43, 23, 3, 81, 21, 0]
Rota do Picker 2: [0, 1, 4, 3, 43, 23, 5, 64, 44, 24, 7, 26, 6, 45, 65, 63, 83, 61, 41, 21, 0]
Rota do Picker 3: [0, 21, 3, 42, 63, 45, 25, 26, 5, 44, 4, 24, 1, 41, 61, 31, 71, 15, 35, 0]
Rota do Picker 4: [0, 3, 62, 1, 21, 41, 61, 81, 4, 43, 23, 63, 65, 27, 26, 6, 5, 64, 24, 8, 83, 56, 0]
Rota do Picker 5: [0, 1, 21, 61, 23, 62, 46, 26, 45, 43, 63, 24, 81, 41, 4, 5, 8, 25, 6, 3, 0]
Rota do Picker 6: [0, 1, 41, 21, 61, 3, 23, 63, 43, 5, 65, 45, 26, 6, 25, 8, 7, 64, 24, 4, 44, 62, 82, 0]

Caso de teste: SLAPRP_Guo_small_O100_alpha0.4_v3.txt

Distancia Total: 536.0
Quantidade de Pickers: 6
