Rota do Picker 1: [0, 1, 3, 23, 45, 27, 47, 76, 11, 12, 20, 40, 18, 15, 34, 32, 33, 53, 46, 26, 22, 2, 4, 50, 10, 30, 8, 0]
Rota do Picker 2: [0, 2, 22, 42, 26, 46, 7, 27, 47, 43, 23, 3, 1, 14, 34, 15, 12, 30, 10, 45, 5, 18, 13, 33, 62, 51, 57, 20, 37, 21, 0]
Rota do Picker 3: [0, 1, 3, 46, 26, 45, 42, 22, 2, 4, 24, 13, 55, 9, 30, 10, 23, 11, 0]
Rota do Picker 4: [0, 21, 11, 12, 72, 4, 47, 30, 10, 26, 2, 3, 46, 5, 45, 23, 32, 52, 9, 50, 27, 8, 22, 42, 1, 0]
Rota do Picker 5: [0, 26, 4, 45, 46, 97, 14, 21, 1, 9, 10, 43, 64, 30, 50, 24, 3, 23, 51, 34, 20, 42, 22, 2, 0]
Rota do Picker 6: [0, 26, 24, 4, 14, 33, 13, 46, 9, 47, 27, 7, 22, 2, 5, 3, 43, 1, 42, 23, 12, 76, 11, 0]
Rota do Picker 7: [0, 34, 94, 14, 21, 41, 32, 12, 15, 43, 3, 42, 22, 2, 1, 45, 26, 46, 4, 0]
Rota do Picker 8: [0, 12, 14, 15, 18, 37, 2, 23, 27, 10, 13, 97, 62, 42, 22, 1, 21, 3, 43, 50, 30, 9, 45, 47, 4, 84, 64, 20, 0]
Rota do Picker 9: [0, 1, 61, 41, 7, 27, 11, 40, 15, 3, 45, 26, 21, 46, 2, 22, 42, 23, 43, 20, 55, 4, 64, 84, 34, 12, 0]
Rota do Picker 10: [0, 12, 13, 0]
Rota do Picker 11: [0, 1, 21, 12, 32, 52, 5, 45, 27, 47, 3, 42, 62, 24, 26, 14, 40, 20, 55, 4, 22, 2, 13, 72, 76, 7, 9, 10, 11, 51, 57, 37, 97, 18, 0]
Rota do Picker 12: [0, 4, 22, 42, 24, 64, 0]

Caso de teste: SLAPRP_Guo_small_O200_alpha0.4_v8.txt

Distancia Total: 1528.0
Quantidade de Pickers: 12
