Rota do Picker 1: [0, 2, 26, 46, 7, 45, 50, 30, 47, 27, 89, 69, 9, 68, 48, 8, 1, 0]
Rota do Picker 2: [0, 45, 65, 67, 87, 26, 30, 10, 27, 46, 8, 48, 9, 7, 47, 21, 1, 0]
Rota do Picker 3: [0, 45, 9, 48, 28, 8, 46, 26, 27, 67, 87, 50, 89, 69, 7, 47, 20, 96, 3, 2, 0]
Rota do Picker 4: [0, 1, 2, 7, 27, 9, 69, 48, 45, 65, 50, 30, 10, 28, 68, 26, 47, 67, 8, 46, 51, 31, 22, 0]
Rota do Picker 5: [0, 40, 27, 68, 8, 7, 26, 46, 47, 45, 3, 9, 69, 48, 28, 10, 31, 36, 21, 1, 0]
Rota do Picker 6: [0, 45, 46, 26, 8, 28, 48, 9, 27, 67, 87, 36, 96, 57, 37, 12, 55, 18, 20, 40, 10, 30, 7, 2, 1, 0]
Rota do Picker 7: [0, 55, 11, 18, 77, 57, 12, 74, 94, 3, 60, 39, 59, 96, 50, 8, 48, 7, 47, 87, 27, 46, 26, 28, 68, 30, 10, 9, 65, 0]
Rota do Picker 8: [0, 3, 10, 28, 26, 46, 8, 9, 27, 67, 37, 20, 12, 36, 59, 87, 47, 7, 48, 68, 65, 45, 1, 0]
Rota do Picker 9: [0, 2, 27, 46, 65, 45, 1, 7, 8, 9, 69, 89, 30, 28, 48, 26, 21, 41, 97, 20, 39, 37, 96, 55, 11, 0]
Rota do Picker 10: [0, 97, 37, 28, 30, 50, 9, 68, 48, 8, 46, 26, 3, 10, 89, 69, 7, 27, 87, 67, 41, 21, 57, 39, 60, 40, 20, 18, 11, 0]
Rota do Picker 11: [0, 1, 46, 26, 27, 67, 87, 47, 10, 30, 7, 8, 28, 48, 9, 69, 89, 3, 45, 2, 22, 0]
Rota do Picker 12: [0, 51, 36, 74, 94, 18, 37, 55, 76, 2, 21, 1, 7, 67, 22, 26, 46, 47, 20, 40, 0]

Caso de teste: SLAPRP_Guo_small_O200_alpha0.3_v4.txt

Distancia Total: 1518.0
Quantidade de Pickers: 12
