Rota do Picker 1: [0, 2, 7, 27, 87, 26, 46, 45, 10, 89, 9, 28, 8, 49, 30, 20, 0]
Rota do Picker 2: [0, 26, 8, 27, 87, 45, 50, 30, 28, 69, 9, 7, 46, 1, 41, 0]
Rota do Picker 3: [0, 45, 26, 87, 27, 7, 2, 1, 21, 41, 11, 18, 57, 77, 10, 46, 69, 49, 9, 8, 64, 4, 28, 50, 20, 39, 76, 75, 52, 31, 0]
Rota do Picker 4: [0, 21, 41, 7, 27, 87, 26, 46, 8, 9, 30, 45, 10, 49, 89, 3, 83, 60, 76, 2, 1, 0]
Rota do Picker 5: [0, 8, 28, 9, 89, 7, 27, 87, 26, 46, 45, 30, 10, 69, 49, 21, 0]
Rota do Picker 6: [0, 21, 45, 27, 28, 8, 30, 26, 46, 4, 49, 89, 9, 64, 41, 3, 83, 7, 87, 50, 12, 0]
Rota do Picker 7: [0, 26, 46, 8, 28, 27, 3, 7, 69, 50, 49, 9, 87, 45, 41, 21, 0]
Rota do Picker 8: [0, 1, 45, 27, 26, 46, 8, 9, 87, 7, 89, 49, 10, 41, 0]
Rota do Picker 9: [0, 12, 93, 11, 51, 74, 75, 55, 76, 30, 50, 3, 83, 39, 59, 20, 77, 60, 13, 94, 18, 98, 28, 7, 57, 31, 1, 0]
Rota do Picker 10: [0, 21, 27, 7, 87, 2, 64, 10, 49, 28, 50, 30, 8, 9, 69, 46, 26, 20, 94, 12, 13, 83, 3, 1, 0]
Rota do Picker 11: [0, 27, 7, 8, 3, 32, 52, 11, 31, 55, 18, 20, 40, 39, 57, 21, 1, 13, 93, 74, 94, 59, 60, 76, 75, 12, 41, 87, 28, 45, 2, 0]
Rota do Picker 12: [0, 1, 64, 7, 45, 27, 46, 26, 41, 0]

Caso de teste: SLAPRP_Guo_small_O200_alpha0.2_v6.txt

Distancia Total: 1516.0
Quantidade de Pickers: 12
