SKUs: 40
Pedidos: 203

Primeiro pedido:
Order(1, [5, 27, 28])

Ultimo pedido:
Order(203, [5, 6])

Location(1, 1, -1, 20)
Location(2, 1, -2, 20)
Location(3, 1, -3, 20)
Location(4, 1, -4, 20)
Location(5, 1, -5, 20)
Location(6, 1, -6, 20)
Location(7, 1, -7, 20)
Location(8, 1, -8, 20)
Location(9, 1, -9, 20)
Location(10, 1, -10, 40)
Location(11, 1, 1, 20)
Location(12, 1, 2, 20)
Location(13, 1, 3, 20)
Location(14, 1, 4, 20)
Location(15, 1, 5, 20)
Location(16, 1, 6, 20)
Location(17, 1, 7, 20)
Location(18, 1, 8, 20)
Location(19, 1, 9, 20)
Location(20, 1, 10, 40)
Location(21, 2, -1, 20)
Location(22, 2, -2, 20)
Location(23, 2, -3, 20)
Location(24, 2, -4, 20)
Location(25, 2, -5, 20)
Location(26, 2, -6, 20)
Location(27, 2, -7, 20)
Location(28, 2, -8, 20)
Location(29, 2, -9, 20)
Location(30, 2, -10, 40)
Location(31, 2, 1, 20)
Location(32, 2, 2, 20)
Location(33, 2, 3, 20)
Location(34, 2, 4, 20)
Location(35, 2, 5, 20)
Location(36, 2, 6, 20)
Location(37, 2, 7, 20)
Location(38, 2, 8, 20)
Location(39, 2, 9, 20)
Location(40, 2, 10, 40)
Location(41, 3, -1, 20)
Location(42, 3, -2, 20)
Location(43, 3, -3, 20)
Location(44, 3, -4, 20)
Location(45, 3, -5, 20)
Location(46, 3, -6, 20)
Location(47, 3, -7, 20)
Location(48, 3, -8, 20)
Location(49, 3, -9, 20)
Location(50, 3, -10, 40)
Location(51, 3, 1, 20)
Location(52, 3, 2, 20)
Location(53, 3, 3, 20)
Location(54, 3, 4, 20)
Location(55, 3, 5, 20)
Location(56, 3, 6, 20)
Location(57, 3, 7, 20)
Location(58, 3, 8, 20)
Location(59, 3, 9, 20)
Location(60, 3, 10, 40)
Location(61, 4, -1, 20)
Location(62, 4, -2, 20)
Location(63, 4, -3, 20)
Location(64, 4, -4, 20)
Location(65, 4, -5, 20)
Location(66, 4, -6, 20)
Location(67, 4, -7, 20)
Location(68, 4, -8, 20)
Location(69, 4, -9, 20)
Location(70, 4, -10, 40)
Location(71, 4, 1, 20)
Location(72, 4, 2, 20)
Location(73, 4, 3, 20)
Location(74, 4, 4, 20)
Location(75, 4, 5, 20)
Location(76, 4, 6, 20)
Location(77, 4, 7, 20)
Location(78, 4, 8, 20)
Location(79, 4, 9, 20)
Location(80, 4, 10, 40)
Location(81, 5, -1, 20)
Location(82, 5, -2, 20)
Location(83, 5, -3, 20)
Location(84, 5, -4, 20)
Location(85, 5, -5, 20)
Location(86, 5, -6, 20)
Location(87, 5, -7, 20)
Location(88, 5, -8, 20)
Location(89, 5, -9, 20)
Location(90, 5, -10, 40)
Location(91, 5, 1, 20)
Location(92, 5, 2, 20)
Location(93, 5, 3, 20)
Location(94, 5, 4, 20)
Location(95, 5, 5, 20)
Location(96, 5, 6, 20)
Location(97, 5, 7, 20)
Location(98, 5, 8, 20)
Location(99, 5, 9, 20)
Location(100, 5, 10, 40)

Frequencias: [121, 75, 82, 90, 83, 104, 86, 89, 8, 6, 16, 14, 14, 10, 15, 14, 14, 13, 8, 7, 12, 9, 7, 10, 8, 9, 14, 13, 4, 11, 4, 14, 11, 8, 16, 8, 11, 8, 0, 0]

Matriz de coocorrencia: 
40×40 Matrix{Int64}:
  0  49  58  60  54  56  54  53  4  5  7  11   7  6  8   6  6  7  6  2  9  9  3  7  4  6  4  8  0  7  3  10  7  2   5  5  7  5  0  0
 49   0  35  34  34  44  38  40  4  3  5   8   7  2  6   7  5  4  4  3  3  4  4  2  3  3  5  3  2  4  3   6  2  3  10  0  7  2  0  0
 58  35   0  39  38  43  35  41  4  3  5   9   6  5  6  10  2  5  3  1  2  4  3  6  3  5  8  4  3  6  2   6  6  1   6  4  6  3  0  0
 60  34  39   0  42  55  43  45  2  4  7   5  11  4  6   9  9  4  4  5  7  1  3  4  3  6  6  2  1  4  1   7  3  3   7  3  4  4  0  0
 54  34  38  42   0  42  45  46  3  1  8   9   4  5  8   6  4  7  4  1  4  4  2  6  4  5  6  6  1  7  1   4  4  2   2  3  6  2  0  0
 56  44  43  55  42   0  47  49  5  3  7   5   7  6  2  10  8  3  3  5  8  6  5  6  4  7  6  7  1  5  1   8  5  5   7  6  2  4  0  0
 54  38  35  43  45  47   0  43  5  3  5   6   5  2  7   7  6  4  4  4  4  5  4  3  3  5  7  6  2  3  1   7  5  1   7  3  2  3  0  0
 53  40  41  45  46  49  43   0  3  2  4   7   9  5  7   5  7  7  5  5  5  6  3  4  1  2  3  4  2  3  1   7  5  2  10  1  5  5  0  0
  4   4   4   2   3   5   5   3  0  1  0   0   0  0  0   0  0  0  0  0  1  0  0  0  0  1  2  0  0  1  0   0  0  0   0  0  0  0  0  0
  5   3   3   4   1   3   3   2  1  0  0   0   0  0  0   0  0  0  1  0  2  0  0  0  0  0  0  0  0  0  1   0  0  1   1  0  0  0  0  0
  7   5   5   7   8   7   5   4  0  0  0   1   0  0  1   1  1  1  0  0  1  0  2  2  1  1  1  0  1  2  0   1  1  0   2  3  1  0  0  0
 11   8   9   5   9   5   6   7  0  0  1   0   2  0  0   1  1  0  1  0  0  1  0  0  0  0  0  0  0  1  1   1  1  1   0  0  1  0  0  0
  7   7   6  11   4   7   5   9  0  0  0   2   0  1  0   0  1  0  0  0  0  0  1  0  0  1  0  0  0  0  0   2  0  1   1  0  0  1  0  0
  6   2   5   4   5   6   2   5  0  0  0   0   1  0  0   1  3  2  0  0  0  1  0  1  1  1  0  1  1  1  0   0  2  1   2  1  1  1  0  0
  8   6   6   6   8   2   7   7  0  0  1   0   0  0  0   1  0  2  0  0  0  1  0  2  0  0  1  2  2  1  0   2  0  0   1  1  1  0  0  0
  6   7  10   9   6  10   7   5  0  0  1   1   0  1  1   0  0  0  0  0  0  2  0  0  1  1  1  2  0  2  0   1  0  1   0  0  1  0  0  0
  6   5   2   9   4   8   6   7  0  0  1   1   1  3  0   0  0  1  0  1  1  0  0  0  0  0  1  1  0  1  0   0  1  2   2  0  1  3  0  0
  7   4   5   4   7   3   4   7  0  0  1   0   0  2  2   0  1  0  1  0  0  1  0  0  1  1  1  1  0  2  0   0  2  1   2  0  1  0  0  0
  6   4   3   4   4   3   4   5  0  1  0   1   0  0  0   0  0  1  0  0  0  0  1  0  0  0  0  0  0  0  0   0  0  0   0  0  1  0  0  0
  2   3   1   5   1   5   4   5  0  0  0   0   0  0  0   0  1  0  0  0  1  1  0  1  0  1  0  0  0  0  1   0  0  0   1  0  0  1  0  0
  9   3   2   7   4   8   4   5  1  2  1   0   0  0  0   0  1  0  0  1  0  0  0  0  1  1  1  1  0  1  1   1  0  0   0  1  0  3  0  0
  9   4   4   1   4   6   5   6  0  0  0   1   0  1  1   2  0  1  0  1  0  0  0  1  0  1  0  2  0  0  0   1  0  1   0  0  0  0  0  0
  3   4   3   3   2   5   4   3  0  0  2   0   1  0  0   0  0  0  1  0  0  0  0  1  0  0  0  0  0  0  0   2  0  0   1  0  0  0  0  0
  7   2   6   4   6   6   3   4  0  0  2   0   0  1  2   0  0  0  0  1  0  1  1  0  1  0  0  0  0  0  0   0  0  1   0  1  0  0  0  0
  4   3   3   3   4   4   3   1  0  0  1   0   0  1  0   1  0  1  0  0  1  0  0  1  0  2  1  0  0  0  0   0  1  1   0  1  0  0  0  0
  6   3   5   6   5   7   5   2  1  0  1   0   1  1  0   1  0  1  0  1  1  1  0  0  2  0  0  1  1  0  0   0  0  0   0  0  0  0  0  0
  4   5   8   6   6   6   7   3  2  0  1   0   0  0  1   1  1  1  0  0  1  0  0  0  1  0  0  3  0  0  0   1  2  1   1  2  2  1  0  0
  8   3   4   2   6   7   6   4  0  0  0   0   0  1  2   2  1  1  0  0  1  2  0  0  0  1  3  0  0  0  0   0  0  0   0  0  0  1  0  0
  0   2   3   1   1   1   2   2  0  0  1   0   0  1  2   0  0  0  0  0  0  0  0  0  0  1  0  0  0  0  0   0  0  0   1  0  0  0  0  0
  7   4   6   4   7   5   3   3  1  0  2   1   0  1  1   2  1  2  0  0  1  0  0  0  0  0  0  0  0  0  0   1  0  1   1  2  0  0  0  0
  3   3   2   1   1   1   1   1  0  1  0   1   0  0  0   0  0  0  0  1  1  0  0  0  0  0  0  0  0  0  0   0  1  0   2  0  0  0  0  0
 10   6   6   7   4   8   7   7  0  0  1   1   2  0  2   1  0  0  0  0  1  1  2  0  0  0  1  0  0  1  0   0  1  0   1  3  1  2  0  0
  7   2   6   3   4   5   5   5  0  0  1   1   0  2  0   0  1  2  0  0  0  0  0  0  1  0  2  0  0  0  1   1  0  0   0  4  2  0  0  0
  2   3   1   3   2   5   1   2  0  1  0   1   1  1  0   1  2  1  0  0  0  1  0  1  1  0  1  0  0  1  0   0  0  0   0  0  0  1  0  0
  5  10   6   7   2   7   7  10  0  1  2   0   1  2  1   0  2  2  0  1  0  0  1  0  0  0  1  0  1  1  2   1  0  0   0  0  1  1  0  0
  5   0   4   3   3   6   3   1  0  0  3   0   0  1  1   0  0  0  0  0  1  0  0  1  1  0  2  0  0  2  0   3  4  0   0  0  0  1  0  0
  7   7   6   4   6   2   2   5  0  0  1   1   0  1  1   1  1  1  1  0  0  0  0  0  0  0  2  0  0  0  0   1  2  0   1  0  0  1  0  0
  5   2   3   4   2   4   3   5  0  0  0   0   1  1  0   0  3  0  0  1  3  0  0  0  0  0  1  1  0  0  0   2  0  1   1  1  1  0  0  0
  0   0   0   0   0   0   0   0  0  0  0   0   0  0  0   0  0  0  0  0  0  0  0  0  0  0  0  0  0  0  0   0  0  0   0  0  0  0  0  0
  0   0   0   0   0   0   0   0  0  0  0   0   0  0  0   0  0  0  0  0  0  0  0  0  0  0  0  0  0  0  0   0  0  0   0  0  0  0  0  0
SKU(121, 231.0, 0.07)
SKU(75, 157.0, 0.08)
SKU(82, 121.0, 0.21)
SKU(90, 153.0, 0.1)
SKU(83, 141.0, 0.13)
SKU(104, 193.0, 0.08)
SKU(86, 177.0, 0.07)
SKU(89, 159.0, 0.11)
SKU(8, 35.0, 0.09)
SKU(6, 16.0, 0.21)
SKU(16, 58.0, 0.11)
SKU(14, 44.0, 0.12)
SKU(14, 42.0, 0.19)
SKU(10, 56.0, 0.07)
SKU(15, 85.0, 0.05)
SKU(14, 55.0, 0.09)
SKU(14, 55.0, 0.08)
SKU(13, 40.0, 0.12)
SKU(8, 20.0, 0.26)
SKU(7, 25.0, 0.17)
SKU(12, 61.0, 0.07)
SKU(9, 29.0, 0.16)
SKU(7, 45.0, 0.1)
SKU(10, 68.0, 0.05)
SKU(8, 39.0, 0.11)
SKU(9, 37.0, 0.09)
SKU(14, 45.0, 0.13)
SKU(13, 37.0, 0.16)
SKU(4, 40.0, 0.06)
SKU(11, 78.0, 0.04)
SKU(4, 20.0, 0.15)
SKU(14, 74.0, 0.06)
SKU(11, 61.0, 0.07)
SKU(8, 64.0, 0.05)
SKU(16, 41.0, 0.12)
SKU(8, 26.0, 0.16)
SKU(11, 79.0, 0.04)
SKU(8, 23.0, 0.14)
SKU(0, 10.0, 0.08)
SKU(0, 9.0, 0.12)

Posicao 1 (Corredor 1, Prateleira -1)
   SKU 1 -> 159
   SKU 6 -> 5
   SKU 7 -> 121

Posicao 2 (Corredor 1, Prateleira -2)
   SKU 4 -> 153
   SKU 30 -> 78
   SKU 32 -> 26

Posicao 3 (Corredor 1, Prateleira -3)
   SKU 17 -> 55
   SKU 18 -> 40
   SKU 34 -> 64

Posicao 10 (Corredor 1, Prateleira -10)
   SKU 3 -> 26

Posicao 11 (Corredor 1, Prateleira 1)
   SKU 1 -> 72
   SKU 6 -> 187

Posicao 12 (Corredor 1, Prateleira 2)
   SKU 6 -> 1
   SKU 7 -> 34
   SKU 8 -> 159

Posicao 13 (Corredor 1, Prateleira 3)
   SKU 14 -> 56
   SKU 21 -> 61
   SKU 26 -> 37

Posicao 19 (Corredor 1, Prateleira 9)
   SKU 40 -> 9

Posicao 21 (Corredor 2, Prateleira -1)
   SKU 5 -> 141
   SKU 7 -> 22
   SKU 32 -> 2

Posicao 22 (Corredor 2, Prateleira -2)
   SKU 11 -> 58
   SKU 13 -> 42
   SKU 32 -> 46

Posicao 23 (Corredor 2, Prateleira -3)
   SKU 29 -> 40
   SKU 38 -> 23

Posicao 26 (Corredor 2, Prateleira -6)
   SKU 3 -> 95

Posicao 31 (Corredor 2, Prateleira 1)
   SKU 2 -> 157
   SKU 15 -> 85
   SKU 37 -> 79

Posicao 32 (Corredor 2, Prateleira 2)
   SKU 16 -> 55
   SKU 28 -> 37
   SKU 35 -> 41

Posicao 33 (Corredor 2, Prateleira 3)
   SKU 9 -> 35
   SKU 22 -> 29

Posicao 41 (Corredor 3, Prateleira -1)
   SKU 23 -> 45
   SKU 25 -> 39
   SKU 33 -> 61

Posicao 42 (Corredor 3, Prateleira -2)
   SKU 20 -> 25
   SKU 36 -> 26

Posicao 51 (Corredor 3, Prateleira 1)
   SKU 12 -> 44
   SKU 24 -> 68
   SKU 27 -> 45

Posicao 52 (Corredor 3, Prateleira 2)
   SKU 10 -> 16
   SKU 19 -> 20

Posicao 61 (Corredor 4, Prateleira -1)
   SKU 31 -> 20

Posicao 100 (Corredor 5, Prateleira 10)
   SKU 39 -> 10

