Rota do Picker 1: [0, 24, 62, 42, 22, 61, 5, 3, 41, 21, 1, 6, 46, 65, 63, 8, 82, 45, 43, 44, 83, 23, 81, 0]
Rota do Picker 2: [0, 1, 41, 61, 81, 3, 23, 45, 83, 43, 63, 44, 6, 8, 7, 82, 62, 22, 42, 27, 26, 21, 5, 24, 25, 0]
Rota do Picker 3: [0, 8, 64, 27, 44, 43, 63, 83, 45, 65, 7, 24, 42, 22, 1, 46, 5, 3, 61, 41, 82, 26, 6, 23, 81, 21, 62, 0]
Rota do Picker 4: [0, 22, 41, 1, 62, 61, 21, 81, 0]
Rota do Picker 5: [0, 5, 63, 44, 25, 81, 83, 42, 22, 45, 62, 3, 82, 24, 43, 23, 61, 41, 21, 1, 0]
Rota do Picker 6: [0, 64, 45, 62, 5, 43, 23, 41, 1, 24, 25, 81, 22, 44, 65, 21, 3, 6, 7, 46, 26, 83, 63, 61, 42, 27, 82, 0]

Caso de teste: SLAPRP_Guo_small_O100_alpha0.4_v9.txt

Distancia Total: 762.0
Quantidade de Pickers: 6
