Rota do Picker 1: [0, 21, 7, 26, 10, 2, 89, 30, 48, 46, 67, 8, 27, 9, 69, 45, 84, 47, 87, 65, 50, 0]
Rota do Picker 2: [0, 76, 48, 30, 10, 7, 27, 87, 47, 1, 94, 69, 67, 65, 3, 45, 89, 8, 46, 26, 21, 9, 84, 64, 2, 0]
Rota do Picker 3: [0, 7, 27, 87, 9, 46, 65, 3, 10, 26, 8, 49, 45, 30, 50, 69, 67, 89, 48, 64, 1, 0]
Rota do Picker 4: [0, 21, 41, 26, 9, 48, 67, 19, 40, 46, 20, 45, 27, 7, 96, 60, 97, 83, 3, 1, 47, 76, 8, 50, 49, 87, 2, 65, 0]
Rota do Picker 5: [0, 2, 20, 40, 30, 1, 74, 41, 97, 76, 59, 60, 77, 36, 31, 10, 93, 96, 98, 18, 49, 7, 39, 57, 55, 12, 21, 0]
Rota do Picker 6: [0, 26, 27, 67, 30, 45, 76, 40, 60, 10, 69, 87, 89, 9, 41, 2, 7, 46, 21, 64, 8, 48, 0]
Rota do Picker 7: [0, 69, 8, 21, 7, 48, 30, 64, 49, 50, 65, 26, 46, 27, 67, 10, 45, 87, 9, 0]
Rota do Picker 8: [0, 10, 40, 0]
Rota do Picker 9: [0, 1, 83, 47, 40, 48, 19, 30, 60, 21, 7, 87, 97, 8, 50, 67, 96, 20, 45, 9, 27, 46, 26, 41, 0]
Rota do Picker 10: [0, 12, 74, 75, 19, 7, 10, 30, 0]
Rota do Picker 11: [0, 21, 83, 27, 67, 57, 3, 7, 9, 48, 46, 45, 19, 87, 8, 97, 30, 26, 10, 64, 1, 60, 65, 20, 47, 2, 89, 41, 76, 50, 0]
Rota do Picker 12: [0, 45, 10, 30, 87, 49, 46, 48, 69, 26, 8, 27, 50, 7, 9, 67, 89, 65, 64, 0]
Rota do Picker 13: [0, 48, 47, 84, 41, 50, 1, 30, 8, 21, 65, 45, 46, 26, 87, 27, 7, 64, 2, 9, 10, 0]

Caso de teste: SLAPRP_Guo_small_O200_alpha0.4_v5.txt

Distancia Total: 2546.0
Quantidade de Pickers: 13
