Rota do Picker 1: [0, 1, 51, 0]
Rota do Picker 2: [0, 26, 46, 8, 30, 47, 87, 28, 60, 40, 17, 37, 51, 31, 13, 33, 55, 32, 45, 12, 21, 1, 0]
Rota do Picker 3: [0, 19, 20, 97, 77, 94, 33, 76, 18, 55, 1, 45, 30, 28, 8, 46, 26, 3, 10, 84, 64, 60, 40, 32, 12, 0]
Rota do Picker 4: [0, 1, 8, 47, 87, 45, 3, 26, 46, 28, 10, 50, 30, 27, 76, 55, 32, 12, 0]
Rota do Picker 5: [0, 1, 12, 32, 55, 36, 64, 84, 87, 27, 21, 8, 45, 28, 10, 47, 19, 31, 51, 94, 37, 40, 18, 17, 76, 3, 46, 26, 22, 2, 0]
Rota do Picker 6: [0, 1, 2, 32, 40, 60, 55, 37, 19, 52, 17, 96, 18, 77, 97, 47, 27, 22, 45, 26, 94, 20, 33, 93, 12, 13, 0]
Rota do Picker 7: [0, 1, 41, 45, 26, 3, 12, 55, 0]

Caso de teste: SLAPRP_Guo_small_O100_alpha0.4_v5.txt

Distancia Total: 870.0
Quantidade de Pickers: 7
