Rota do Picker 1: [0, 7, 26, 46, 27, 30, 45, 2, 8, 11, 31, 37, 17, 36, 76, 48, 28, 9, 87, 47, 1, 0]
Rota do Picker 2: [0, 1, 21, 45, 28, 8, 46, 26, 7, 27, 89, 9, 19, 17, 3, 69, 64, 84, 37, 97, 48, 50, 30, 10, 41, 0]
Rota do Picker 3: [0, 1, 46, 28, 3, 87, 26, 38, 40, 60, 2, 50, 10, 89, 69, 9, 7, 27, 47, 8, 48, 45, 37, 19, 39, 55, 74, 11, 0]
Rota do Picker 4: [0, 37, 36, 60, 20, 19, 10, 27, 46, 26, 8, 3, 9, 28, 30, 50, 7, 87, 47, 85, 45, 1, 11, 31, 21, 0]
Rota do Picker 5: [0, 21, 64, 84, 30, 50, 8, 9, 27, 87, 7, 51, 11, 55, 74, 94, 18, 98, 31, 19, 40, 26, 48, 28, 41, 1, 46, 85, 47, 45, 2, 0]

Caso de teste: SLAPRP_Guo_small_O100_alpha0.4_v10.txt

Distancia Total: 838.0
Quantidade de Pickers: 5
