Rota do Picker 1: [0, 1, 3, 42, 62, 44, 7, 23, 61, 21, 41, 27, 45, 65, 4, 24, 43, 83, 63, 25, 6, 46, 37, 0]
Rota do Picker 2: [0, 1, 41, 61, 3, 5, 7, 8, 62, 82, 42, 44, 24, 4, 25, 45, 27, 37, 6, 26, 23, 83, 63, 21, 56, 0]
Rota do Picker 3: [0, 1, 21, 61, 81, 4, 42, 62, 43, 6, 5, 27, 8, 26, 45, 65, 3, 23, 63, 44, 7, 46, 41, 0]
Rota do Picker 4: [0, 1, 21, 41, 61, 5, 25, 3, 45, 64, 42, 62, 82, 7, 26, 46, 65, 4, 63, 83, 6, 75, 0]
Rota do Picker 5: [0, 1, 21, 42, 5, 43, 83, 63, 3, 41, 61, 81, 4, 64, 24, 27, 8, 46, 65, 45, 25, 6, 23, 0]
Rota do Picker 6: [0, 1, 3, 43, 63, 42, 21, 41, 5, 25, 45, 83, 23, 61, 62, 82, 7, 27, 8, 26, 46, 24, 4, 64, 0]
Rota do Picker 7: [0, 21, 41, 3, 63, 43, 83, 26, 64, 82, 42, 22, 44, 4, 24, 65, 25, 45, 5, 81, 61, 1, 0]
Rota do Picker 8: [0, 41, 61, 6, 4, 24, 25, 45, 62, 42, 46, 8, 23, 43, 3, 63, 83, 26, 64, 44, 5, 81, 21, 1, 0]
Rota do Picker 9: [0, 62, 82, 25, 4, 6, 8, 46, 43, 63, 83, 23, 3, 7, 27, 5, 42, 61, 41, 21, 1, 0]
Rota do Picker 10: [0, 1, 21, 81, 41, 61, 4, 24, 26, 8, 7, 62, 82, 42, 45, 25, 43, 23, 3, 0]
Rota do Picker 11: [0, 62, 42, 3, 23, 5, 7, 27, 44, 4, 81, 41, 1, 61, 43, 82, 24, 8, 6, 26, 25, 21, 0]
Rota do Picker 12: [0, 26, 6, 5, 43, 63, 83, 4, 44, 3, 25, 46, 7, 64, 42, 62, 21, 61, 23, 56, 13, 41, 1, 32, 0]

Caso de teste: SLAPRP_Guo_small_O200_alpha0.3_v7.txt

Distancia Total: 1250.0
Quantidade de Pickers: 12
