Rota do Picker 1: [0, 10, 83, 21, 67, 66, 46, 26, 23, 3, 1, 49, 45, 64, 24, 47, 69, 22, 42, 61, 84, 41, 0]
Rota do Picker 2: [0, 47, 42, 66, 43, 84, 10, 46, 1, 62, 64, 83, 67, 4, 26, 13, 24, 61, 22, 23, 3, 21, 0]
Rota do Picker 3: [0, 3, 41, 23, 83, 61, 43, 26, 13, 33, 66, 64, 62, 22, 21, 1, 96, 42, 0]
Rota do Picker 4: [0, 21, 3, 23, 42, 11, 37, 77, 75, 1, 31, 53, 41, 22, 13, 33, 34, 0]
Rota do Picker 5: [0, 21, 3, 23, 83, 22, 42, 13, 37, 1, 66, 41, 61, 11, 62, 43, 84, 33, 26, 64, 24, 0]
Rota do Picker 6: [0, 3, 23, 22, 42, 66, 21, 45, 46, 64, 83, 43, 26, 34, 30, 1, 10, 61, 67, 62, 84, 41, 0]
Rota do Picker 7: [0, 21, 3, 46, 66, 47, 4, 41, 45, 84, 43, 23, 64, 83, 67, 26, 22, 49, 10, 24, 0]

Caso de teste: SLAPRP_Guo_small_O100_alpha0.4_v2.txt

Distancia Total: 1080.0
Quantidade de Pickers: 7
