Rota do Picker 1: [0, 73, 26, 72, 21, 5, 44, 22, 62, 82, 6, 24, 1, 53, 63, 65, 46, 4, 81, 61, 7, 0]
Rota do Picker 2: [0, 61, 6, 36, 5, 63, 17, 8, 33, 13, 35, 44, 1, 21, 81, 4, 66, 15, 55, 24, 14, 73, 0]
Rota do Picker 3: [0, 61, 81, 3, 63, 5, 16, 55, 8, 32, 6, 85, 36, 1, 21, 64, 53, 4, 74, 17, 44, 83, 72, 45, 35, 24, 0]
Rota do Picker 4: [0, 17, 83, 93, 35, 7, 12, 72, 34, 91, 74, 55, 5, 25, 15, 33, 61, 1, 6, 16, 13, 81, 21, 4, 24, 0]
Rota do Picker 5: [0, 46, 83, 64, 42, 7, 1, 4, 24, 63, 6, 21, 61, 81, 5, 44, 73, 65, 84, 8, 16, 0]
Rota do Picker 6: [0, 61, 81, 46, 7, 26, 73, 72, 63, 44, 24, 4, 84, 27, 83, 82, 22, 2, 43, 47, 5, 6, 21, 1, 64, 15, 0]
Rota do Picker 7: [0, 1, 21, 4, 44, 26, 73, 35, 8, 6, 66, 64, 5, 63, 53, 46, 27, 65, 84, 85, 24, 81, 61, 0]
Rota do Picker 8: [0, 21, 61, 81, 4, 24, 26, 55, 14, 83, 16, 65, 63, 36, 66, 84, 44, 5, 53, 73, 15, 6, 1, 45, 35, 0]
Rota do Picker 9: [0, 24, 66, 83, 5, 8, 61, 46, 27, 64, 63, 47, 26, 1, 7, 65, 6, 84, 44, 4, 81, 21, 45, 0]
Rota do Picker 10: [0, 1, 61, 81, 4, 63, 53, 46, 7, 66, 84, 26, 72, 24, 6, 65, 17, 27, 21, 44, 74, 5, 85, 15, 73, 0]
Rota do Picker 11: [0, 1, 21, 33, 15, 72, 8, 71, 51, 11, 81, 7, 91, 61, 17, 73, 53, 65, 26, 13, 6, 4, 16, 0]
Rota do Picker 12: [0, 4, 83, 35, 17, 81, 91, 15, 53, 34, 73, 36, 93, 16, 33, 72, 74, 54, 13, 61, 21, 1, 0]
Rota do Picker 13: [0, 81, 4, 44, 83, 24, 63, 45, 5, 61, 21, 1, 25, 66, 7, 65, 73, 84, 26, 27, 85, 0]

Caso de teste: SLAPRP_Guo_small_O200_alpha0.3_v4.txt

Distancia Total: 2492.0
Quantidade de Pickers: 13
