Rota do Picker 1: [0, 1, 21, 8, 10, 50, 69, 26, 46, 27, 87, 7, 9, 30, 70, 65, 45, 18, 80, 60, 67, 47, 12, 20, 17, 97, 0]
Rota do Picker 2: [0, 21, 7, 27, 67, 8, 9, 46, 45, 28, 76, 99, 17, 26, 10, 2, 37, 40, 60, 80, 20, 31, 1, 0]
Rota do Picker 3: [0, 2, 7, 46, 10, 8, 9, 30, 89, 60, 40, 18, 76, 45, 27, 87, 70, 50, 26, 28, 29, 31, 21, 0]
Rota do Picker 4: [0, 26, 46, 27, 10, 45, 1, 7, 8, 9, 47, 28, 68, 17, 18, 20, 40, 59, 76, 2, 12, 0]
Rota do Picker 5: [0, 8, 45, 76, 37, 97, 19, 40, 60, 18, 46, 26, 9, 27, 87, 68, 70, 30, 10, 21, 2, 0]
Rota do Picker 6: [0, 21, 46, 7, 10, 45, 8, 68, 17, 60, 87, 67, 27, 9, 30, 50, 70, 2, 18, 97, 40, 80, 20, 0]
Rota do Picker 7: [0, 12, 37, 7, 8, 30, 68, 10, 87, 27, 65, 45, 46, 26, 9, 69, 89, 19, 20, 80, 60, 40, 1, 0]
Rota do Picker 8: [0, 46, 27, 67, 7, 10, 30, 70, 47, 2, 36, 96, 76, 18, 20, 59, 99, 40, 37, 29, 45, 65, 26, 8, 9, 31, 0]
Rota do Picker 9: [0, 20, 17, 74, 94, 30, 70, 7, 27, 67, 26, 46, 37, 76, 80, 40, 97, 18, 10, 28, 29, 9, 8, 45, 0]
Rota do Picker 10: [0, 1, 21, 27, 47, 9, 40, 60, 17, 45, 46, 26, 87, 67, 68, 36, 80, 18, 7, 30, 10, 50, 65, 8, 28, 0]
Rota do Picker 11: [0, 20, 18, 1, 21, 76, 17, 68, 28, 8, 50, 30, 60, 40, 27, 7, 9, 70, 10, 45, 46, 26, 0]
Rota do Picker 12: [0, 45, 26, 30, 67, 7, 9, 29, 28, 76, 96, 37, 17, 89, 69, 70, 87, 46, 1, 21, 8, 10, 27, 31, 20, 80, 12, 74, 94, 40, 60, 95, 0]

Caso de teste: SLAPRP_Guo_small_O200_alpha0.3_v7.txt

Distancia Total: 1988.0
Quantidade de Pickers: 12
