Rota do Picker 1: [0, 28, 32, 12, 1, 13, 59, 19, 76, 40, 37, 60, 94, 96, 77, 98, 22, 11, 31, 74, 75, 95, 39, 27, 51, 20, 7, 36, 2, 46, 18, 30, 0]
Rota do Picker 2: [0, 30, 10, 46, 26, 27, 47, 7, 87, 89, 41, 1, 21, 8, 28, 68, 50, 9, 45, 3, 0]
Rota do Picker 3: [0, 74, 94, 30, 68, 26, 28, 50, 18, 87, 3, 31, 11, 22, 65, 45, 10, 29, 46, 21, 1, 76, 27, 9, 8, 7, 0]
Rota do Picker 4: [0, 18, 96, 76, 50, 9, 97, 20, 47, 46, 27, 8, 45, 11, 40, 1, 68, 21, 65, 87, 60, 28, 41, 7, 30, 31, 10, 22, 52, 29, 0]
Rota do Picker 5: [0, 21, 7, 27, 45, 20, 18, 41, 8, 28, 9, 60, 22, 76, 11, 1, 65, 89, 2, 52, 36, 10, 46, 26, 51, 31, 0]
Rota do Picker 6: [0, 8, 68, 9, 10, 27, 11, 7, 45, 50, 28, 46, 89, 26, 87, 47, 30, 0]
Rota do Picker 7: [0, 1, 26, 46, 7, 41, 20, 60, 97, 22, 27, 2, 47, 51, 75, 95, 36, 10, 45, 30, 40, 18, 50, 28, 9, 21, 37, 96, 76, 8, 0]
Rota do Picker 8: [0, 68, 52, 46, 9, 30, 45, 18, 8, 76, 37, 2, 7, 27, 50, 36, 1, 26, 13, 60, 28, 31, 51, 10, 21, 0]
Rota do Picker 9: [0, 7, 46, 27, 9, 10, 45, 18, 11, 30, 52, 28, 26, 51, 21, 50, 64, 68, 47, 76, 22, 20, 31, 36, 3, 40, 60, 89, 8, 0]
Rota do Picker 10: [0, 8, 68, 9, 18, 31, 22, 45, 7, 11, 27, 30, 41, 1, 89, 28, 21, 3, 29, 50, 10, 46, 26, 2, 40, 0]
Rota do Picker 11: [0, 8, 68, 52, 65, 28, 30, 26, 2, 3, 87, 64, 41, 1, 7, 27, 9, 45, 50, 46, 47, 22, 10, 21, 0]
Rota do Picker 12: [0, 2, 8, 10, 20, 60, 26, 46, 9, 29, 40, 0]
Rota do Picker 13: [0, 30, 94, 74, 40, 18, 96, 76, 9, 84, 64, 21, 47, 20, 13, 46, 60, 0]
Rota do Picker 14: [0, 65, 3, 31, 18, 60, 89, 1, 40, 47, 68, 28, 22, 26, 46, 8, 10, 11, 76, 21, 7, 87, 51, 36, 45, 27, 50, 30, 9, 41, 0]

Caso de teste: SLAPRP_Guo_small_O200_alpha0.2_v3.txt

Distancia Total: 3258.0
Quantidade de Pickers: 14
