SKUs: 40
Pedidos: 200

Primeiro pedido:
Order(1, [4, 8, 9, 29, 36, 38, 39])

Ultimo pedido:
Order(200, [7, 25])

Location(1, 1, -1, 20)
Location(2, 1, -2, 20)
Location(3, 1, -3, 20)
Location(4, 1, -4, 20)
Location(5, 1, -5, 20)
Location(6, 1, -6, 20)
Location(7, 1, -7, 20)
Location(8, 1, -8, 20)
Location(9, 1, -9, 20)
Location(10, 1, -10, 40)
Location(11, 1, 1, 20)
Location(12, 1, 2, 20)
Location(13, 1, 3, 20)
Location(14, 1, 4, 20)
Location(15, 1, 5, 20)
Location(16, 1, 6, 20)
Location(17, 1, 7, 20)
Location(18, 1, 8, 20)
Location(19, 1, 9, 20)
Location(20, 1, 10, 40)
Location(21, 2, -1, 20)
Location(22, 2, -2, 20)
Location(23, 2, -3, 20)
Location(24, 2, -4, 20)
Location(25, 2, -5, 20)
Location(26, 2, -6, 20)
Location(27, 2, -7, 20)
Location(28, 2, -8, 20)
Location(29, 2, -9, 20)
Location(30, 2, -10, 40)
Location(31, 2, 1, 20)
Location(32, 2, 2, 20)
Location(33, 2, 3, 20)
Location(34, 2, 4, 20)
Location(35, 2, 5, 20)
Location(36, 2, 6, 20)
Location(37, 2, 7, 20)
Location(38, 2, 8, 20)
Location(39, 2, 9, 20)
Location(40, 2, 10, 40)
Location(41, 3, -1, 20)
Location(42, 3, -2, 20)
Location(43, 3, -3, 20)
Location(44, 3, -4, 20)
Location(45, 3, -5, 20)
Location(46, 3, -6, 20)
Location(47, 3, -7, 20)
Location(48, 3, -8, 20)
Location(49, 3, -9, 20)
Location(50, 3, -10, 40)
Location(51, 3, 1, 20)
Location(52, 3, 2, 20)
Location(53, 3, 3, 20)
Location(54, 3, 4, 20)
Location(55, 3, 5, 20)
Location(56, 3, 6, 20)
Location(57, 3, 7, 20)
Location(58, 3, 8, 20)
Location(59, 3, 9, 20)
Location(60, 3, 10, 40)
Location(61, 4, -1, 20)
Location(62, 4, -2, 20)
Location(63, 4, -3, 20)
Location(64, 4, -4, 20)
Location(65, 4, -5, 20)
Location(66, 4, -6, 20)
Location(67, 4, -7, 20)
Location(68, 4, -8, 20)
Location(69, 4, -9, 20)
Location(70, 4, -10, 40)
Location(71, 4, 1, 20)
Location(72, 4, 2, 20)
Location(73, 4, 3, 20)
Location(74, 4, 4, 20)
Location(75, 4, 5, 20)
Location(76, 4, 6, 20)
Location(77, 4, 7, 20)
Location(78, 4, 8, 20)
Location(79, 4, 9, 20)
Location(80, 4, 10, 40)
Location(81, 5, -1, 20)
Location(82, 5, -2, 20)
Location(83, 5, -3, 20)
Location(84, 5, -4, 20)
Location(85, 5, -5, 20)
Location(86, 5, -6, 20)
Location(87, 5, -7, 20)
Location(88, 5, -8, 20)
Location(89, 5, -9, 20)
Location(90, 5, -10, 40)
Location(91, 5, 1, 20)
Location(92, 5, 2, 20)
Location(93, 5, 3, 20)
Location(94, 5, 4, 20)
Location(95, 5, 5, 20)
Location(96, 5, 6, 20)
Location(97, 5, 7, 20)
Location(98, 5, 8, 20)
Location(99, 5, 9, 20)
Location(100, 5, 10, 40)

Frequencias: [98, 96, 89, 91, 95, 100, 156, 93, 11, 12, 12, 5, 8, 13, 11, 16, 11, 7, 10, 12, 6, 10, 8, 4, 15, 4, 12, 7, 10, 12, 12, 8, 9, 11, 10, 10, 7, 17, 14, 0]

Matriz de coocorrencia: 
40×40 Matrix{Int64}:
  0  54  46  49  53  56  80  52  3  4  3  2  5  7   9  7  3  4  2  7  4  6  3  2   7  3  3  3  3  5  8  4  3  5  4  5  4   9   3  0
 54   0  48  48  59  53  75  55  4  4  5  3  4  7   6  4  4  3  5  5  1  4  4  2   5  3  5  2  4  3  6  3  3  6  5  3  3   7   3  0
 46  48   0  36  44  47  70  52  7  2  4  2  6  4   3  7  2  2  4  8  1  2  6  2   8  3  8  2  5  3  5  5  5  4  5  5  4   7   4  0
 49  48  36   0  43  51  76  38  3  4  2  1  3  4   6  8  3  3  2  5  4  5  4  1   8  1  4  4  4  3  5  6  6  4  7  5  5   9   8  0
 53  59  44  43   0  52  76  48  4  6  5  2  3  6   4  7  8  1  4  4  3  6  6  4   5  2  7  5  2  6  5  4  4  5  3  4  3   5   4  0
 56  53  47  51  52   0  83  51  4  5  4  4  6  6   4  6  5  5  5  4  3  4  2  2   7  3  5  4  5  8  5  3  5  5  5  4  3  11   5  0
 80  75  70  76  76  83   0  68  8  9  4  2  7  8  11  7  8  6  8  9  6  9  7  2  12  3  8  6  7  9  8  6  8  5  8  7  7   3  11  0
 52  55  52  38  48  51  68   0  5  3  4  3  4  5   5  8  5  1  5  6  1  4  4  4   3  1  4  2  4  4  7  4  4  6  4  5  2   9   6  0
  3   4   7   3   4   4   8   5  0  3  1  0  0  2   1  1  0  0  0  1  0  1  2  0   3  0  1  0  2  0  0  0  0  0  0  1  0   2   3  0
  4   4   2   4   6   5   9   3  3  0  0  0  0  3   1  1  2  0  1  0  0  1  0  0   0  0  0  1  1  0  2  0  2  0  0  1  0   3   0  0
  3   5   4   2   5   4   4   4  1  0  0  0  1  0   0  0  0  0  0  0  1  0  1  0   0  0  0  0  1  0  0  0  0  0  2  0  0   1   0  0
  2   3   2   1   2   4   2   3  0  0  0  0  0  1   0  0  0  0  0  0  0  0  0  1   0  1  0  0  0  2  0  0  0  0  1  0  0   2   0  0
  5   4   6   3   3   6   7   4  0  0  1  0  0  0   0  0  1  0  1  1  0  0  0  0   1  0  0  0  0  1  1  0  0  1  0  0  1   0   0  0
  7   7   4   4   6   6   8   5  2  3  0  1  0  0   0  1  1  0  2  0  0  1  1  0   2  0  1  2  1  0  0  0  1  0  0  1  0   0   1  0
  9   6   3   6   4   4  11   5  1  1  0  0  0  0   0  1  1  0  1  1  0  1  0  0   0  0  0  0  0  0  0  0  0  0  1  1  0   1   1  0
  7   4   7   8   7   6   7   8  1  1  0  0  0  1   1  0  2  1  1  2  1  0  0  0   2  0  1  1  1  0  2  2  2  0  1  2  0   1   1  0
  3   4   2   3   8   5   8   5  0  2  0  0  1  1   1  2  0  0  1  1  2  1  1  0   1  0  0  2  0  1  0  0  1  3  0  0  0   0   1  0
  4   3   2   3   1   5   6   1  0  0  0  0  0  0   0  1  0  0  2  1  0  0  0  0   0  1  0  1  0  0  1  0  0  1  1  0  3   0   0  0
  2   5   4   2   4   5   8   5  0  1  0  0  1  2   1  1  1  2  0  1  0  0  0  0   0  1  0  1  0  1  0  0  0  1  1  0  1   0   1  0
  7   5   8   5   4   4   9   6  1  0  0  0  1  0   1  2  1  1  1  0  0  0  1  0   3  0  0  0  0  0  0  1  1  2  2  0  1   0   1  0
  4   1   1   4   3   3   6   1  0  0  1  0  0  0   0  1  2  0  0  0  0  1  1  0   0  0  1  0  0  0  1  0  0  0  1  1  0   0   0  0
  6   4   2   5   6   4   9   4  1  1  0  0  0  1   1  0  1  0  0  0  1  0  0  0   0  0  1  0  1  1  1  0  1  0  0  0  0   0   0  0
  3   4   6   4   6   2   7   4  2  0  1  0  0  1   0  0  1  0  0  1  1  0  0  1   1  0  0  1  0  0  0  1  0  0  0  0  1   0   1  0
  2   2   2   1   4   2   2   4  0  0  0  1  0  0   0  0  0  0  0  0  0  0  1  0   0  0  1  0  0  0  0  0  0  0  1  0  0   1   0  0
  7   5   8   8   5   7  12   3  3  0  0  0  1  2   0  2  1  0  0  3  0  0  1  0   0  0  1  0  0  0  0  0  0  2  2  0  0   0   2  0
  3   3   3   1   2   3   3   1  0  0  0  1  0  0   0  0  0  1  1  0  0  0  0  0   0  0  1  0  0  1  0  0  0  0  0  0  0   1   0  0
  3   5   8   4   7   5   8   4  1  0  0  0  0  1   0  1  0  0  0  0  1  1  0  1   1  1  0  0  1  0  0  0  1  0  0  1  0   0   2  0
  3   2   2   4   5   4   6   2  0  1  0  0  0  2   0  1  2  1  1  0  0  0  1  0   0  0  0  0  0  0  0  0  1  1  0  0  1   0   0  0
  3   4   5   4   2   5   7   4  2  1  1  0  0  1   0  1  0  0  0  0  0  1  0  0   0  0  1  0  0  1  0  0  2  1  1  2  0   1   2  0
  5   3   3   3   6   8   9   4  0  0  0  2  1  0   0  0  1  0  1  0  0  1  0  0   0  1  0  0  1  0  0  1  0  0  0  0  0   3   0  0
  8   6   5   5   5   5   8   7  0  2  0  0  1  0   0  2  0  1  0  0  1  1  0  0   0  0  0  0  0  0  0  0  0  0  0  1  0   3   0  0
  4   3   5   6   4   3   6   4  0  0  0  0  0  0   0  2  0  0  0  1  0  0  1  0   0  0  0  0  0  1  0  0  0  0  1  1  0   1   1  0
  3   3   5   6   4   5   8   4  0  2  0  0  0  1   0  2  1  0  0  1  0  1  0  0   0  0  1  1  2  0  0  0  0  0  1  1  0   0   1  0
  5   6   4   4   5   5   5   6  0  0  0  0  1  0   0  0  3  1  1  2  0  0  0  0   2  0  0  1  1  0  0  0  0  0  0  0  1   0   1  0
  4   5   5   7   3   5   8   4  0  0  2  1  0  0   1  1  0  1  1  2  1  0  0  1   2  0  0  0  1  0  0  1  1  0  0  0  1   1   1  0
  5   3   5   5   4   4   7   5  1  1  0  0  0  1   1  2  0  0  0  0  1  0  0  0   0  0  1  0  2  0  1  1  1  0  0  0  0   1   1  0
  4   3   4   5   3   3   7   2  0  0  0  0  1  0   0  0  0  3  1  1  0  0  1  0   0  0  0  1  0  0  0  0  0  1  1  0  0   0   0  0
  9   7   7   9   5  11   3   9  2  3  1  2  0  0   1  1  0  0  0  0  0  0  0  1   0  1  0  0  1  3  3  1  0  0  1  1  0   0   1  0
  3   3   4   8   4   5  11   6  3  0  0  0  0  1   1  1  1  0  1  1  0  0  1  0   2  0  2  0  2  0  0  1  1  1  1  1  0   1   0  0
  0   0   0   0   0   0   0   0  0  0  0  0  0  0   0  0  0  0  0  0  0  0  0  0   0  0  0  0  0  0  0  0  0  0  0  0  0   0   0  0
SKU(98, 198.0, 0.07)
SKU(96, 171.0, 0.08)
SKU(89, 123.0, 0.21)
SKU(91, 155.0, 0.1)
SKU(95, 147.0, 0.13)
SKU(100, 182.0, 0.08)
SKU(156, 267.0, 0.07)
SKU(93, 157.0, 0.11)
SKU(11, 36.0, 0.09)
SKU(12, 32.0, 0.21)
SKU(12, 41.0, 0.11)
SKU(5, 31.0, 0.12)
SKU(8, 27.0, 0.19)
SKU(13, 56.0, 0.07)
SKU(11, 69.0, 0.05)
SKU(16, 58.0, 0.09)
SKU(11, 44.0, 0.08)
SKU(7, 26.0, 0.12)
SKU(10, 25.0, 0.26)
SKU(12, 30.0, 0.17)
SKU(6, 43.0, 0.07)
SKU(10, 29.0, 0.16)
SKU(8, 40.0, 0.1)
SKU(4, 41.0, 0.05)
SKU(15, 47.0, 0.11)
SKU(4, 30.0, 0.09)
SKU(12, 33.0, 0.13)
SKU(7, 26.0, 0.16)
SKU(10, 60.0, 0.06)
SKU(12, 80.0, 0.04)
SKU(12, 30.0, 0.15)
SKU(8, 55.0, 0.06)
SKU(9, 49.0, 0.07)
SKU(11, 73.0, 0.05)
SKU(10, 31.0, 0.12)
SKU(10, 26.0, 0.16)
SKU(7, 58.0, 0.04)
SKU(17, 41.0, 0.14)
SKU(14, 45.0, 0.08)
SKU(0, 9.0, 0.12)

extremidades das matrizes:
S_hat: (-0.18945989620652082, 0.8069672494511766)
S_hat * P: (-0.15959192152956345, 0.6393963654653619)
W * S_hat: (-0.06459454652856586, 1.2825137367113548)
W * S_hat * P: (0.0, 1.0169459090367652)
correlacao{S_hat, S_hat_hat} = 0.9618177052321186

Posicao 1 (Corredor 1, Prateleira -1)
   SKU 1 -> 13
   SKU 6 -> 5
   SKU 7 -> 267

Posicao 2 (Corredor 1, Prateleira -2)
   SKU 5 -> 45
   SKU 8 -> 124
   SKU 34 -> 10

Posicao 3 (Corredor 1, Prateleira -3)
   SKU 16 -> 58
   SKU 25 -> 47
   SKU 38 -> 41

Posicao 4 (Corredor 1, Prateleira -4)
   SKU 26 -> 30

Posicao 11 (Corredor 1, Prateleira 1)
   SKU 1 -> 184
   SKU 6 -> 89

Posicao 12 (Corredor 1, Prateleira 2)
   SKU 5 -> 102
   SKU 15 -> 69
   SKU 30 -> 80

Posicao 13 (Corredor 1, Prateleira 3)
   SKU 11 -> 41
   SKU 20 -> 30
   SKU 27 -> 33

Posicao 21 (Corredor 2, Prateleira -1)
   SKU 1 -> 1
   SKU 2 -> 161
   SKU 6 -> 88

Posicao 22 (Corredor 2, Prateleira -2)
   SKU 3 -> 65
   SKU 14 -> 56
   SKU 37 -> 58

Posicao 23 (Corredor 2, Prateleira -3)
   SKU 23 -> 40
   SKU 31 -> 30
   SKU 35 -> 31

Posicao 31 (Corredor 2, Prateleira 1)
   SKU 2 -> 10
   SKU 4 -> 155
   SKU 8 -> 33

Posicao 32 (Corredor 2, Prateleira 2)
   SKU 3 -> 58
   SKU 29 -> 60
   SKU 34 -> 63

Posicao 33 (Corredor 2, Prateleira 3)
   SKU 12 -> 31
   SKU 18 -> 26
   SKU 24 -> 41

Posicao 41 (Corredor 3, Prateleira -1)
   SKU 17 -> 44
   SKU 33 -> 49
   SKU 39 -> 45

Posicao 42 (Corredor 3, Prateleira -2)
   SKU 21 -> 43
   SKU 22 -> 29
   SKU 36 -> 26

Posicao 51 (Corredor 3, Prateleira 1)
   SKU 9 -> 36
   SKU 10 -> 32
   SKU 32 -> 55

Posicao 52 (Corredor 3, Prateleira 2)
   SKU 13 -> 27
   SKU 19 -> 25
   SKU 28 -> 26

Posicao 100 (Corredor 5, Prateleira 10)
   SKU 40 -> 9

