Rota do Picker 1: [0, 96, 19, 70, 48, 46, 26, 45, 9, 8, 50, 69, 87, 27, 7, 10, 30, 20, 40, 60, 21, 0]
Rota do Picker 2: [0, 21, 45, 30, 8, 9, 89, 50, 70, 10, 26, 46, 76, 96, 40, 80, 20, 37, 48, 87, 27, 7, 2, 0]
Rota do Picker 3: [0, 1, 45, 8, 48, 9, 89, 46, 26, 97, 37, 60, 80, 40, 19, 64, 70, 10, 7, 27, 47, 87, 30, 50, 20, 96, 0]
Rota do Picker 4: [0, 1, 26, 46, 7, 47, 87, 27, 9, 48, 8, 50, 10, 21, 45, 94, 19, 0]
Rota do Picker 5: [0, 83, 26, 46, 8, 89, 7, 20, 60, 40, 21, 41, 64, 37, 96, 30, 9, 22, 27, 10, 70, 50, 48, 45, 1, 0]
Rota do Picker 6: [0, 7, 8, 30, 2, 45, 9, 10, 69, 87, 27, 46, 26, 50, 48, 22, 21, 1, 41, 37, 19, 18, 0]

Caso de teste: SLAPRP_Guo_small_O100_alpha0.4_v4.txt

Distancia Total: 912.0
Quantidade de Pickers: 6
