Rota do Picker 1: [0, 21, 41, 61, 81, 25, 82, 16, 36, 37, 17, 62, 4, 1, 42, 13, 73, 0]
Rota do Picker 2: [0, 21, 41, 61, 42, 6, 13, 17, 55, 82, 62, 1, 64, 44, 81, 73, 54, 4, 5, 36, 31, 0]
Rota do Picker 3: [0, 44, 64, 26, 7, 8, 13, 5, 24, 27, 65, 21, 81, 61, 62, 42, 4, 41, 1, 0]
Rota do Picker 4: [0, 4, 41, 44, 62, 61, 6, 54, 24, 26, 25, 2, 22, 64, 13, 82, 42, 81, 21, 1, 0]
Rota do Picker 5: [0, 41, 42, 13, 1, 61, 4, 62, 18, 16, 7, 0]
Rota do Picker 6: [0, 26, 17, 4, 62, 15, 56, 11, 93, 82, 33, 18, 54, 55, 16, 61, 1, 25, 75, 42, 21, 64, 36, 13, 81, 41, 0]
Rota do Picker 7: [0, 44, 36, 7, 17, 1, 21, 41, 61, 4, 42, 62, 16, 81, 63, 82, 13, 93, 56, 45, 0]

Caso de teste: SLAPRP_Guo_small_O100_alpha0.4_v5.txt

Distancia Total: 998.0
Quantidade de Pickers: 7
