Rota do Picker 1: [0, 21, 5, 25, 45, 26, 44, 23, 63, 82, 62, 4, 43, 81, 61, 41, 1, 0]
Rota do Picker 2: [0, 1, 21, 41, 61, 5, 25, 26, 46, 8, 64, 44, 63, 3, 62, 27, 7, 83, 43, 23, 45, 56, 0]
Rota do Picker 3: [0, 1, 21, 41, 61, 5, 63, 83, 43, 23, 45, 7, 27, 8, 6, 46, 26, 65, 82, 0]
Rota do Picker 4: [0, 1, 61, 41, 43, 7, 6, 26, 44, 64, 25, 5, 63, 23, 21, 81, 13, 0]
Rota do Picker 5: [0, 1, 21, 6, 42, 83, 64, 63, 44, 27, 8, 7, 5, 23, 43, 62, 82, 41, 61, 31, 71, 34, 56, 0]
Rota do Picker 6: [0, 1, 21, 41, 61, 7, 44, 64, 6, 26, 43, 23, 83, 65, 5, 0]

Caso de teste: SLAPRP_Guo_small_O100_alpha0.2_v2.txt

Distancia Total: 532.0
Quantidade de Pickers: 6
