Rota do Picker 1: [0, 3, 83, 26, 28, 8, 69, 50, 76, 47, 1, 7, 67, 87, 21, 10, 36, 84, 48, 45, 20, 30, 9, 27, 46, 0]
Rota do Picker 2: [0, 30, 10, 48, 50, 84, 45, 69, 9, 67, 46, 87, 47, 27, 7, 68, 8, 26, 21, 12, 0]
Rota do Picker 3: [0, 26, 46, 45, 84, 30, 48, 10, 9, 27, 7, 21, 8, 87, 68, 69, 2, 47, 67, 83, 50, 1, 0]
Rota do Picker 4: [0, 7, 27, 87, 9, 46, 45, 8, 50, 48, 69, 26, 10, 47, 67, 64, 0]
Rota do Picker 5: [0, 64, 27, 60, 45, 9, 40, 47, 8, 50, 87, 83, 21, 67, 30, 20, 76, 46, 7, 26, 0]
Rota do Picker 6: [0, 45, 9, 48, 20, 60, 50, 47, 2, 67, 83, 30, 8, 40, 87, 27, 64, 76, 10, 46, 26, 7, 21, 1, 36, 0]
Rota do Picker 7: [0, 98, 94, 74, 11, 21, 12, 18, 39, 77, 37, 36, 17, 76, 7, 20, 75, 93, 13, 1, 92, 55, 0]

Caso de teste: SLAPRP_Guo_small_O100_alpha0.4_v7.txt

Distancia Total: 1346.0
Quantidade de Pickers: 7
