Rota do Picker 1: [0, 45, 26, 28, 8, 7, 2, 22, 23, 20, 18, 57, 37, 21, 61, 10, 47, 46, 27, 1, 0]
Rota do Picker 2: [0, 31, 51, 17, 37, 18, 76, 7, 12, 32, 13, 41, 21, 1, 30, 89, 69, 8, 10, 4, 20, 79, 49, 2, 42, 83, 45, 27, 46, 26, 22, 3, 0]
Rota do Picker 3: [0, 45, 7, 49, 27, 48, 26, 46, 37, 18, 76, 30, 10, 8, 23, 3, 1, 0]
Rota do Picker 4: [0, 1, 22, 28, 49, 89, 69, 3, 13, 18, 76, 36, 4, 27, 7, 8, 26, 46, 45, 12, 0]
Rota do Picker 5: [0, 1, 26, 76, 57, 17, 45, 3, 30, 27, 7, 28, 46, 21, 41, 20, 12, 47, 8, 69, 89, 48, 75, 18, 36, 0]
Rota do Picker 6: [0, 1, 22, 32, 47, 30, 7, 27, 21, 18, 79, 20, 48, 89, 49, 10, 45, 28, 8, 46, 26, 0]

Caso de teste: SLAPRP_Guo_small_O100_alpha0.2_v6.txt

Distancia Total: 910.0
Quantidade de Pickers: 6
