Rota do Picker 1: [0, 12, 75, 18, 94, 3, 64, 84, 22, 2, 26, 9, 49, 8, 27, 67, 30, 61, 42, 62, 46, 66, 24, 11, 72, 4, 83, 43, 23, 21, 0]
Rota do Picker 2: [0, 11, 75, 21, 1, 42, 62, 37, 57, 94, 93, 13, 12, 14, 4, 45, 66, 46, 26, 43, 83, 22, 76, 20, 53, 33, 23, 3, 2, 0]
Rota do Picker 3: [0, 3, 22, 2, 8, 69, 89, 23, 43, 66, 46, 26, 7, 84, 24, 21, 61, 1, 49, 27, 47, 9, 10, 30, 62, 42, 83, 45, 12, 71, 93, 33, 53, 34, 0]
Rota do Picker 4: [0, 22, 2, 27, 49, 69, 45, 3, 23, 83, 43, 46, 66, 8, 10, 64, 84, 42, 96, 13, 75, 94, 12, 4, 0]
Rota do Picker 5: [0, 14, 13, 21, 1, 12, 18, 59, 97, 77, 37, 52, 32, 4, 47, 67, 10, 75, 64, 24, 7, 8, 3, 83, 23, 22, 2, 0]
Rota do Picker 6: [0, 21, 1, 11, 31, 53, 32, 72, 33, 18, 13, 69, 49, 8, 84, 4, 3, 23, 43, 83, 41, 26, 46, 66, 27, 10, 2, 22, 51, 71, 0]

Caso de teste: SLAPRP_Guo_small_O100_alpha0.4_v2.txt

Distancia Total: 996.0
Quantidade de Pickers: 6
