Rota do Picker 1: [0, 12, 32, 55, 75, 46, 9, 2, 27, 87, 36, 20, 11, 3, 7, 26, 45, 18, 37, 40, 0]
Rota do Picker 2: [0, 2, 27, 9, 69, 30, 45, 18, 51, 1, 26, 46, 8, 10, 36, 13, 65, 48, 28, 64, 20, 22, 50, 7, 17, 11, 87, 3, 47, 21, 37, 0]
Rota do Picker 3: [0, 1, 2, 10, 30, 26, 45, 28, 51, 46, 8, 27, 13, 11, 89, 69, 85, 47, 65, 19, 9, 7, 48, 18, 50, 0]
Rota do Picker 4: [0, 89, 10, 46, 26, 50, 2, 69, 87, 85, 48, 28, 45, 27, 30, 9, 8, 7, 83, 0]
Rota do Picker 5: [0, 45, 8, 47, 46, 26, 87, 28, 7, 27, 65, 22, 10, 9, 21, 89, 2, 50, 48, 1, 3, 69, 85, 0]
Rota do Picker 6: [0, 7, 27, 9, 30, 45, 19, 50, 11, 37, 28, 2, 8, 18, 10, 31, 46, 26, 65, 20, 17, 48, 69, 47, 21, 0]
Rota do Picker 7: [0, 51, 30, 85, 1, 7, 27, 47, 8, 48, 26, 45, 9, 69, 46, 50, 21, 3, 89, 28, 22, 10, 31, 18, 0]
Rota do Picker 8: [0, 74, 94, 27, 17, 46, 11, 7, 87, 47, 28, 20, 40, 76, 37, 98, 59, 31, 19, 36, 32, 39, 55, 50, 18, 8, 2, 1, 0]
Rota do Picker 9: [0, 3, 10, 22, 65, 48, 50, 47, 69, 11, 26, 46, 8, 28, 9, 30, 45, 7, 27, 87, 0]
Rota do Picker 10: [0, 17, 45, 9, 13, 46, 8, 2, 7, 20, 3, 18, 27, 21, 31, 65, 47, 55, 30, 36, 19, 10, 28, 48, 26, 37, 1, 89, 0]
Rota do Picker 11: [0, 8, 9, 27, 10, 48, 13, 32, 18, 50, 46, 26, 28, 69, 19, 45, 47, 87, 31, 7, 1, 11, 89, 17, 30, 36, 85, 0]
Rota do Picker 12: [0, 21, 65, 1, 26, 3, 48, 69, 13, 51, 18, 11, 17, 22, 28, 40, 37, 27, 46, 50, 76, 36, 8, 20, 19, 45, 9, 47, 7, 2, 0]

Caso de teste: SLAPRP_Guo_small_O200_alpha0.3_v2.txt

Distancia Total: 2856.0
Quantidade de Pickers: 12
