Rota do Picker 1: [0, 1, 21, 41, 61, 3, 23, 63, 43, 65, 45, 6, 26, 46, 25, 5, 82, 64, 75, 0]
Rota do Picker 2: [0, 1, 21, 41, 61, 23, 43, 5, 25, 44, 64, 3, 63, 83, 22, 2, 42, 62, 82, 6, 26, 0]
Rota do Picker 3: [0, 81, 23, 43, 3, 62, 82, 27, 7, 26, 83, 64, 6, 44, 63, 5, 61, 41, 21, 1, 0]
Rota do Picker 4: [0, 7, 27, 3, 25, 65, 46, 26, 62, 82, 43, 64, 8, 5, 23, 81, 61, 41, 21, 1, 0]
Rota do Picker 5: [0, 65, 45, 5, 43, 23, 81, 61, 41, 1, 3, 83, 8, 7, 46, 26, 27, 21, 11, 55, 75, 0]
Rota do Picker 6: [0, 23, 21, 61, 82, 5, 25, 44, 24, 4, 46, 7, 27, 26, 6, 81, 41, 63, 18, 56, 45, 64, 43, 3, 1, 0]
Rota do Picker 7: [0, 1, 21, 41, 61, 23, 63, 83, 25, 45, 65, 5, 43, 3, 82, 62, 24, 44, 6, 0]
Rota do Picker 8: [0, 21, 41, 61, 6, 7, 8, 65, 25, 45, 5, 44, 43, 23, 3, 1, 0]
Rota do Picker 9: [0, 1, 21, 41, 6, 5, 23, 43, 3, 51, 0]
Rota do Picker 10: [0, 1, 21, 41, 61, 3, 43, 23, 63, 5, 26, 46, 6, 7, 25, 44, 0]
Rota do Picker 11: [0, 1, 21, 41, 61, 81, 5, 45, 65, 64, 44, 3, 62, 82, 26, 8, 27, 7, 83, 43, 23, 0]
Rota do Picker 12: [0, 21, 1, 81, 23, 63, 83, 44, 46, 7, 64, 5, 61, 41, 3, 43, 6, 65, 82, 0]

Caso de teste: SLAPRP_Guo_small_O200_alpha0.3_v8.txt

Distancia Total: 992.0
Quantidade de Pickers: 12
