Rota do Picker 1: [0, 41, 23, 63, 44, 61, 64, 5, 43, 3, 21, 1, 83, 25, 7, 26, 45, 6, 8, 0]
Rota do Picker 2: [0, 1, 41, 61, 23, 26, 7, 8, 25, 65, 3, 5, 46, 83, 45, 63, 21, 43, 64, 27, 81, 6, 44, 82, 0]
Rota do Picker 3: [0, 41, 61, 43, 25, 64, 3, 5, 26, 27, 82, 65, 21, 83, 7, 1, 23, 6, 46, 45, 8, 44, 63, 0]
Rota do Picker 4: [0, 63, 3, 64, 44, 43, 21, 83, 65, 81, 46, 82, 5, 23, 61, 41, 1, 0]
Rota do Picker 5: [0, 41, 23, 26, 18, 21, 1, 61, 81, 27, 82, 0]
Rota do Picker 6: [0, 1, 41, 61, 75, 64, 18, 12, 21, 62, 81, 8, 27, 43, 23, 3, 63, 5, 26, 7, 83, 82, 37, 0]
Rota do Picker 7: [0, 82, 64, 61, 5, 7, 43, 23, 41, 21, 45, 24, 3, 1, 6, 44, 83, 65, 25, 26, 81, 63, 0]
Rota do Picker 8: [0, 46, 3, 61, 1, 44, 5, 63, 43, 23, 81, 41, 24, 4, 21, 45, 6, 26, 25, 27, 65, 83, 82, 7, 0]
Rota do Picker 9: [0, 21, 81, 5, 63, 45, 44, 22, 62, 83, 43, 23, 82, 3, 61, 41, 1, 0]
Rota do Picker 10: [0, 1, 21, 61, 23, 5, 46, 26, 45, 3, 41, 43, 7, 8, 25, 65, 6, 4, 27, 63, 81, 44, 0]
Rota do Picker 11: [0, 5, 81, 61, 82, 64, 43, 23, 3, 41, 1, 21, 83, 4, 6, 65, 46, 26, 27, 44, 63, 0]

Caso de teste: SLAPRP_Guo_small_O200_alpha0.4_v8.txt

Distancia Total: 1438.0
Quantidade de Pickers: 11
