Rota do Picker 1: [0, 52, 7, 2, 22, 8, 9, 18, 28, 69, 60, 30, 1, 46, 36, 68, 97, 19, 10, 50, 37, 21, 20, 76, 26, 87, 27, 45, 0]
Rota do Picker 2: [0, 7, 87, 27, 3, 45, 59, 21, 76, 40, 2, 11, 13, 97, 32, 74, 20, 60, 52, 37, 98, 55, 41, 19, 51, 10, 18, 36, 31, 46, 0]
Rota do Picker 3: [0, 28, 36, 1, 21, 3, 7, 68, 18, 45, 10, 89, 60, 30, 13, 46, 26, 69, 20, 2, 76, 50, 87, 27, 9, 8, 0]
Rota do Picker 4: [0, 27, 7, 26, 46, 68, 18, 20, 32, 36, 41, 1, 4, 22, 76, 19, 60, 55, 28, 87, 13, 59, 8, 97, 37, 9, 45, 0]
Rota do Picker 5: [0, 18, 69, 41, 68, 22, 2, 1, 9, 30, 89, 60, 13, 32, 10, 27, 45, 46, 26, 8, 7, 28, 50, 21, 0]
Rota do Picker 6: [0, 1, 26, 46, 7, 30, 11, 8, 27, 87, 3, 45, 9, 10, 68, 89, 50, 28, 2, 13, 69, 0]
Rota do Picker 7: [0, 27, 7, 18, 30, 46, 89, 50, 68, 11, 87, 26, 69, 36, 22, 2, 20, 4, 10, 9, 28, 8, 45, 1, 3, 60, 0]
Rota do Picker 8: [0, 20, 30, 28, 45, 3, 2, 18, 36, 46, 27, 9, 8, 7, 69, 32, 22, 10, 21, 55, 87, 89, 11, 26, 1, 60, 76, 50, 97, 0]
Rota do Picker 9: [0, 4, 32, 27, 30, 3, 8, 36, 28, 13, 37, 19, 11, 20, 18, 9, 7, 1, 21, 22, 52, 59, 76, 45, 46, 26, 41, 0]
Rota do Picker 10: [0, 45, 8, 28, 68, 36, 76, 41, 1, 30, 9, 2, 13, 89, 69, 60, 10, 3, 11, 50, 20, 18, 46, 26, 27, 7, 0]
Rota do Picker 11: [0, 21, 7, 26, 46, 45, 9, 30, 89, 27, 87, 28, 69, 8, 10, 50, 0]
Rota do Picker 12: [0, 22, 8, 20, 3, 46, 36, 10, 26, 1, 40, 32, 50, 11, 87, 7, 2, 21, 52, 18, 76, 68, 9, 27, 4, 45, 0]

Caso de teste: SLAPRP_Guo_small_O200_alpha0.2_v10.txt

Distancia Total: 3038.0
Quantidade de Pickers: 12
