SKUs: 40
Pedidos: 52

Primeiro pedido:
Order(1, [3, 4, 5, 6, 8, 11, 14, 36])

Ultimo pedido:
Order(52, [7, 22])

Location(1, 1, -1, 20)
Location(2, 1, -2, 20)
Location(3, 1, -3, 20)
Location(4, 1, -4, 20)
Location(5, 1, -5, 20)
Location(6, 1, -6, 20)
Location(7, 1, -7, 20)
Location(8, 1, -8, 20)
Location(9, 1, -9, 20)
Location(10, 1, -10, 40)
Location(11, 1, 1, 20)
Location(12, 1, 2, 20)
Location(13, 1, 3, 20)
Location(14, 1, 4, 20)
Location(15, 1, 5, 20)
Location(16, 1, 6, 20)
Location(17, 1, 7, 20)
Location(18, 1, 8, 20)
Location(19, 1, 9, 20)
Location(20, 1, 10, 40)
Location(21, 2, -1, 20)
Location(22, 2, -2, 20)
Location(23, 2, -3, 20)
Location(24, 2, -4, 20)
Location(25, 2, -5, 20)
Location(26, 2, -6, 20)
Location(27, 2, -7, 20)
Location(28, 2, -8, 20)
Location(29, 2, -9, 20)
Location(30, 2, -10, 40)
Location(31, 2, 1, 20)
Location(32, 2, 2, 20)
Location(33, 2, 3, 20)
Location(34, 2, 4, 20)
Location(35, 2, 5, 20)
Location(36, 2, 6, 20)
Location(37, 2, 7, 20)
Location(38, 2, 8, 20)
Location(39, 2, 9, 20)
Location(40, 2, 10, 40)
Location(41, 3, -1, 20)
Location(42, 3, -2, 20)
Location(43, 3, -3, 20)
Location(44, 3, -4, 20)
Location(45, 3, -5, 20)
Location(46, 3, -6, 20)
Location(47, 3, -7, 20)
Location(48, 3, -8, 20)
Location(49, 3, -9, 20)
Location(50, 3, -10, 40)
Location(51, 3, 1, 20)
Location(52, 3, 2, 20)
Location(53, 3, 3, 20)
Location(54, 3, 4, 20)
Location(55, 3, 5, 20)
Location(56, 3, 6, 20)
Location(57, 3, 7, 20)
Location(58, 3, 8, 20)
Location(59, 3, 9, 20)
Location(60, 3, 10, 40)
Location(61, 4, -1, 20)
Location(62, 4, -2, 20)
Location(63, 4, -3, 20)
Location(64, 4, -4, 20)
Location(65, 4, -5, 20)
Location(66, 4, -6, 20)
Location(67, 4, -7, 20)
Location(68, 4, -8, 20)
Location(69, 4, -9, 20)
Location(70, 4, -10, 40)
Location(71, 4, 1, 20)
Location(72, 4, 2, 20)
Location(73, 4, 3, 20)
Location(74, 4, 4, 20)
Location(75, 4, 5, 20)
Location(76, 4, 6, 20)
Location(77, 4, 7, 20)
Location(78, 4, 8, 20)
Location(79, 4, 9, 20)
Location(80, 4, 10, 40)
Location(81, 5, -1, 20)
Location(82, 5, -2, 20)
Location(83, 5, -3, 20)
Location(84, 5, -4, 20)
Location(85, 5, -5, 20)
Location(86, 5, -6, 20)
Location(87, 5, -7, 20)
Location(88, 5, -8, 20)
Location(89, 5, -9, 20)
Location(90, 5, -10, 40)
Location(91, 5, 1, 20)
Location(92, 5, 2, 20)
Location(93, 5, 3, 20)
Location(94, 5, 4, 20)
Location(95, 5, 5, 20)
Location(96, 5, 6, 20)
Location(97, 5, 7, 20)
Location(98, 5, 8, 20)
Location(99, 5, 9, 20)
Location(100, 5, 10, 40)

Frequencias: [36, 28, 23, 29, 25, 25, 25, 19, 2, 4, 4, 2, 2, 1, 2, 1, 5, 1, 10, 3, 2, 4, 3, 3, 5, 4, 1, 1, 3, 0, 6, 0, 6, 1, 3, 2, 0, 4, 2, 0]

Matriz de coocorrencia: 
40×40 Matrix{Int64}:
  0  20  18  19  19  17  17  14  1  4  1  2  2  0  1  0  4  1  4  2  2  2  3  3  1  3  0  0  3  0  3  0  3  0  2  1  0  2  2  0
 20   0  13  18  13  15  14   9  1  2  3  1  2  0  2  0  4  0  3  2  2  1  1  2  4  0  0  0  1  0  3  0  4  0  2  1  0  0  2  0
 18  13   0  14  16  14  14  11  0  1  3  1  2  1  1  0  4  0  2  2  0  1  0  0  1  2  1  1  1  0  1  0  2  0  2  2  0  2  1  0
 19  18  14   0  17  14  17  12  1  2  3  1  1  1  0  0  3  1  5  3  2  3  2  2  5  3  1  1  1  0  3  0  4  0  2  2  0  1  1  0
 19  13  16  17   0  14  12  12  1  2  2  1  1  1  1  0  3  1  5  1  2  1  1  2  1  2  1  1  2  0  2  0  4  0  3  1  0  1  0  0
 17  15  14  14  14   0  13   8  1  2  3  0  1  1  2  1  3  0  7  1  1  0  1  2  2  1  0  0  0  0  3  0  3  1  2  2  0  2  1  0
 17  14  14  17  12  13   0  10  2  2  2  1  1  0  0  1  2  1  3  2  1  3  2  2  1  3  0  0  2  0  1  0  4  1  0  1  0  3  1  0
 14   9  11  12  12   8  10   0  1  1  2  1  1  1  0  0  1  0  5  1  0  1  1  0  0  2  1  1  0  0  1  0  5  0  2  1  0  0  0  0
  1   1   0   1   1   1   2   1  0  0  0  0  0  0  0  1  0  0  1  0  0  0  0  0  0  1  0  0  0  0  1  0  1  1  0  0  0  0  0  0
  4   2   1   2   2   2   2   1  0  0  0  0  1  0  0  0  0  1  1  0  0  0  0  2  0  0  0  0  1  0  1  0  0  0  0  0  0  1  0  0
  1   3   3   3   2   3   2   2  0  0  0  0  0  1  0  0  0  0  0  0  0  0  0  0  1  0  0  0  0  0  0  0  0  0  0  1  0  0  0  0
  2   1   1   1   1   0   1   1  0  0  0  0  0  0  0  0  0  0  0  0  0  0  0  0  0  1  0  0  1  0  0  0  0  0  0  0  0  0  0  0
  2   2   2   1   1   1   1   1  0  1  0  0  0  0  1  0  1  0  0  0  0  0  0  0  0  0  0  0  0  0  0  0  0  0  0  0  0  0  0  0
  0   0   1   1   1   1   0   1  0  0  1  0  0  0  0  0  0  0  0  0  0  0  0  0  0  0  0  0  0  0  0  0  0  0  0  1  0  0  0  0
  1   2   1   0   1   2   0   0  0  0  0  0  1  0  0  0  1  0  1  0  0  0  0  0  0  0  0  0  0  0  0  0  0  0  0  0  0  0  0  0
  0   0   0   0   0   1   1   0  1  0  0  0  0  0  0  0  0  0  1  0  0  0  0  0  0  1  0  0  0  0  1  0  0  1  0  0  0  0  0  0
  4   4   4   3   3   3   2   1  0  0  0  0  1  0  1  0  0  0  1  1  0  0  0  0  1  1  0  0  0  0  0  0  0  0  0  0  0  0  0  0
  1   0   0   1   1   0   1   0  0  1  0  0  0  0  0  0  0  0  0  0  0  0  0  1  0  0  0  0  1  0  0  0  0  0  0  0  0  0  0  0
  4   3   2   5   5   7   3   5  1  1  0  0  0  0  1  1  1  0  0  1  0  1  1  0  1  1  1  1  0  0  2  0  2  1  1  0  0  1  0  0
  2   2   2   3   1   1   2   1  0  0  0  0  0  0  0  0  1  0  1  0  0  1  0  0  0  0  0  0  0  0  0  0  1  0  1  0  0  1  0  0
  2   2   0   2   2   1   1   0  0  0  0  0  0  0  0  0  0  0  0  0  0  0  0  1  0  0  0  0  0  0  0  0  0  0  0  0  0  0  0  0
  2   1   1   3   1   0   3   1  0  0  0  0  0  0  0  0  0  0  1  1  0  0  0  0  1  0  0  0  0  0  0  0  0  0  0  0  0  1  1  0
  3   1   0   2   1   1   2   1  0  0  0  0  0  0  0  0  0  0  1  0  0  0  0  0  0  0  0  0  0  0  0  0  1  0  0  0  0  0  0  0
  3   2   0   2   2   2   2   0  0  2  0  0  0  0  0  0  0  1  0  0  1  0  0  0  0  0  0  0  1  0  1  0  0  0  0  0  0  0  0  0
  1   4   1   5   1   2   1   0  0  0  1  0  0  0  0  0  1  0  1  0  0  1  0  0  0  0  0  0  0  0  1  0  0  0  0  0  0  0  1  0
  3   0   2   3   2   1   3   2  1  0  0  1  0  0  0  1  1  0  1  0  0  0  0  0  0  0  0  0  0  0  1  0  0  1  0  0  0  0  0  0
  0   0   1   1   1   0   0   1  0  0  0  0  0  0  0  0  0  0  1  0  0  0  0  0  0  0  0  1  0  0  1  0  0  0  0  0  0  0  0  0
  0   0   1   1   1   0   0   1  0  0  0  0  0  0  0  0  0  0  1  0  0  0  0  0  0  0  1  0  0  0  1  0  0  0  0  0  0  0  0  0
  3   1   1   1   2   0   2   0  0  1  0  1  0  0  0  0  0  1  0  0  0  0  0  1  0  0  0  0  0  0  0  0  0  0  0  0  0  0  0  0
  0   0   0   0   0   0   0   0  0  0  0  0  0  0  0  0  0  0  0  0  0  0  0  0  0  0  0  0  0  0  0  0  0  0  0  0  0  0  0  0
  3   3   1   3   2   3   1   1  1  1  0  0  0  0  0  1  0  0  2  0  0  0  0  1  1  1  1  1  0  0  0  0  0  1  0  0  0  0  0  0
  0   0   0   0   0   0   0   0  0  0  0  0  0  0  0  0  0  0  0  0  0  0  0  0  0  0  0  0  0  0  0  0  0  0  0  0  0  0  0  0
  3   4   2   4   4   3   4   5  1  0  0  0  0  0  0  0  0  0  2  1  0  0  1  0  0  0  0  0  0  0  0  0  0  0  1  0  0  0  0  0
  0   0   0   0   0   1   1   0  1  0  0  0  0  0  0  1  0  0  1  0  0  0  0  0  0  1  0  0  0  0  1  0  0  0  0  0  0  0  0  0
  2   2   2   2   3   2   0   2  0  0  0  0  0  0  0  0  0  0  1  1  0  0  0  0  0  0  0  0  0  0  0  0  1  0  0  0  0  0  0  0
  1   1   2   2   1   2   1   1  0  0  1  0  0  1  0  0  0  0  0  0  0  0  0  0  0  0  0  0  0  0  0  0  0  0  0  0  0  0  0  0
  0   0   0   0   0   0   0   0  0  0  0  0  0  0  0  0  0  0  0  0  0  0  0  0  0  0  0  0  0  0  0  0  0  0  0  0  0  0  0  0
  2   0   2   1   1   2   3   0  0  1  0  0  0  0  0  0  0  0  1  1  0  1  0  0  0  0  0  0  0  0  0  0  0  0  0  0  0  0  0  0
  2   2   1   1   0   1   1   0  0  0  0  0  0  0  0  0  0  0  0  0  0  1  0  0  1  0  0  0  0  0  0  0  0  0  0  0  0  0  0  0
  0   0   0   0   0   0   0   0  0  0  0  0  0  0  0  0  0  0  0  0  0  0  0  0  0  0  0  0  0  0  0  0  0  0  0  0  0  0  0  0
SKU(36, 228.0, 0.07)
SKU(28, 186.0, 0.08)
SKU(23, 81.0, 0.21)
SKU(29, 149.0, 0.1)
SKU(25, 123.0, 0.13)
SKU(25, 156.0, 0.08)
SKU(25, 185.0, 0.07)
SKU(19, 110.0, 0.11)
SKU(2, 52.0, 0.09)
SKU(4, 30.0, 0.21)
SKU(4, 53.0, 0.11)
SKU(2, 40.0, 0.12)
SKU(2, 21.0, 0.19)
SKU(1, 43.0, 0.07)
SKU(2, 81.0, 0.05)
SKU(1, 39.0, 0.09)
SKU(5, 67.0, 0.08)
SKU(1, 31.0, 0.12)
SKU(10, 46.0, 0.26)
SKU(3, 33.0, 0.17)
SKU(2, 56.0, 0.07)
SKU(4, 38.0, 0.16)
SKU(3, 55.0, 0.1)
SKU(3, 85.0, 0.05)
SKU(5, 68.0, 0.11)
SKU(4, 65.0, 0.09)
SKU(1, 23.0, 0.13)
SKU(1, 24.0, 0.16)
SKU(3, 76.0, 0.06)
SKU(0, 44.0, 0.04)
SKU(6, 48.0, 0.15)
SKU(0, 36.0, 0.06)
SKU(6, 97.0, 0.07)
SKU(1, 55.0, 0.05)
SKU(3, 36.0, 0.12)
SKU(2, 24.0, 0.16)
SKU(0, 44.0, 0.04)
SKU(4, 36.0, 0.14)
SKU(2, 44.0, 0.08)
SKU(0, 19.0, 0.12)

Posicao 1 (Corredor 1, Prateleira -1)
   SKU 1 -> 149
   SKU 2 -> 119
   SKU 24 -> 1

Posicao 2 (Corredor 1, Prateleira -2)
   SKU 3 -> 81
   SKU 8 -> 8
   SKU 33 -> 30

Posicao 3 (Corredor 1, Prateleira -3)
   SKU 10 -> 30
   SKU 11 -> 53
   SKU 31 -> 48

Posicao 4 (Corredor 1, Prateleira -4)
   SKU 14 -> 43

Posicao 11 (Corredor 1, Prateleira 1)
   SKU 1 -> 79
   SKU 2 -> 19
   SKU 7 -> 185

Posicao 12 (Corredor 1, Prateleira 2)
   SKU 5 -> 46
   SKU 6 -> 156
   SKU 33 -> 22

Posicao 13 (Corredor 1, Prateleira 3)
   SKU 19 -> 46
   SKU 24 -> 84
   SKU 33 -> 45

Posicao 14 (Corredor 1, Prateleira 4)
   SKU 28 -> 24

Posicao 21 (Corredor 2, Prateleira -1)
   SKU 4 -> 149
   SKU 5 -> 39

Posicao 22 (Corredor 2, Prateleira -2)
   SKU 15 -> 81
   SKU 22 -> 38
   SKU 35 -> 36

Posicao 23 (Corredor 2, Prateleira -3)
   SKU 13 -> 21

Posicao 31 (Corredor 2, Prateleira 1)
   SKU 2 -> 48
   SKU 5 -> 38
   SKU 8 -> 102

Posicao 32 (Corredor 2, Prateleira 2)
   SKU 17 -> 67
   SKU 20 -> 33
   SKU 26 -> 65

Posicao 33 (Corredor 2, Prateleira 3)
   SKU 27 -> 23

Posicao 41 (Corredor 3, Prateleira -1)
   SKU 21 -> 56
   SKU 23 -> 55
   SKU 25 -> 68

Posicao 42 (Corredor 3, Prateleira -2)
   SKU 18 -> 31
   SKU 36 -> 24

Posicao 51 (Corredor 3, Prateleira 1)
   SKU 9 -> 52
   SKU 29 -> 76
   SKU 38 -> 36

Posicao 58 (Corredor 3, Prateleira 8)
   SKU 32 -> 36
   SKU 37 -> 44
   SKU 40 -> 19

Posicao 61 (Corredor 4, Prateleira -1)
   SKU 16 -> 39
   SKU 34 -> 55
   SKU 39 -> 44

Posicao 71 (Corredor 4, Prateleira 1)
   SKU 12 -> 40

Posicao 98 (Corredor 5, Prateleira 8)
   SKU 30 -> 44

