Rota do Picker 1: [0, 31, 23, 1, 21, 52, 32, 12, 22, 2, 42, 11, 51, 13, 0]
Rota do Picker 2: [0, 1, 21, 32, 52, 11, 31, 12, 3, 23, 2, 22, 42, 0]
Rota do Picker 3: [0, 51, 31, 1, 41, 21, 2, 22, 11, 12, 52, 32, 13, 0]
Rota do Picker 4: [0, 1, 11, 13, 32, 12, 21, 41, 23, 3, 42, 22, 2, 51, 31, 0]
Rota do Picker 5: [0, 12, 32, 31, 11, 2, 22, 23, 3, 1, 21, 0]
Rota do Picker 6: [0, 11, 31, 51, 32, 12, 22, 3, 23, 2, 41, 21, 1, 0]
Rota do Picker 7: [0, 2, 1, 21, 41, 3, 13, 12, 32, 52, 33, 51, 31, 11, 0]
Rota do Picker 8: [0, 23, 3, 1, 41, 21, 12, 51, 31, 11, 22, 2, 42, 33, 13, 0]
Rota do Picker 9: [0, 21, 1, 23, 3, 22, 42, 2, 32, 12, 33, 31, 11, 0]
Rota do Picker 10: [0, 1, 21, 41, 22, 2, 42, 12, 32, 52, 23, 3, 13, 51, 31, 11, 0]
Rota do Picker 11: [0, 22, 41, 21, 1, 12, 32, 11, 0]

Caso de teste: SLAPRP_Guo_small_O200_alpha0.4_v8.txt

Distancia Total: 456.0
Quantidade de Pickers: 11
