Rota do Picker 1: [0, 18, 37, 17, 11, 83, 3, 61, 1, 43, 23, 26, 19, 40, 20, 12, 94, 71, 34, 41, 21, 27, 30, 10, 22, 0]
Rota do Picker 2: [0, 66, 26, 22, 71, 11, 1, 42, 62, 45, 47, 27, 10, 3, 21, 20, 19, 18, 17, 13, 14, 36, 0]
Rota do Picker 3: [0, 11, 18, 94, 10, 1, 3, 22, 26, 66, 27, 47, 45, 41, 61, 21, 13, 20, 40, 17, 97, 72, 0]
Rota do Picker 4: [0, 66, 26, 22, 41, 1, 21, 3, 83, 27, 67, 24, 97, 94, 11, 13, 14, 2, 61, 52, 43, 23, 62, 12, 36, 20, 60, 40, 0]
Rota do Picker 5: [0, 45, 26, 67, 27, 22, 2, 13, 17, 94, 34, 12, 14, 37, 20, 19, 60, 11, 61, 41, 30, 10, 66, 23, 3, 21, 1, 0]
Rota do Picker 6: [0, 21, 22, 45, 84, 97, 17, 12, 83, 3, 1, 61, 27, 67, 47, 26, 24, 23, 41, 11, 18, 19, 37, 36, 34, 13, 52, 4, 0]
Rota do Picker 7: [0, 11, 33, 36, 76, 37, 17, 12, 13, 20, 40, 34, 4, 30, 10, 61, 21, 66, 46, 26, 23, 43, 83, 22, 42, 27, 67, 3, 1, 24, 0]
Rota do Picker 8: [0, 23, 21, 1, 3, 83, 26, 66, 24, 84, 4, 27, 67, 10, 30, 22, 2, 52, 0]
Rota do Picker 9: [0, 41, 1, 21, 3, 22, 62, 27, 47, 12, 18, 45, 26, 71, 52, 13, 42, 24, 66, 14, 34, 0]
Rota do Picker 10: [0, 1, 22, 3, 83, 11, 52, 18, 19, 97, 20, 40, 36, 12, 72, 17, 34, 10, 30, 45, 27, 66, 26, 21, 0]
Rota do Picker 11: [0, 1, 10, 3, 43, 83, 26, 66, 20, 40, 19, 11, 72, 33, 22, 24, 13, 94, 71, 67, 30, 27, 41, 21, 0]
Rota do Picker 12: [0, 61, 22, 62, 23, 43, 1, 34, 11, 2, 4, 84, 3, 12, 0]

Caso de teste: SLAPRP_Guo_small_O200_alpha0.4_v3.txt

Distancia Total: 1748.0
Quantidade de Pickers: 12
