Rota do Picker 1: [0, 1, 21, 41, 61, 42, 62, 82, 44, 4, 13, 14, 15, 75, 17, 74, 6, 46, 26, 93, 37, 18, 55, 25, 0]
Rota do Picker 2: [0, 21, 5, 3, 22, 62, 63, 13, 94, 36, 56, 74, 16, 84, 64, 44, 4, 43, 33, 15, 14, 7, 24, 61, 41, 1, 0]
Rota do Picker 3: [0, 1, 21, 41, 5, 44, 62, 13, 33, 14, 64, 4, 25, 43, 26, 15, 35, 81, 61, 0]
Rota do Picker 4: [0, 1, 4, 5, 6, 46, 35, 15, 55, 94, 31, 43, 63, 24, 21, 61, 41, 13, 33, 16, 37, 17, 54, 14, 62, 0]
Rota do Picker 5: [0, 21, 1, 41, 61, 81, 13, 33, 93, 14, 4, 44, 64, 6, 18, 55, 36, 15, 7, 8, 0]
Rota do Picker 6: [0, 1, 21, 41, 61, 81, 14, 94, 15, 55, 36, 43, 63, 6, 26, 17, 74, 16, 62, 24, 4, 13, 54, 45, 25, 5, 0]

Caso de teste: SLAPRP_Guo_small_O100_alpha0.3_v9.txt

Distancia Total: 782.0
Quantidade de Pickers: 6
