Rota do Picker 1: [0, 1, 0]
Rota do Picker 2: [0, 2, 7, 8, 9, 10, 27, 4, 26, 46, 5, 42, 1, 21, 41, 45, 3, 23, 83, 22, 62, 34, 20, 39, 18, 17, 36, 0]
Rota do Picker 3: [0, 1, 21, 7, 8, 27, 26, 46, 10, 9, 45, 42, 22, 43, 5, 4, 2, 0]
Rota do Picker 4: [0, 1, 4, 24, 46, 9, 89, 2, 52, 72, 32, 36, 40, 62, 42, 26, 45, 27, 7, 61, 21, 81, 8, 41, 12, 53, 33, 14, 17, 22, 0]
Rota do Picker 5: [0, 1, 21, 8, 10, 24, 26, 46, 9, 27, 2, 3, 62, 43, 7, 4, 5, 45, 23, 42, 22, 41, 81, 51, 31, 0]
Rota do Picker 6: [0, 12, 53, 33, 15, 17, 46, 27, 7, 2, 1, 21, 61, 41, 18, 40, 20, 39, 97, 5, 23, 52, 72, 37, 0]
Rota do Picker 7: [0, 1, 21, 45, 8, 9, 7, 27, 24, 26, 46, 23, 34, 18, 17, 91, 51, 0]
Rota do Picker 8: [0, 1, 3, 23, 7, 27, 45, 8, 21, 61, 24, 2, 41, 81, 9, 10, 46, 5, 34, 94, 36, 0]
Rota do Picker 9: [0, 61, 62, 1, 21, 27, 46, 4, 2, 5, 7, 43, 83, 33, 53, 37, 40, 20, 31, 12, 51, 71, 15, 39, 18, 17, 36, 52, 32, 0]
Rota do Picker 10: [0, 62, 22, 42, 4, 27, 7, 8, 81, 51, 71, 15, 17, 37, 18, 39, 32, 12, 91, 33, 45, 9, 46, 21, 1, 0]
Rota do Picker 11: [0, 1, 21, 41, 7, 8, 42, 23, 43, 97, 40, 20, 3, 62, 22, 2, 61, 26, 46, 9, 27, 45, 91, 0]
Rota do Picker 12: [0, 1, 22, 42, 21, 17, 20, 39, 32, 72, 52, 33, 53, 40, 18, 37, 97, 43, 8, 5, 4, 34, 14, 15, 83, 3, 10, 9, 7, 26, 46, 0]
Rota do Picker 13: [0, 1, 62, 21, 8, 4, 23, 83, 24, 2, 27, 43, 46, 3, 10, 9, 45, 26, 5, 14, 33, 20, 40, 39, 34, 22, 28, 91, 97, 13, 15, 17, 37, 18, 51, 7, 0]

Caso de teste: SLAPRP_Guo_small_O200_alpha0.2_v9.txt

Distancia Total: 1752.0
Quantidade de Pickers: 13
