Rota do Picker 1: [0, 45, 61, 22, 4, 8, 67, 43, 47, 30, 83, 3, 1, 27, 46, 26, 23, 62, 42, 2, 21, 10, 20, 0]
Rota do Picker 2: [0, 61, 23, 42, 26, 46, 27, 45, 2, 4, 9, 14, 10, 30, 1, 41, 47, 21, 3, 83, 8, 0]
Rota do Picker 3: [0, 23, 21, 61, 3, 46, 20, 42, 32, 41, 83, 37, 30, 26, 75, 11, 1, 13, 40, 0]
Rota do Picker 4: [0, 3, 26, 46, 8, 10, 84, 67, 30, 9, 47, 27, 83, 23, 21, 0]
Rota do Picker 5: [0, 1, 21, 3, 83, 11, 32, 37, 30, 62, 40, 10, 76, 2, 14, 36, 41, 51, 52, 71, 39, 61, 55, 19, 20, 75, 13, 42, 23, 0]
Rota do Picker 6: [0, 36, 27, 26, 83, 3, 46, 23, 42, 22, 2, 61, 21, 8, 20, 4, 30, 14, 10, 13, 62, 45, 40, 43, 0]
Rota do Picker 7: [0, 27, 23, 1, 46, 42, 3, 47, 83, 2, 62, 10, 84, 9, 30, 8, 26, 21, 41, 43, 89, 0]
Rota do Picker 8: [0, 33, 22, 4, 41, 84, 46, 10, 27, 26, 83, 61, 20, 47, 30, 9, 8, 23, 3, 45, 42, 2, 21, 1, 36, 0]
Rota do Picker 9: [0, 20, 46, 23, 21, 33, 13, 27, 26, 83, 43, 3, 1, 42, 47, 10, 8, 22, 2, 41, 30, 14, 62, 0]
Rota do Picker 10: [0, 71, 4, 26, 46, 47, 14, 36, 40, 32, 42, 43, 3, 61, 11, 75, 30, 20, 33, 1, 8, 27, 83, 23, 22, 2, 21, 41, 0]
Rota do Picker 11: [0, 21, 42, 62, 13, 32, 37, 39, 75, 55, 84, 2, 11, 51, 36, 33, 3, 19, 52, 40, 77, 14, 47, 20, 41, 72, 76, 0]
Rota do Picker 12: [0, 3, 43, 42, 32, 14, 37, 84, 19, 75, 41, 30, 40, 61, 72, 46, 11, 33, 55, 83, 1, 26, 47, 94, 62, 23, 13, 10, 20, 51, 45, 22, 2, 21, 0]

Caso de teste: SLAPRP_Guo_small_O200_alpha0.3_v8.txt

Distancia Total: 2502.0
Quantidade de Pickers: 12
