Rota do Picker 1: [0, 26, 83, 45, 3, 41, 4, 44, 84, 43, 7, 8, 27, 22, 62, 5, 25, 23, 63, 1, 21, 6, 46, 24, 14, 0]
Rota do Picker 2: [0, 1, 3, 43, 63, 16, 81, 35, 5, 23, 4, 27, 6, 72, 52, 21, 41, 25, 65, 82, 15, 71, 45, 91, 12, 24, 44, 42, 61, 83, 22, 7, 0]
Rota do Picker 3: [0, 4, 83, 46, 62, 8, 61, 82, 91, 22, 43, 84, 21, 41, 23, 5, 63, 45, 44, 24, 3, 1, 64, 42, 0]
Rota do Picker 4: [0, 7, 93, 74, 15, 43, 3, 36, 81, 61, 41, 1, 65, 34, 14, 12, 45, 64, 24, 56, 53, 33, 23, 17, 22, 62, 92, 42, 5, 35, 75, 0]
Rota do Picker 5: [0, 35, 7, 24, 4, 62, 22, 23, 3, 1, 6, 26, 92, 63, 21, 61, 81, 45, 83, 65, 91, 41, 42, 5, 43, 0]
Rota do Picker 6: [0, 1, 21, 41, 3, 4, 24, 14, 94, 23, 22, 62, 16, 15, 65, 17, 33, 75, 81, 91, 43, 72, 92, 12, 93, 74, 25, 5, 0]
Rota do Picker 7: [0, 5, 1, 41, 4, 6, 24, 21, 23, 43, 65, 63, 64, 84, 82, 61, 26, 25, 42, 22, 62, 27, 44, 8, 3, 0]
Rota do Picker 8: [0, 5, 41, 43, 3, 1, 63, 24, 44, 45, 8, 25, 65, 62, 42, 22, 7, 6, 15, 83, 23, 46, 26, 4, 21, 14, 74, 0]
Rota do Picker 9: [0, 1, 21, 3, 23, 83, 36, 45, 16, 63, 14, 13, 22, 61, 81, 35, 92, 15, 43, 4, 41, 55, 24, 5, 17, 0]
Rota do Picker 10: [0, 33, 1, 3, 15, 11, 13, 14, 34, 63, 12, 53, 64, 46, 54, 73, 75, 55, 92, 72, 16, 93, 36, 56, 94, 74, 35, 4, 21, 41, 0]
Rota do Picker 11: [0, 1, 22, 42, 82, 75, 41, 3, 4, 24, 14, 36, 64, 17, 62, 25, 53, 73, 43, 55, 5, 93, 15, 63, 23, 21, 56, 0]
Rota do Picker 12: [0, 36, 61, 64, 93, 83, 41, 22, 62, 82, 6, 25, 44, 14, 94, 1, 4, 17, 21, 45, 24, 5, 2, 15, 43, 23, 3, 7, 35, 55, 0]
Rota do Picker 13: [0, 1, 5, 25, 24, 15, 55, 36, 81, 91, 82, 62, 61, 41, 3, 23, 43, 75, 22, 42, 0]

Caso de teste: SLAPRP_Guo_small_O200_alpha0.3_v9.txt

Distancia Total: 2548.0
Quantidade de Pickers: 13
