Rota do Picker 1: [0, 1, 21, 61, 4, 44, 35, 55, 91, 16, 7, 5, 2, 42, 24, 15, 33, 3, 84, 63, 43, 23, 14, 34, 85, 92, 73, 0]
Rota do Picker 2: [0, 1, 21, 3, 63, 83, 14, 34, 33, 0]
Rota do Picker 3: [0, 28, 5, 25, 14, 9, 64, 84, 61, 43, 63, 65, 85, 7, 3, 23, 46, 66, 8, 44, 15, 6, 24, 4, 21, 1, 0]
Rota do Picker 4: [0, 36, 26, 21, 34, 24, 4, 61, 1, 64, 23, 43, 22, 82, 14, 55, 7, 35, 54, 15, 84, 44, 3, 5, 45, 16, 0]
Rota do Picker 5: [0, 1, 21, 61, 4, 24, 23, 63, 36, 83, 17, 6, 26, 66, 14, 74, 3, 5, 43, 8, 28, 16, 45, 7, 54, 85, 64, 44, 0]
Rota do Picker 6: [0, 26, 45, 34, 8, 4, 24, 44, 64, 42, 82, 33, 3, 5, 25, 14, 83, 63, 43, 23, 35, 28, 9, 81, 61, 21, 1, 6, 16, 0]
Rota do Picker 7: [0, 55, 17, 93, 34, 53, 32, 8, 46, 14, 72, 52, 12, 81, 61, 91, 51, 33, 13, 11, 35, 15, 5, 23, 21, 1, 3, 0]
Rota do Picker 8: [0, 23, 43, 7, 27, 64, 35, 82, 21, 42, 4, 47, 5, 45, 25, 26, 46, 3, 44, 85, 1, 24, 66, 65, 8, 6, 63, 61, 0]

Caso de teste: SLAPRP_Guo_small_O100_alpha0.2_v10.txt

Distancia Total: 1362.0
Quantidade de Pickers: 8
