Rota do Picker 1: [0, 25, 1, 21, 61, 3, 23, 43, 63, 24, 41, 6, 82, 27, 65, 44, 4, 26, 81, 84, 7, 83, 64, 22, 0]
Rota do Picker 2: [0, 61, 62, 24, 23, 3, 41, 21, 1, 83, 25, 22, 43, 5, 44, 82, 63, 81, 26, 6, 0]
Rota do Picker 3: [0, 8, 22, 41, 21, 6, 24, 43, 1, 61, 25, 45, 27, 26, 63, 65, 83, 4, 44, 82, 62, 46, 7, 23, 3, 0]
Rota do Picker 4: [0, 41, 61, 81, 4, 83, 24, 43, 3, 21, 1, 84, 44, 25, 45, 82, 46, 63, 6, 23, 62, 64, 0]
Rota do Picker 5: [0, 21, 61, 81, 3, 23, 74, 83, 24, 1, 6, 82, 41, 44, 65, 56, 0]
Rota do Picker 6: [0, 21, 61, 4, 44, 65, 74, 1, 62, 82, 46, 26, 25, 41, 3, 23, 24, 6, 45, 43, 7, 81, 27, 22, 64, 63, 0]
Rota do Picker 7: [0, 1, 41, 61, 81, 32, 34, 74, 93, 13, 21, 62, 56, 0]
Rota do Picker 8: [0, 8, 25, 24, 22, 6, 23, 3, 62, 27, 64, 41, 21, 61, 81, 7, 26, 45, 83, 1, 4, 44, 43, 63, 84, 82, 0]
Rota do Picker 9: [0, 26, 4, 24, 8, 62, 41, 43, 46, 81, 83, 27, 44, 6, 45, 64, 82, 7, 25, 23, 3, 61, 21, 1, 0]
Rota do Picker 10: [0, 63, 27, 6, 83, 3, 23, 65, 25, 64, 41, 82, 26, 7, 43, 84, 45, 21, 61, 4, 24, 44, 46, 1, 81, 8, 74, 0]
Rota do Picker 11: [0, 81, 61, 41, 74, 83, 44, 24, 4, 21, 1, 3, 23, 62, 82, 45, 64, 43, 63, 26, 56, 22, 25, 0]
Rota do Picker 12: [0, 61, 4, 24, 65, 62, 43, 26, 22, 1, 63, 6, 44, 82, 8, 27, 25, 83, 21, 7, 46, 45, 41, 81, 3, 23, 0]
Rota do Picker 13: [0, 26, 62, 64, 45, 22, 8, 63, 83, 6, 1, 41, 61, 3, 23, 24, 25, 21, 4, 43, 82, 46, 44, 7, 74, 0]
Rota do Picker 14: [0, 22, 81, 56, 65, 24, 4, 44, 64, 25, 26, 74, 23, 63, 7, 82, 43, 41, 62, 3, 61, 21, 1, 0]

Caso de teste: SLAPRP_Guo_small_O200_alpha0.2_v3.txt

Distancia Total: 2152.0
Quantidade de Pickers: 14
