Rota do Picker 1: [0, 1, 41, 42, 43, 5, 45, 17, 73, 6, 18, 21, 4, 24, 44, 33, 81, 14, 62, 23, 61, 75, 82, 36, 0]
Rota do Picker 2: [0, 25, 26, 42, 62, 44, 54, 45, 1, 82, 46, 7, 5, 43, 23, 21, 6, 32, 27, 8, 64, 24, 4, 61, 41, 22, 0]
Rota do Picker 3: [0, 1, 41, 42, 4, 64, 82, 61, 81, 8, 23, 21, 22, 62, 24, 63, 83, 6, 44, 5, 43, 46, 65, 27, 0]
Rota do Picker 4: [0, 41, 42, 62, 61, 24, 44, 43, 81, 33, 25, 5, 23, 3, 21, 1, 4, 22, 83, 65, 45, 63, 82, 0]
Rota do Picker 5: [0, 1, 21, 41, 61, 15, 62, 42, 23, 5, 17, 18, 13, 52, 92, 12, 32, 35, 53, 16, 81, 54, 74, 36, 72, 46, 0]
Rota do Picker 6: [0, 1, 41, 31, 51, 21, 4, 24, 22, 62, 82, 16, 36, 0]
Rota do Picker 7: [0, 3, 82, 25, 22, 2, 64, 61, 21, 4, 24, 5, 45, 44, 42, 62, 6, 7, 63, 83, 43, 23, 41, 1, 36, 0]

Caso de teste: SLAPRP_Guo_small_O100_alpha0.2_v6.txt

Distancia Total: 1036.0
Quantidade de Pickers: 7
