Rota do Picker 1: [0, 1, 0]
Rota do Picker 2: [0, 1, 41, 81, 91, 0]
Rota do Picker 3: [0, 1, 41, 61, 81, 46, 6, 83, 63, 8, 45, 44, 24, 4, 21, 15, 74, 54, 0]
Rota do Picker 4: [0, 21, 41, 61, 81, 6, 26, 7, 8, 25, 45, 63, 23, 47, 27, 84, 64, 24, 4, 1, 15, 0]
Rota do Picker 5: [0, 1, 61, 81, 54, 17, 92, 65, 85, 45, 84, 4, 24, 64, 8, 43, 26, 6, 74, 73, 35, 15, 41, 21, 0]
Rota do Picker 6: [0, 41, 61, 81, 6, 4, 24, 44, 7, 47, 54, 15, 53, 93, 35, 65, 46, 26, 21, 1, 0]
Rota do Picker 7: [0, 63, 24, 4, 61, 41, 1, 21, 44, 27, 45, 65, 25, 64, 47, 7, 6, 8, 26, 81, 0]
Rota do Picker 8: [0, 1, 21, 61, 4, 8, 28, 46, 44, 24, 15, 54, 74, 17, 81, 41, 0]
Rota do Picker 9: [0, 1, 21, 41, 61, 81, 4, 84, 64, 44, 24, 15, 25, 27, 6, 17, 36, 35, 74, 54, 31, 0]
Rota do Picker 10: [0, 1, 21, 41, 61, 81, 4, 44, 84, 24, 7, 8, 6, 54, 74, 35, 36, 0]
Rota do Picker 11: [0, 35, 53, 44, 24, 4, 8, 28, 6, 52, 17, 36, 15, 43, 83, 7, 27, 65, 45, 84, 81, 61, 41, 21, 1, 0]
Rota do Picker 12: [0, 1, 41, 61, 21, 4, 26, 45, 54, 35, 24, 0]
Rota do Picker 13: [0, 41, 21, 61, 81, 1, 83, 63, 62, 6, 8, 4, 25, 65, 24, 92, 0]
Rota do Picker 14: [0, 41, 1, 7, 5, 65, 85, 47, 8, 44, 84, 64, 24, 4, 81, 61, 21, 34, 54, 74, 0]

Caso de teste: SLAPRP_Guo_small_O200_alpha0.4_v3.txt

Distancia Total: 1164.0
Quantidade de Pickers: 14
