Rota do Picker 1: [0, 1, 0]
Rota do Picker 2: [0, 1, 41, 81, 3, 6, 46, 16, 94, 55, 18, 17, 26, 8, 27, 5, 24, 4, 7, 43, 23, 61, 21, 0]
Rota do Picker 3: [0, 1, 3, 23, 43, 83, 26, 24, 84, 16, 36, 55, 7, 27, 64, 44, 4, 6, 45, 25, 5, 61, 41, 21, 0]
Rota do Picker 4: [0, 1, 21, 3, 23, 43, 5, 24, 44, 6, 27, 8, 82, 65, 25, 45, 7, 61, 81, 41, 0]
Rota do Picker 5: [0, 1, 6, 46, 17, 37, 18, 54, 16, 83, 63, 81, 61, 26, 64, 24, 65, 5, 43, 23, 3, 27, 4, 41, 21, 0]
Rota do Picker 6: [0, 3, 83, 23, 43, 54, 55, 84, 5, 41, 21, 25, 8, 6, 63, 64, 82, 24, 4, 81, 61, 1, 0]
Rota do Picker 7: [0, 21, 1, 61, 82, 3, 43, 5, 25, 17, 36, 16, 54, 23, 6, 64, 44, 4, 81, 41, 0]

Caso de teste: SLAPRP_Guo_small_O100_alpha0.3_v7.txt

Distancia Total: 696.0
Quantidade de Pickers: 7
