Rota do Picker 1: [0, 31, 51, 13, 55, 36, 46, 26, 8, 28, 10, 30, 45, 57, 37, 17, 77, 94, 98, 78, 18, 74, 14, 4, 7, 27, 67, 9, 33, 11, 22, 0]
Rota do Picker 2: [0, 33, 10, 8, 65, 45, 2, 22, 49, 89, 7, 27, 26, 46, 20, 40, 13, 31, 51, 71, 12, 32, 17, 77, 14, 21, 1, 9, 0]
Rota do Picker 3: [0, 3, 8, 9, 89, 31, 11, 12, 32, 52, 74, 94, 13, 14, 17, 37, 55, 46, 45, 51, 98, 18, 20, 40, 33, 71, 2, 0]
Rota do Picker 4: [0, 1, 8, 28, 9, 46, 10, 31, 51, 55, 14, 40, 20, 26, 47, 27, 67, 45, 2, 0]
Rota do Picker 5: [0, 12, 32, 46, 7, 23, 45, 8, 9, 14, 57, 20, 74, 55, 36, 1, 26, 27, 71, 31, 0]
Rota do Picker 6: [0, 31, 51, 57, 77, 40, 20, 21, 1, 45, 22, 71, 52, 32, 41, 61, 17, 96, 36, 14, 11, 23, 3, 2, 7, 26, 46, 8, 9, 10, 27, 0]
Rota do Picker 7: [0, 47, 8, 10, 3, 1, 11, 12, 32, 42, 22, 26, 46, 23, 14, 33, 4, 45, 9, 55, 57, 17, 30, 7, 27, 94, 74, 31, 0]
Rota do Picker 8: [0, 31, 51, 20, 98, 94, 74, 93, 11, 71, 13, 12, 32, 22, 42, 40, 77, 37, 36, 17, 55, 14, 1, 41, 7, 27, 45, 65, 0]
Rota do Picker 9: [0, 14, 36, 94, 9, 7, 4, 8, 28, 3, 26, 46, 23, 31, 71, 67, 27, 45, 2, 1, 0]
Rota do Picker 10: [0, 31, 13, 33, 14, 37, 94, 36, 57, 40, 20, 45, 3, 26, 46, 8, 28, 10, 27, 7, 9, 89, 49, 61, 0]
Rota do Picker 11: [0, 31, 1, 32, 52, 36, 96, 14, 17, 37, 30, 67, 27, 23, 12, 13, 2, 4, 55, 21, 3, 47, 45, 8, 28, 26, 46, 7, 9, 0]
Rota do Picker 12: [0, 21, 32, 52, 57, 71, 31, 55, 14, 22, 23, 9, 8, 1, 84, 27, 7, 47, 67, 28, 41, 46, 26, 17, 37, 93, 0]

Caso de teste: SLAPRP_Guo_small_O200_alpha0.2_v2.txt

Distancia Total: 1910.0
Quantidade de Pickers: 12
