Rota do Picker 1: [0, 1, 21, 41, 61, 81, 71, 91, 14, 16, 34, 72, 35, 51, 15, 73, 33, 92, 32, 53, 0]
Rota do Picker 2: [0, 45, 25, 46, 6, 4, 27, 5, 62, 64, 1, 21, 22, 24, 44, 42, 41, 61, 7, 81, 82, 43, 23, 3, 63, 0]
Rota do Picker 3: [0, 65, 22, 64, 46, 26, 6, 7, 82, 8, 41, 43, 63, 27, 1, 83, 25, 5, 21, 42, 45, 44, 24, 4, 23, 3, 0]
Rota do Picker 4: [0, 44, 7, 64, 62, 24, 26, 82, 6, 22, 81, 41, 8, 4, 45, 5, 43, 1, 65, 42, 83, 63, 23, 3, 21, 61, 0]
Rota do Picker 5: [0, 21, 61, 41, 23, 24, 25, 37, 46, 27, 53, 33, 3, 45, 81, 26, 83, 43, 44, 4, 13, 22, 82, 71, 51, 62, 42, 1, 5, 55, 93, 0]
Rota do Picker 6: [0, 1, 21, 41, 3, 23, 43, 5, 42, 25, 81, 61, 22, 4, 82, 26, 45, 83, 27, 44, 6, 64, 24, 62, 65, 0]

Caso de teste: SLAPRP_Guo_small_O100_alpha0.3_v3.txt

Distancia Total: 948.0
Quantidade de Pickers: 6
