Rota do Picker 1: [0, 3, 26, 46, 8, 28, 11, 75, 30, 9, 17, 79, 87, 67, 27, 18, 1, 21, 7, 10, 45, 50, 0]
Rota do Picker 2: [0, 26, 46, 9, 89, 40, 60, 19, 0]
Rota do Picker 3: [0, 36, 12, 37, 20, 60, 76, 96, 57, 75, 17, 77, 97, 18, 46, 64, 84, 0]
Rota do Picker 4: [0, 22, 2, 1, 8, 9, 50, 45, 17, 40, 26, 46, 27, 87, 20, 31, 47, 21, 57, 60, 18, 30, 10, 7, 84, 64, 67, 19, 39, 0]
Rota do Picker 5: [0, 26, 46, 8, 30, 9, 45, 18, 17, 21, 10, 27, 67, 65, 87, 3, 28, 7, 47, 50, 0]

Caso de teste: SLAPRP_Guo_small_O50_alpha0.2_v2.txt

Distancia Total: 778.0
Quantidade de Pickers: 5
