Rota do Picker 1: [0, 1, 41, 23, 43, 14, 36, 17, 37, 55, 94, 74, 18, 61, 21, 3, 63, 33, 93, 73, 0]
Rota do Picker 2: [0, 74, 14, 21, 1, 41, 26, 37, 17, 4, 6, 22, 73, 95, 75, 84, 24, 45, 92, 35, 83, 63, 43, 23, 3, 0]
Rota do Picker 3: [0, 1, 41, 43, 63, 83, 5, 65, 14, 33, 53, 7, 44, 45, 25, 32, 12, 81, 61, 21, 3, 23, 6, 64, 22, 42, 62, 55, 37, 91, 71, 0]
Rota do Picker 4: [0, 31, 24, 4, 1, 22, 42, 62, 82, 63, 43, 23, 3, 18, 37, 93, 53, 34, 14, 17, 15, 73, 71, 91, 95, 55, 35, 41, 21, 0]
Rota do Picker 5: [0, 21, 1, 3, 23, 83, 43, 5, 44, 4, 41, 61, 81, 54, 73, 53, 33, 18, 75, 55, 74, 14, 64, 24, 0]
Rota do Picker 6: [0, 1, 3, 23, 2, 83, 11, 71, 51, 43, 4, 84, 82, 62, 44, 24, 22, 42, 26, 7, 6, 65, 5, 81, 61, 41, 21, 14, 34, 15, 0]

Caso de teste: SLAPRP_Guo_small_O100_alpha0.2_v7.txt

Distancia Total: 824.0
Quantidade de Pickers: 6
