Rota do Picker 1: [0, 1, 22, 42, 0]
Rota do Picker 2: [0, 23, 63, 83, 14, 54, 7, 45, 25, 26, 4, 43, 3, 24, 16, 36, 37, 6, 84, 64, 41, 61, 15, 35, 55, 17, 62, 42, 22, 1, 21, 0]
Rota do Picker 3: [0, 1, 41, 61, 13, 33, 64, 4, 24, 44, 63, 23, 3, 62, 82, 42, 15, 16, 55, 35, 74, 54, 56, 91, 71, 22, 21, 0]
Rota do Picker 4: [0, 1, 22, 42, 62, 82, 33, 73, 18, 32, 52, 7, 26, 46, 5, 16, 56, 13, 93, 91, 71, 24, 4, 63, 43, 23, 3, 61, 21, 51, 0]
Rota do Picker 5: [0, 93, 53, 33, 23, 3, 22, 42, 18, 17, 35, 15, 91, 71, 44, 4, 45, 25, 65, 72, 52, 75, 55, 14, 6, 63, 43, 1, 21, 41, 61, 0]
Rota do Picker 6: [0, 1, 22, 62, 7, 6, 46, 23, 43, 83, 3, 24, 64, 84, 36, 16, 35, 34, 14, 4, 42, 41, 21, 2, 0]
Rota do Picker 7: [0, 42, 44, 24, 16, 36, 56, 14, 15, 55, 75, 35, 83, 43, 82, 62, 22, 23, 3, 21, 1, 13, 33, 73, 53, 93, 32, 0]
Rota do Picker 8: [0, 1, 21, 4, 62, 3, 43, 63, 83, 26, 6, 45, 65, 7, 42, 22, 25, 5, 41, 61, 91, 71, 35, 15, 34, 14, 0]
Rota do Picker 9: [0, 81, 1, 63, 43, 23, 3, 18, 15, 72, 32, 25, 45, 5, 4, 64, 55, 35, 16, 56, 17, 73, 33, 13, 61, 41, 21, 92, 52, 0]
Rota do Picker 10: [0, 25, 4, 44, 91, 71, 64, 23, 3, 1, 21, 41, 61, 56, 36, 15, 54, 94, 14, 22, 82, 16, 35, 75, 0]
Rota do Picker 11: [0, 1, 21, 41, 61, 4, 62, 82, 25, 65, 43, 35, 55, 56, 36, 34, 91, 71, 42, 22, 84, 46, 6, 23, 3, 17, 37, 12, 52, 32, 94, 14, 0]
Rota do Picker 12: [0, 21, 1, 41, 61, 62, 82, 3, 63, 83, 37, 55, 75, 16, 14, 5, 43, 23, 52, 18, 35, 15, 44, 24, 4, 0]
Rota do Picker 13: [0, 1, 21, 44, 4, 3, 23, 24, 43, 63, 14, 54, 52, 32, 15, 35, 0]

Caso de teste: SLAPRP_Guo_small_O200_alpha0.4_v7.txt

Distancia Total: 1530.0
Quantidade de Pickers: 13
