Rota do Picker 1: [0, 1, 41, 61, 81, 21, 31, 11, 2, 22, 42, 23, 3, 4, 0]
Rota do Picker 2: [0, 1, 21, 41, 81, 61, 2, 3, 4, 22, 42, 62, 11, 31, 0]
Rota do Picker 3: [0, 1, 21, 41, 2, 22, 42, 81, 61, 11, 31, 4, 23, 3, 0]
Rota do Picker 4: [0, 1, 21, 41, 61, 81, 3, 23, 2, 22, 31, 11, 42, 4, 0]
Rota do Picker 5: [0, 1, 21, 41, 61, 81, 3, 23, 22, 42, 4, 2, 11, 31, 0]
Rota do Picker 6: [0, 1, 21, 41, 61, 2, 22, 42, 3, 23, 4, 11, 31, 0]
Rota do Picker 7: [0, 1, 23, 3, 2, 61, 81, 42, 62, 22, 4, 41, 21, 11, 31, 0]
Rota do Picker 8: [0, 3, 4, 1, 21, 41, 61, 81, 2, 62, 42, 22, 11, 0]
Rota do Picker 9: [0, 2, 22, 42, 1, 81, 23, 3, 21, 41, 61, 31, 11, 0]
Rota do Picker 10: [0, 22, 42, 62, 23, 3, 61, 41, 21, 1, 2, 81, 11, 0]
Rota do Picker 11: [0, 21, 81, 61, 41, 11, 31, 62, 42, 23, 3, 4, 22, 2, 1, 0]
Rota do Picker 12: [0, 1, 21, 41, 61, 2, 22, 42, 31, 11, 0]
Rota do Picker 13: [0, 1, 3, 41, 61, 21, 2, 22, 11, 0]

Caso de teste: SLAPRP_Guo_small_O200_alpha0.2_v3.txt

Distancia Total: 514.0
Quantidade de Pickers: 13
