Rota do Picker 1: [0, 1, 21, 41, 22, 42, 62, 26, 6, 64, 84, 44, 4, 24, 33, 16, 36, 76, 94, 53, 73, 12, 37, 18, 35, 56, 15, 45, 25, 82, 0]
Rota do Picker 2: [0, 41, 81, 61, 43, 63, 83, 3, 55, 17, 56, 7, 1, 21, 13, 15, 37, 94, 73, 53, 33, 62, 42, 22, 44, 0]
Rota do Picker 3: [0, 1, 4, 44, 6, 26, 5, 25, 15, 16, 36, 62, 22, 33, 53, 35, 18, 42, 82, 7, 32, 43, 23, 3, 41, 21, 0]
Rota do Picker 4: [0, 62, 42, 22, 21, 41, 81, 1, 12, 15, 35, 16, 31, 11, 43, 3, 82, 25, 2, 34, 74, 53, 33, 44, 24, 4, 23, 0]
Rota do Picker 5: [0, 21, 4, 44, 37, 55, 35, 74, 34, 23, 43, 63, 17, 15, 13, 64, 41, 61, 5, 26, 62, 42, 22, 3, 1, 0]
Rota do Picker 6: [0, 12, 52, 0]
Rota do Picker 7: [0, 21, 41, 3, 14, 56, 15, 73, 53, 64, 44, 62, 1, 0]
Rota do Picker 8: [0, 1, 4, 6, 35, 55, 52, 12, 24, 7, 53, 73, 93, 92, 23, 37, 94, 74, 15, 42, 22, 3, 41, 21, 0]

Caso de teste: SLAPRP_Guo_small_O100_alpha0.2_v5.txt

Distancia Total: 904.0
Quantidade de Pickers: 8
