Rota do Picker 1: [0, 41, 61, 81, 84, 7, 18, 6, 26, 24, 64, 25, 5, 13, 82, 63, 4, 21, 1, 16, 0]
Rota do Picker 2: [0, 21, 82, 4, 81, 61, 41, 1, 6, 13, 7, 44, 24, 64, 25, 26, 65, 5, 0]
Rota do Picker 3: [0, 1, 41, 61, 13, 94, 54, 16, 81, 37, 73, 74, 76, 52, 51, 18, 17, 93, 36, 56, 57, 21, 55, 75, 0]
Rota do Picker 4: [0, 22, 42, 23, 43, 83, 7, 37, 82, 81, 21, 36, 6, 4, 13, 54, 63, 5, 61, 41, 1, 26, 56, 45, 73, 24, 93, 0]
Rota do Picker 5: [0, 21, 41, 81, 4, 84, 13, 17, 94, 37, 24, 1, 7, 76, 64, 73, 18, 6, 61, 5, 45, 93, 0]
Rota do Picker 6: [0, 36, 24, 21, 81, 61, 41, 17, 6, 44, 4, 1, 25, 64, 37, 45, 84, 82, 16, 5, 63, 13, 0]
Rota do Picker 7: [0, 94, 54, 4, 37, 7, 36, 18, 81, 55, 13, 73, 93, 17, 61, 41, 21, 1, 5, 0]
Rota do Picker 8: [0, 25, 5, 82, 37, 94, 62, 56, 13, 6, 41, 21, 1, 54, 4, 81, 61, 24, 76, 0]
Rota do Picker 9: [0, 64, 24, 5, 25, 82, 7, 4, 61, 41, 21, 1, 63, 6, 81, 65, 45, 44, 83, 0]
Rota do Picker 10: [0, 1, 61, 81, 13, 73, 35, 7, 54, 4, 64, 93, 37, 94, 25, 41, 55, 31, 21, 63, 46, 17, 36, 0]
Rota do Picker 11: [0, 16, 61, 13, 24, 64, 17, 37, 18, 4, 81, 41, 21, 1, 0]
Rota do Picker 12: [0, 73, 93, 5, 17, 16, 81, 21, 41, 61, 4, 56, 1, 13, 0]
Rota do Picker 13: [0, 13, 84, 5, 7, 63, 24, 43, 45, 82, 46, 6, 54, 25, 12, 64, 44, 4, 81, 61, 41, 21, 1, 0]

Caso de teste: SLAPRP_Guo_small_O200_alpha0.2_v1.txt

Distancia Total: 2042.0
Quantidade de Pickers: 13
