Rota do Picker 1: [0, 1, 21, 22, 62, 82, 5, 46, 24, 42, 63, 4, 6, 26, 61, 7, 41, 25, 23, 43, 64, 0]
Rota do Picker 2: [0, 1, 21, 41, 61, 23, 15, 43, 35, 36, 5, 72, 63, 83, 62, 22, 42, 82, 64, 0]
Rota do Picker 3: [0, 21, 41, 61, 34, 72, 8, 63, 5, 43, 23, 1, 83, 64, 24, 3, 82, 26, 62, 42, 22, 4, 27, 54, 25, 0]
Rota do Picker 4: [0, 83, 64, 22, 65, 46, 8, 45, 82, 62, 7, 6, 63, 43, 4, 24, 26, 21, 27, 25, 5, 23, 41, 1, 42, 0]
Rota do Picker 5: [0, 8, 24, 83, 41, 5, 25, 46, 7, 4, 45, 65, 21, 64, 26, 62, 42, 22, 6, 63, 43, 23, 1, 72, 0]
Rota do Picker 6: [0, 21, 41, 23, 43, 5, 6, 46, 64, 25, 65, 83, 7, 45, 27, 26, 1, 3, 63, 22, 42, 4, 24, 8, 0]
Rota do Picker 7: [0, 21, 41, 23, 43, 1, 61, 5, 64, 72, 44, 24, 62, 82, 45, 2, 4, 12, 81, 63, 83, 22, 42, 0]
Rota do Picker 8: [0, 21, 41, 23, 43, 63, 5, 65, 1, 4, 24, 64, 72, 27, 45, 25, 83, 46, 26, 22, 6, 42, 8, 0]
Rota do Picker 9: [0, 75, 36, 24, 45, 5, 41, 61, 73, 3, 81, 53, 43, 23, 21, 1, 0]
Rota do Picker 10: [0, 56, 62, 82, 54, 74, 55, 75, 36, 61, 37, 17, 72, 35, 92, 52, 16, 11, 31, 51, 22, 42, 73, 93, 21, 41, 15, 18, 43, 23, 1, 4, 0]
Rota do Picker 11: [0, 1, 41, 5, 25, 23, 4, 43, 45, 27, 65, 44, 64, 3, 63, 83, 24, 26, 6, 42, 22, 21, 0]

Caso de teste: SLAPRP_Guo_small_O200_alpha0.2_v5.txt

Distancia Total: 1542.0
Quantidade de Pickers: 11
