Rota do Picker 1: [0, 1, 21, 41, 61, 3, 43, 63, 83, 22, 62, 82, 15, 35, 25, 27, 24, 4, 45, 65, 46, 6, 26, 8, 73, 93, 17, 42, 23, 0]
Rota do Picker 2: [0, 16, 6, 24, 4, 61, 21, 41, 3, 43, 63, 83, 94, 35, 55, 15, 22, 42, 62, 25, 26, 46, 23, 17, 36, 73, 1, 0]
Rota do Picker 3: [0, 1, 61, 3, 4, 24, 15, 36, 54, 65, 25, 21, 41, 81, 35, 16, 64, 6, 5, 72, 53, 93, 73, 74, 71, 51, 0]
Rota do Picker 4: [0, 34, 74, 94, 14, 81, 61, 41, 1, 21, 33, 53, 93, 36, 55, 15, 7, 5, 83, 63, 43, 45, 25, 24, 4, 3, 46, 6, 52, 51, 0]
Rota do Picker 5: [0, 3, 4, 73, 93, 13, 74, 54, 34, 65, 6, 7, 16, 56, 17, 82, 62, 42, 22, 63, 23, 1, 21, 41, 61, 81, 71, 0]
Rota do Picker 6: [0, 15, 16, 73, 63, 53, 33, 7, 42, 62, 82, 5, 24, 3, 8, 81, 41, 61, 64, 84, 1, 21, 25, 45, 27, 0]
Rota do Picker 7: [0, 21, 41, 25, 6, 46, 42, 62, 82, 34, 74, 94, 72, 92, 56, 16, 64, 44, 22, 1, 93, 75, 36, 73, 4, 23, 3, 0]
Rota do Picker 8: [0, 1, 4, 44, 64, 23, 83, 7, 26, 46, 8, 94, 34, 54, 84, 24, 63, 43, 3, 21, 41, 61, 5, 65, 32, 52, 92, 36, 0]
Rota do Picker 9: [0, 1, 23, 63, 62, 82, 21, 22, 42, 51, 31, 15, 13, 3, 43, 94, 74, 54, 34, 14, 41, 24, 44, 64, 4, 65, 25, 5, 6, 16, 17, 72, 52, 0]
Rota do Picker 10: [0, 41, 81, 21, 43, 5, 7, 61, 46, 27, 3, 83, 23, 24, 4, 15, 35, 55, 36, 56, 72, 92, 52, 51, 17, 54, 34, 1, 0]
Rota do Picker 11: [0, 34, 14, 36, 55, 15, 62, 42, 82, 5, 25, 45, 44, 84, 4, 24, 21, 13, 54, 73, 43, 3, 41, 81, 61, 1, 0]
Rota do Picker 12: [0, 72, 52, 1, 4, 24, 44, 64, 3, 22, 33, 53, 34, 83, 43, 35, 61, 21, 42, 62, 92, 56, 75, 15, 41, 0]

Caso de teste: SLAPRP_Guo_small_O200_alpha0.3_v7.txt

Distancia Total: 1732.0
Quantidade de Pickers: 12
