Rota do Picker 1: [0, 8, 9, 40, 60, 1, 21, 22, 42, 74, 94, 18, 7, 55, 50, 96, 36, 14, 30, 39, 37, 17, 11, 33, 31, 12, 32, 28, 2, 51, 71, 20, 26, 61, 46, 76, 0]
Rota do Picker 2: [0, 18, 71, 51, 10, 76, 96, 61, 4, 23, 8, 28, 22, 30, 20, 3, 52, 55, 45, 7, 2, 21, 1, 11, 14, 40, 36, 9, 46, 26, 50, 0]
Rota do Picker 3: [0, 26, 46, 7, 45, 55, 40, 60, 3, 20, 2, 21, 28, 13, 31, 23, 0]
Rota do Picker 4: [0, 52, 8, 28, 33, 22, 42, 69, 2, 41, 10, 30, 50, 31, 45, 9, 7, 46, 26, 61, 21, 23, 83, 0]
Rota do Picker 5: [0, 42, 22, 41, 13, 4, 23, 83, 50, 61, 52, 51, 20, 10, 45, 9, 28, 21, 1, 2, 3, 26, 46, 7, 30, 8, 14, 0]
Rota do Picker 6: [0, 2, 46, 7, 9, 45, 1, 30, 26, 68, 10, 50, 69, 28, 8, 21, 3, 0]
Rota do Picker 7: [0, 2, 22, 8, 9, 10, 55, 31, 50, 21, 41, 26, 46, 28, 42, 1, 23, 61, 20, 7, 3, 13, 45, 0]

Caso de teste: SLAPRP_Guo_small_O100_alpha0.3_v6.txt

Distancia Total: 1444.0
Quantidade de Pickers: 7
