Rota do Picker 1: [0, 64, 10, 27, 85, 28, 70, 30, 50, 8, 2, 48, 69, 87, 9, 7, 65, 45, 46, 26, 1, 0]
Rota do Picker 2: [0, 45, 75, 0]
Rota do Picker 3: [0, 65, 75, 27, 45, 20, 77, 36, 87, 7, 46, 26, 19, 11, 0]
Rota do Picker 4: [0, 17, 19, 59, 56, 1, 36, 10, 20, 38, 74, 37, 40, 7, 21, 55, 57, 77, 60, 50, 18, 39, 65, 0]
Rota do Picker 5: [0, 26, 46, 7, 9, 36, 77, 45, 65, 27, 17, 60, 28, 48, 19, 76, 56, 38, 12, 88, 20, 30, 10, 31, 87, 75, 8, 84, 64, 0]

Caso de teste: SLAPRP_Guo_small_O50_alpha0.4_v5.txt

Distancia Total: 888.0
Quantidade de Pickers: 5
