Rota do Picker 1: [0, 1, 0]
Rota do Picker 2: [0, 1, 0]
Rota do Picker 3: [0, 1, 0]
Rota do Picker 4: [0, 1, 21, 61, 81, 5, 63, 83, 36, 16, 35, 7, 8, 26, 84, 44, 24, 4, 66, 27, 65, 73, 93, 33, 13, 0]
Rota do Picker 5: [0, 21, 61, 81, 5, 25, 44, 4, 45, 85, 36, 16, 13, 33, 93, 53, 15, 35, 91, 7, 6, 82, 62, 22, 1, 12, 72, 34, 0]
Rota do Picker 6: [0, 35, 63, 45, 5, 81, 61, 21, 1, 6, 8, 65, 72, 13, 33, 53, 15, 66, 7, 44, 24, 4, 0]
Rota do Picker 7: [0, 72, 93, 53, 33, 13, 21, 61, 81, 85, 65, 46, 5, 63, 84, 44, 24, 4, 1, 0]
Rota do Picker 8: [0, 21, 61, 81, 5, 84, 4, 8, 47, 83, 63, 66, 46, 24, 44, 45, 6, 26, 65, 53, 73, 17, 55, 15, 1, 0]
Rota do Picker 9: [0, 21, 61, 81, 33, 72, 53, 13, 36, 17, 26, 84, 4, 65, 45, 74, 54, 83, 63, 44, 64, 5, 1, 0]
Rota do Picker 10: [0, 8, 1, 21, 61, 81, 4, 24, 44, 63, 43, 46, 26, 5, 55, 35, 17, 16, 3, 32, 0]
Rota do Picker 11: [0, 17, 34, 35, 82, 22, 2, 1, 21, 6, 26, 46, 5, 63, 83, 44, 64, 27, 24, 4, 81, 61, 42, 7, 0]
Rota do Picker 12: [0, 13, 61, 21, 1, 81, 15, 16, 72, 91, 71, 51, 11, 4, 44, 65, 46, 26, 85, 63, 36, 93, 73, 53, 33, 84, 64, 45, 5, 0]
Rota do Picker 13: [0, 21, 61, 81, 1, 33, 14, 64, 66, 26, 7, 4, 24, 44, 6, 8, 72, 35, 15, 73, 53, 0]
Rota do Picker 14: [0, 21, 61, 81, 15, 74, 91, 14, 17, 27, 4, 24, 44, 64, 83, 63, 65, 5, 6, 1, 0]
Rota do Picker 15: [0, 1, 21, 4, 44, 7, 26, 8, 63, 5, 25, 15, 55, 74, 33, 0]

Caso de teste: SLAPRP_Guo_small_O200_alpha0.3_v4.txt

Distancia Total: 1444.0
Quantidade de Pickers: 15
