Rota do Picker 1: [0, 54, 14, 21, 1, 4, 5, 46, 83, 63, 23, 6, 26, 33, 53, 16, 24, 44, 43, 3, 61, 41, 0]
Rota do Picker 2: [0, 1, 21, 41, 81, 61, 46, 5, 45, 24, 64, 47, 7, 11, 25, 63, 43, 22, 42, 62, 82, 6, 23, 3, 83, 14, 15, 35, 73, 93, 53, 34, 0]
Rota do Picker 3: [0, 3, 83, 43, 7, 27, 35, 15, 34, 14, 5, 44, 24, 84, 64, 81, 61, 41, 21, 1, 0]
Rota do Picker 4: [0, 1, 14, 34, 26, 7, 44, 24, 22, 42, 62, 82, 74, 6, 45, 5, 3, 23, 8, 28, 4, 25, 65, 35, 17, 56, 16, 81, 61, 41, 21, 0]
Rota do Picker 5: [0, 22, 42, 1, 21, 41, 61, 81, 62, 82, 4, 44, 64, 84, 8, 15, 17, 2, 3, 65, 5, 7, 27, 24, 72, 92, 34, 53, 14, 0]
Rota do Picker 6: [0, 21, 41, 61, 81, 1, 71, 91, 15, 55, 53, 33, 24, 44, 26, 43, 3, 0]

Caso de teste: SLAPRP_Guo_small_O100_alpha0.3_v2.txt

Distancia Total: 700.0
Quantidade de Pickers: 6
