Rota do Picker 1: [0, 52, 43, 23, 3, 27, 61, 24, 82, 25, 65, 4, 81, 1, 21, 41, 42, 26, 46, 62, 5, 45, 7, 34, 0]
Rota do Picker 2: [0, 34, 14, 61, 41, 21, 1, 81, 35, 17, 73, 56, 55, 75, 72, 18, 32, 74, 91, 52, 93, 37, 36, 16, 62, 42, 92, 54, 13, 0]
Rota do Picker 3: [0, 64, 7, 63, 43, 3, 44, 8, 26, 82, 42, 1, 23, 6, 45, 5, 24, 4, 21, 27, 46, 25, 65, 81, 0]
Rota do Picker 4: [0, 21, 42, 62, 82, 7, 6, 24, 3, 81, 64, 65, 25, 45, 26, 4, 43, 23, 61, 46, 5, 41, 1, 27, 83, 44, 0]
Rota do Picker 5: [0, 41, 71, 91, 5, 92, 61, 72, 52, 21, 34, 1, 37, 18, 25, 62, 42, 23, 43, 63, 16, 35, 54, 12, 15, 32, 14, 56, 51, 17, 93, 0]
Rota do Picker 6: [0, 82, 44, 21, 62, 42, 24, 4, 41, 1, 83, 64, 63, 23, 3, 43, 52, 8, 5, 25, 46, 65, 6, 81, 61, 45, 0]
Rota do Picker 7: [0, 81, 8, 5, 23, 3, 1, 27, 25, 83, 43, 42, 41, 21, 52, 7, 26, 61, 62, 45, 82, 65, 44, 46, 24, 4, 64, 0]
Rota do Picker 8: [0, 21, 41, 24, 44, 34, 75, 91, 64, 52, 72, 81, 36, 4, 3, 45, 5, 2, 73, 93, 74, 55, 43, 23, 61, 1, 0]
Rota do Picker 9: [0, 1, 21, 41, 71, 91, 23, 43, 5, 52, 82, 44, 61, 53, 42, 83, 62, 7, 22, 26, 73, 25, 45, 3, 0]
Rota do Picker 10: [0, 14, 21, 54, 61, 41, 1, 81, 34, 0]
Rota do Picker 11: [0, 1, 21, 41, 23, 43, 52, 56, 24, 64, 73, 45, 92, 11, 83, 42, 25, 22, 81, 82, 62, 61, 3, 5, 72, 74, 93, 0]
Rota do Picker 12: [0, 21, 42, 62, 63, 83, 4, 65, 8, 41, 64, 24, 81, 22, 6, 61, 26, 27, 3, 23, 43, 46, 1, 5, 25, 45, 44, 7, 0]
Rota do Picker 13: [0, 53, 65, 81, 45, 82, 46, 64, 62, 5, 7, 52, 23, 44, 24, 3, 1, 83, 43, 42, 22, 61, 41, 21, 16, 0]

Caso de teste: SLAPRP_Guo_small_O200_alpha0.4_v4.txt

Distancia Total: 2220.0
Quantidade de Pickers: 13
