Rota do Picker 1: [0, 1, 0]
Rota do Picker 2: [0, 1, 0]
Rota do Picker 3: [0, 1, 0]
Rota do Picker 4: [0, 1, 41, 22, 23, 24, 44, 81, 21, 61, 62, 42, 25, 26, 6, 5, 8, 7, 27, 46, 4, 63, 83, 0]
Rota do Picker 5: [0, 1, 61, 81, 3, 22, 5, 46, 4, 45, 65, 43, 23, 41, 21, 42, 82, 7, 24, 64, 26, 8, 62, 75, 0]
Rota do Picker 6: [0, 6, 23, 43, 4, 24, 26, 44, 5, 25, 42, 62, 22, 63, 83, 3, 65, 45, 73, 93, 34, 14, 61, 41, 21, 1, 0]
Rota do Picker 7: [0, 1, 4, 23, 43, 63, 14, 71, 91, 35, 55, 64, 44, 24, 8, 41, 54, 74, 36, 18, 16, 27, 6, 3, 2, 22, 42, 45, 26, 5, 61, 21, 0]
Rota do Picker 8: [0, 1, 41, 21, 43, 63, 83, 8, 7, 6, 4, 45, 46, 26, 5, 44, 24, 42, 22, 23, 3, 0]
Rota do Picker 9: [0, 1, 21, 5, 4, 24, 6, 13, 93, 73, 64, 3, 25, 65, 7, 32, 55, 37, 82, 42, 22, 41, 61, 63, 43, 23, 62, 16, 14, 56, 11, 33, 53, 0]
Rota do Picker 10: [0, 1, 21, 22, 42, 13, 34, 74, 91, 0]

Caso de teste: SLAPRP_Guo_small_O100_alpha0.2_v3.txt

Distancia Total: 828.0
Quantidade de Pickers: 10
