Rota do Picker 1: [0, 41, 26, 46, 8, 48, 83, 23, 42, 22, 45, 1, 7, 87, 9, 10, 30, 27, 47, 20, 77, 18, 33, 31, 0]
Rota do Picker 2: [0, 10, 67, 7, 27, 87, 9, 30, 26, 41, 22, 8, 48, 1, 2, 4, 46, 84, 23, 83, 33, 0]
Rota do Picker 3: [0, 21, 22, 26, 9, 48, 8, 7, 27, 47, 87, 83, 23, 46, 50, 30, 10, 3, 41, 1, 31, 17, 94, 0]
Rota do Picker 4: [0, 31, 21, 41, 2, 22, 17, 18, 76, 40, 77, 74, 94, 19, 20, 12, 7, 1, 57, 93, 33, 42, 0]
Rota do Picker 5: [0, 31, 11, 74, 18, 77, 57, 97, 17, 20, 36, 76, 75, 94, 22, 7, 50, 30, 41, 0]
Rota do Picker 6: [0, 83, 3, 26, 46, 84, 32, 9, 87, 27, 7, 23, 41, 21, 1, 8, 89, 47, 11, 33, 18, 37, 19, 67, 22, 12, 74, 57, 77, 14, 36, 76, 17, 75, 31, 0]

Caso de teste: SLAPRP_Guo_small_O100_alpha0.2_v2.txt

Distancia Total: 914.0
Quantidade de Pickers: 6
