SKUs: 40
Pedidos: 201

Primeiro pedido:
Order(1, [4, 28])

Ultimo pedido:
Order(201, [1, 3, 4, 6, 7, 8, 26])

Location(1, 1, -1, 20)
Location(2, 1, -2, 20)
Location(3, 1, -3, 20)
Location(4, 1, -4, 20)
Location(5, 1, -5, 20)
Location(6, 1, -6, 20)
Location(7, 1, -7, 20)
Location(8, 1, -8, 20)
Location(9, 1, -9, 20)
Location(10, 1, -10, 40)
Location(11, 1, 1, 20)
Location(12, 1, 2, 20)
Location(13, 1, 3, 20)
Location(14, 1, 4, 20)
Location(15, 1, 5, 20)
Location(16, 1, 6, 20)
Location(17, 1, 7, 20)
Location(18, 1, 8, 20)
Location(19, 1, 9, 20)
Location(20, 1, 10, 40)
Location(21, 2, -1, 20)
Location(22, 2, -2, 20)
Location(23, 2, -3, 20)
Location(24, 2, -4, 20)
Location(25, 2, -5, 20)
Location(26, 2, -6, 20)
Location(27, 2, -7, 20)
Location(28, 2, -8, 20)
Location(29, 2, -9, 20)
Location(30, 2, -10, 40)
Location(31, 2, 1, 20)
Location(32, 2, 2, 20)
Location(33, 2, 3, 20)
Location(34, 2, 4, 20)
Location(35, 2, 5, 20)
Location(36, 2, 6, 20)
Location(37, 2, 7, 20)
Location(38, 2, 8, 20)
Location(39, 2, 9, 20)
Location(40, 2, 10, 40)
Location(41, 3, -1, 20)
Location(42, 3, -2, 20)
Location(43, 3, -3, 20)
Location(44, 3, -4, 20)
Location(45, 3, -5, 20)
Location(46, 3, -6, 20)
Location(47, 3, -7, 20)
Location(48, 3, -8, 20)
Location(49, 3, -9, 20)
Location(50, 3, -10, 40)
Location(51, 3, 1, 20)
Location(52, 3, 2, 20)
Location(53, 3, 3, 20)
Location(54, 3, 4, 20)
Location(55, 3, 5, 20)
Location(56, 3, 6, 20)
Location(57, 3, 7, 20)
Location(58, 3, 8, 20)
Location(59, 3, 9, 20)
Location(60, 3, 10, 40)
Location(61, 4, -1, 20)
Location(62, 4, -2, 20)
Location(63, 4, -3, 20)
Location(64, 4, -4, 20)
Location(65, 4, -5, 20)
Location(66, 4, -6, 20)
Location(67, 4, -7, 20)
Location(68, 4, -8, 20)
Location(69, 4, -9, 20)
Location(70, 4, -10, 40)
Location(71, 4, 1, 20)
Location(72, 4, 2, 20)
Location(73, 4, 3, 20)
Location(74, 4, 4, 20)
Location(75, 4, 5, 20)
Location(76, 4, 6, 20)
Location(77, 4, 7, 20)
Location(78, 4, 8, 20)
Location(79, 4, 9, 20)
Location(80, 4, 10, 40)
Location(81, 5, -1, 20)
Location(82, 5, -2, 20)
Location(83, 5, -3, 20)
Location(84, 5, -4, 20)
Location(85, 5, -5, 20)
Location(86, 5, -6, 20)
Location(87, 5, -7, 20)
Location(88, 5, -8, 20)
Location(89, 5, -9, 20)
Location(90, 5, -10, 40)
Location(91, 5, 1, 20)
Location(92, 5, 2, 20)
Location(93, 5, 3, 20)
Location(94, 5, 4, 20)
Location(95, 5, 5, 20)
Location(96, 5, 6, 20)
Location(97, 5, 7, 20)
Location(98, 5, 8, 20)
Location(99, 5, 9, 20)
Location(100, 5, 10, 40)

Frequencias: [90, 81, 96, 112, 89, 85, 91, 100, 10, 13, 6, 17, 8, 19, 11, 12, 11, 8, 11, 11, 11, 9, 10, 8, 11, 12, 18, 15, 13, 11, 11, 8, 11, 11, 20, 12, 7, 9, 0, 0]

Matriz de coocorrencia: 
40×40 Matrix{Int64}:
  0  43  49  53  45  44  48  54  5  4  2  7  4   6  5  3  4  4  4  4  4  3  4  1  4  7   8  9  3  5  4  5  2  7  11  5  5  5  0  0
 43   0  44  48  43  36  35  48  6  5  1  6  4  11  3  1  3  4  3  5  5  2  2  4  1  3   7  5  4  4  2  2  4  6   7  4  4  5  0  0
 49  44   0  65  45  46  52  54  6  4  3  6  4   7  5  7  4  7  5  4  7  4  4  6  7  3   6  6  8  4  5  7  8  5  12  3  3  3  0  0
 53  48  65   0  53  55  57  46  6  4  5  8  5   5  8  9  8  5  4  8  8  6  4  6  3  5   9  7  7  6  7  2  6  6  13  4  6  5  0  0
 45  43  45  53   0  45  44  46  7  5  3  7  4   6  6  4  6  5  7  5  8  3  3  4  5  6  13  6  8  5  5  4  4  4   7  6  4  7  0  0
 44  36  46  55  45   0  42  45  3  5  1  5  3   6  4  8  5  6  5  3  2  4  4  3  4  3   9  4  4  2  5  1  7  4   9  4  5  1  0  0
 48  35  52  57  44  42   0  51  4  5  5  7  4   6  7  3  3  2  4  6  6  6  5  3  2  6   8  7  4  6  5  2  5  4   9  6  2  3  0  0
 54  48  54  46  46  45  51   0  5  4  4  9  5   5  6  4  2  5  4  3  5  5  3  4  7  7   8  3  6  6  3  8  1  6   7  4  3  5  0  0
  5   6   6   6   7   3   4   5  0  1  1  1  0   1  0  1  1  0  1  1  2  0  0  0  0  0   2  1  2  1  0  0  0  0   1  1  0  2  0  0
  4   5   4   4   5   5   5   4  1  0  1  3  0   0  0  0  1  0  0  0  1  1  0  3  1  0   0  0  2  1  0  0  0  1   0  1  0  3  0  0
  2   1   3   5   3   1   5   4  1  1  0  0  0   1  1  0  1  0  1  0  0  0  0  0  0  1   0  0  1  2  0  0  1  0   1  0  0  1  0  0
  7   6   6   8   7   5   7   9  1  3  0  0  2   1  1  1  2  0  1  0  2  1  0  1  0  0   1  1  1  2  1  1  1  1   0  4  1  3  0  0
  4   4   4   5   4   3   4   5  0  0  0  2  0   1  1  1  0  1  1  0  0  0  0  0  1  1   1  0  0  1  0  2  0  0   0  0  2  0  0  0
  6  11   7   5   6   6   6   5  1  0  1  1  1   0  0  2  0  0  1  0  1  1  1  0  0  1   5  1  0  0  0  0  2  1   3  1  0  1  0  0
  5   3   5   8   6   4   7   6  0  0  1  1  1   0  0  0  0  1  1  0  1  2  1  0  0  0   1  0  1  0  0  0  0  0   0  0  2  1  0  0
  3   1   7   9   4   8   3   4  1  0  0  1  1   2  0  0  2  0  0  2  0  1  2  1  3  0   2  1  2  0  0  2  1  1   1  0  0  0  0  0
  4   3   4   8   6   5   3   2  1  1  1  2  0   0  0  2  0  1  0  1  0  1  0  0  2  2   2  1  0  1  1  0  1  1   3  0  0  0  0  0
  4   4   7   5   5   6   2   5  0  0  0  0  1   0  1  0  1  0  0  0  0  0  0  0  0  0   1  1  1  0  0  0  0  0   0  1  1  1  0  0
  4   3   5   4   7   5   4   4  1  0  1  1  1   1  1  0  0  0  0  0  2  0  0  0  1  0   2  0  3  0  2  0  0  0   2  0  0  0  0  0
  4   5   4   8   5   3   6   3  1  0  0  0  0   0  0  2  1  0  0  0  1  0  1  0  1  1   2  1  1  1  3  0  0  0   2  1  0  0  0  0
  4   5   7   8   8   2   6   5  2  1  0  2  0   1  1  0  0  0  2  1  0  2  1  2  1  0   0  0  2  1  0  0  0  1   2  0  0  1  0  0
  3   2   4   6   3   4   6   5  0  1  0  1  0   1  2  1  1  0  0  0  2  0  1  1  1  1   1  0  0  0  0  0  1  0   0  0  1  0  0  0
  4   2   4   4   3   4   5   3  0  0  0  0  0   1  1  2  0  0  0  1  1  1  0  0  0  0   0  0  0  1  1  0  1  0   0  0  0  0  0  0
  1   4   6   6   4   3   3   4  0  3  0  1  0   0  0  1  0  0  0  0  2  1  0  0  1  0   0  0  1  0  0  0  0  0   1  0  0  2  0  0
  4   1   7   3   5   4   2   7  0  1  0  0  1   0  0  3  2  0  1  1  1  1  0  1  0  1   2  0  2  1  0  1  2  0   1  1  0  0  0  0
  7   3   3   5   6   3   6   7  0  0  1  0  1   1  0  0  2  0  0  1  0  1  0  0  1  0   2  3  0  2  1  1  0  0   1  0  0  1  0  0
  8   7   6   9  13   9   8   8  2  0  0  1  1   5  1  2  2  1  2  2  0  1  0  0  2  2   0  1  0  0  2  1  0  0   2  1  0  1  0  0
  9   5   6   7   6   4   7   3  1  0  0  1  0   1  0  1  1  1  0  1  0  0  0  0  0  3   1  0  1  0  1  0  1  1   1  0  0  1  0  0
  3   4   8   7   8   4   4   6  2  2  1  1  0   0  1  2  0  1  3  1  2  0  0  1  2  0   0  1  0  0  0  1  1  1   1  2  1  1  0  0
  5   4   4   6   5   2   6   6  1  1  2  2  1   0  0  0  1  0  0  1  1  0  1  0  1  2   0  0  0  0  0  0  0  0   2  0  0  1  0  0
  4   2   5   7   5   5   5   3  0  0  0  1  0   0  0  0  1  0  2  3  0  0  1  0  0  1   2  1  0  0  0  0  2  1   3  0  0  0  0  0
  5   2   7   2   4   1   2   8  0  0  0  1  2   0  0  2  0  0  0  0  0  0  0  0  1  1   1  0  1  0  0  0  0  2   1  0  1  0  0  0
  2   4   8   6   4   7   5   1  0  0  1  1  0   2  0  1  1  0  0  0  0  1  1  0  2  0   0  1  1  0  2  0  0  1   1  2  1  0  0  0
  7   6   5   6   4   4   4   6  0  1  0  1  0   1  0  1  1  0  0  0  1  0  0  0  0  0   0  1  1  0  1  2  1  0   0  0  0  0  0  0
 11   7  12  13   7   9   9   7  1  0  1  0  0   3  0  1  3  0  2  2  2  0  0  1  1  1   2  1  1  2  3  1  1  0   0  2  0  1  0  0
  5   4   3   4   6   4   6   4  1  1  0  4  0   1  0  0  0  1  0  1  0  0  0  0  1  0   1  0  2  0  0  0  2  0   2  0  0  1  0  0
  5   4   3   6   4   5   2   3  0  0  0  1  2   0  2  0  0  1  0  0  0  1  0  0  0  0   0  0  1  0  0  1  1  0   0  0  0  0  0  0
  5   5   3   5   7   1   3   5  2  3  1  3  0   1  1  0  0  1  0  0  1  0  0  2  0  1   1  1  1  1  0  0  0  0   1  1  0  0  0  0
  0   0   0   0   0   0   0   0  0  0  0  0  0   0  0  0  0  0  0  0  0  0  0  0  0  0   0  0  0  0  0  0  0  0   0  0  0  0  0  0
  0   0   0   0   0   0   0   0  0  0  0  0  0   0  0  0  0  0  0  0  0  0  0  0  0  0   0  0  0  0  0  0  0  0   0  0  0  0  0  0
SKU(90, 187.0, 0.07)
SKU(81, 154.0, 0.08)
SKU(96, 132.0, 0.21)
SKU(112, 181.0, 0.1)
SKU(89, 140.0, 0.13)
SKU(85, 160.0, 0.08)
SKU(91, 183.0, 0.07)
SKU(100, 169.0, 0.11)
SKU(10, 38.0, 0.09)
SKU(13, 21.0, 0.21)
SKU(6, 32.0, 0.11)
SKU(17, 55.0, 0.12)
SKU(8, 20.0, 0.19)
SKU(19, 83.0, 0.07)
SKU(11, 69.0, 0.05)
SKU(12, 53.0, 0.09)
SKU(11, 44.0, 0.08)
SKU(8, 30.0, 0.12)
SKU(11, 21.0, 0.26)
SKU(11, 31.0, 0.17)
SKU(11, 60.0, 0.07)
SKU(9, 26.0, 0.16)
SKU(10, 43.0, 0.1)
SKU(8, 62.0, 0.05)
SKU(11, 40.0, 0.11)
SKU(12, 49.0, 0.09)
SKU(18, 48.0, 0.13)
SKU(15, 38.0, 0.16)
SKU(13, 68.0, 0.06)
SKU(11, 72.0, 0.04)
SKU(11, 33.0, 0.15)
SKU(8, 54.0, 0.06)
SKU(11, 57.0, 0.07)
SKU(11, 72.0, 0.05)
SKU(20, 48.0, 0.12)
SKU(12, 32.0, 0.16)
SKU(7, 58.0, 0.04)
SKU(9, 22.0, 0.14)
SKU(0, 9.0, 0.08)
SKU(0, 9.0, 0.12)

Posicao 1 (Corredor 1, Prateleira -1)
   SKU 1 -> 182
   SKU 4 -> 4
   SKU 7 -> 98

Posicao 2 (Corredor 1, Prateleira -2)
   SKU 6 -> 160
   SKU 8 -> 39
   SKU 30 -> 72

Posicao 3 (Corredor 1, Prateleira -3)
   SKU 16 -> 53
   SKU 17 -> 44
   SKU 23 -> 43

Posicao 4 (Corredor 1, Prateleira -4)
   SKU 13 -> 20

Posicao 11 (Corredor 1, Prateleira 1)
   SKU 1 -> 5
   SKU 4 -> 137
   SKU 7 -> 85

Posicao 12 (Corredor 1, Prateleira 2)
   SKU 4 -> 40
   SKU 5 -> 13
   SKU 8 -> 130

Posicao 13 (Corredor 1, Prateleira 3)
   SKU 9 -> 38
   SKU 25 -> 40
   SKU 36 -> 32

Posicao 14 (Corredor 1, Prateleira 4)
   SKU 18 -> 30
   SKU 20 -> 31
   SKU 37 -> 2

Posicao 20 (Corredor 1, Prateleira 10)
   SKU 3 -> 132

Posicao 21 (Corredor 2, Prateleira -1)
   SKU 5 -> 127
   SKU 15 -> 69
   SKU 37 -> 1

Posicao 22 (Corredor 2, Prateleira -2)
   SKU 27 -> 48
   SKU 34 -> 72
   SKU 35 -> 48

Posicao 23 (Corredor 2, Prateleira -3)
   SKU 38 -> 22

Posicao 31 (Corredor 2, Prateleira 1)
   SKU 2 -> 154
   SKU 14 -> 83
   SKU 37 -> 46

Posicao 32 (Corredor 2, Prateleira 2)
   SKU 24 -> 62
   SKU 28 -> 38
   SKU 31 -> 33

Posicao 33 (Corredor 2, Prateleira 3)
   SKU 10 -> 21
   SKU 22 -> 26

Posicao 41 (Corredor 3, Prateleira -1)
   SKU 12 -> 55
   SKU 29 -> 68
   SKU 32 -> 54

Posicao 42 (Corredor 3, Prateleira -2)
   SKU 37 -> 9

Posicao 50 (Corredor 3, Prateleira -10)
   SKU 39 -> 9

Posicao 51 (Corredor 3, Prateleira 1)
   SKU 21 -> 60
   SKU 26 -> 49
   SKU 33 -> 57

Posicao 61 (Corredor 4, Prateleira -1)
   SKU 19 -> 21

Posicao 71 (Corredor 4, Prateleira 1)
   SKU 11 -> 32

Posicao 80 (Corredor 4, Prateleira 10)
   SKU 40 -> 9

