Rota do Picker 1: [0, 26, 23, 53, 33, 13, 1, 5, 15, 3, 4, 44, 35, 72, 32, 62, 42, 41, 36, 61, 21, 64, 17, 54, 0]
Rota do Picker 2: [0, 54, 62, 23, 41, 15, 32, 63, 43, 42, 61, 21, 1, 81, 56, 26, 16, 24, 93, 64, 44, 72, 33, 13, 45, 5, 4, 7, 14, 3, 25, 34, 94, 0]
Rota do Picker 3: [0, 55, 41, 61, 14, 81, 43, 15, 37, 16, 24, 4, 73, 54, 74, 62, 17, 34, 92, 72, 2, 18, 23, 3, 33, 13, 21, 71, 31, 32, 52, 56, 36, 42, 22, 1, 0]
Rota do Picker 4: [0, 1, 21, 3, 32, 63, 82, 64, 44, 7, 27, 8, 6, 62, 42, 61, 15, 23, 24, 4, 25, 72, 54, 43, 5, 22, 41, 18, 0]
Rota do Picker 5: [0, 63, 55, 16, 32, 62, 22, 42, 75, 1, 4, 36, 23, 6, 17, 33, 13, 41, 21, 72, 18, 43, 83, 5, 25, 82, 61, 64, 15, 12, 0]
Rota do Picker 6: [0, 32, 55, 16, 17, 54, 34, 52, 56, 93, 72, 26, 36, 94, 53, 41, 73, 14, 33, 13, 21, 12, 11, 92, 15, 71, 1, 22, 42, 0]

Caso de teste: SLAPRP_Guo_small_O100_alpha0.4_v5.txt

Distancia Total: 1332.0
Quantidade de Pickers: 6
