Rota do Picker 1: [0, 41, 0]
Rota do Picker 2: [0, 41, 0]
Rota do Picker 3: [0, 62, 63, 43, 3, 61, 21, 44, 25, 15, 11, 71, 17, 16, 26, 6, 5, 27, 7, 24, 81, 41, 1, 0]
Rota do Picker 4: [0, 15, 84, 65, 21, 41, 62, 6, 63, 35, 16, 18, 74, 83, 43, 3, 81, 1, 61, 44, 64, 8, 0]
Rota do Picker 5: [0, 61, 21, 24, 62, 2, 47, 8, 28, 17, 35, 27, 7, 6, 65, 63, 43, 3, 81, 41, 1, 0]
Rota do Picker 6: [0, 21, 41, 61, 81, 24, 44, 84, 43, 83, 45, 46, 26, 6, 3, 1, 62, 0]
Rota do Picker 7: [0, 41, 21, 1, 61, 5, 25, 6, 43, 3, 24, 44, 63, 83, 28, 55, 15, 74, 17, 0]
Rota do Picker 8: [0, 3, 1, 21, 41, 81, 61, 45, 24, 84, 64, 6, 44, 26, 0]

Caso de teste: SLAPRP_Guo_small_O100_alpha0.3_v2.txt

Distancia Total: 646.0
Quantidade de Pickers: 8
