Rota do Picker 1: [0, 1, 2, 22, 11, 31, 51, 21, 41, 3, 23, 32, 12, 0]
Rota do Picker 2: [0, 13, 33, 12, 31, 51, 11, 32, 42, 22, 2, 3, 41, 21, 1, 0]
Rota do Picker 3: [0, 2, 22, 21, 1, 11, 31, 51, 12, 52, 32, 13, 33, 0]
Rota do Picker 4: [0, 1, 21, 41, 2, 22, 42, 3, 23, 12, 52, 32, 13, 31, 11, 0]
Rota do Picker 5: [0, 1, 21, 41, 32, 52, 31, 11, 51, 13, 33, 12, 3, 22, 2, 0]
Rota do Picker 6: [0, 1, 2, 22, 42, 21, 41, 12, 32, 52, 11, 51, 31, 3, 23, 0]
Rota do Picker 7: [0, 1, 12, 52, 32, 31, 51, 11, 13, 23, 3, 2, 22, 41, 21, 0]
Rota do Picker 8: [0, 21, 1, 2, 23, 22, 42, 13, 12, 11, 31, 51, 0]
Rota do Picker 9: [0, 21, 1, 41, 12, 32, 33, 22, 2, 23, 3, 31, 11, 0]
Rota do Picker 10: [0, 21, 1, 2, 23, 3, 42, 22, 41, 12, 32, 13, 33, 11, 0]
Rota do Picker 11: [0, 21, 1, 2, 42, 22, 41, 11, 32, 12, 33, 31, 0]

Caso de teste: SLAPRP_Guo_small_O200_alpha0.3_v5.txt

Distancia Total: 464.0
Quantidade de Pickers: 11
