Rota do Picker 1: [0, 9, 19, 0]
Rota do Picker 2: [0, 8, 46, 12, 32, 37, 42, 22, 55, 20, 28, 10, 60, 1, 11, 74, 94, 51, 7, 19, 31, 9, 40, 57, 79, 18, 41, 45, 0]
Rota do Picker 3: [0, 89, 23, 52, 48, 26, 46, 28, 47, 3, 1, 50, 2, 22, 11, 30, 42, 10, 40, 20, 55, 45, 27, 9, 8, 7, 13, 0]
Rota do Picker 4: [0, 1, 9, 50, 30, 89, 27, 7, 48, 28, 46, 26, 4, 45, 47, 10, 8, 2, 55, 21, 51, 0]
Rota do Picker 5: [0, 41, 21, 26, 8, 7, 30, 50, 20, 4, 65, 2, 13, 46, 9, 10, 27, 45, 55, 28, 48, 1, 0]
Rota do Picker 6: [0, 50, 40, 20, 23, 8, 96, 55, 45, 27, 7, 2, 1, 22, 60, 19, 48, 28, 46, 26, 21, 10, 12, 0]
Rota do Picker 7: [0, 55, 30, 7, 46, 26, 60, 45, 27, 10, 9, 8, 40, 1, 65, 52, 48, 28, 21, 3, 2, 50, 0]
Rota do Picker 8: [0, 46, 28, 48, 45, 55, 19, 3, 26, 2, 9, 10, 12, 94, 31, 4, 8, 27, 52, 96, 21, 23, 1, 41, 7, 47, 0]

Caso de teste: SLAPRP_Guo_small_O100_alpha0.2_v5.txt

Distancia Total: 1520.0
Quantidade de Pickers: 8
