Rota do Picker 1: [0, 1, 2, 22, 42, 45, 7, 9, 50, 30, 26, 8, 23, 21, 61, 76, 40, 20, 14, 13, 0]
Rota do Picker 2: [0, 1, 42, 62, 13, 36, 76, 20, 40, 60, 31, 11, 72, 52, 3, 22, 8, 27, 45, 43, 23, 2, 41, 61, 50, 10, 7, 26, 24, 0]
Rota do Picker 3: [0, 1, 22, 76, 40, 60, 20, 17, 31, 52, 32, 2, 3, 23, 26, 8, 7, 27, 36, 13, 46, 41, 21, 42, 45, 10, 30, 12, 33, 51, 0]
Rota do Picker 4: [0, 45, 30, 10, 68, 8, 61, 21, 40, 60, 3, 4, 42, 22, 2, 41, 9, 26, 43, 23, 1, 0]
Rota do Picker 5: [0, 41, 76, 31, 52, 32, 72, 13, 8, 45, 23, 42, 22, 2, 62, 4, 21, 1, 30, 50, 28, 68, 7, 27, 26, 0]
Rota do Picker 6: [0, 8, 10, 30, 7, 42, 22, 2, 23, 46, 27, 9, 50, 26, 45, 1, 41, 61, 43, 51, 11, 14, 33, 36, 60, 24, 4, 32, 12, 0]
Rota do Picker 7: [0, 21, 61, 27, 68, 26, 45, 2, 22, 3, 8, 7, 30, 10, 9, 28, 42, 33, 12, 23, 1, 0]
Rota do Picker 8: [0, 1, 3, 9, 68, 28, 21, 41, 61, 24, 5, 46, 26, 2, 22, 42, 23, 8, 10, 30, 7, 11, 20, 12, 40, 76, 0]
Rota do Picker 9: [0, 34, 9, 30, 10, 22, 23, 3, 2, 5, 7, 45, 20, 40, 14, 42, 24, 27, 50, 8, 26, 43, 1, 0]
Rota do Picker 10: [0, 21, 2, 7, 27, 10, 50, 30, 8, 23, 4, 61, 45, 22, 42, 11, 51, 26, 9, 5, 1, 14, 33, 0]
Rota do Picker 11: [0, 41, 42, 2, 22, 62, 13, 51, 30, 50, 26, 21, 3, 43, 23, 9, 28, 8, 45, 7, 20, 60, 40, 33, 0]
Rota do Picker 12: [0, 2, 11, 31, 76, 17, 97, 32, 52, 33, 26, 46, 27, 8, 7, 62, 23, 3, 24, 5, 30, 4, 42, 21, 1, 22, 10, 0]

Caso de teste: SLAPRP_Guo_small_O200_alpha0.2_v10.txt

Distancia Total: 1700.0
Quantidade de Pickers: 12
