Rota do Picker 1: [0, 92, 74, 54, 34, 84, 64, 63, 3, 93, 13, 81, 61, 41, 21, 1, 24, 15, 17, 43, 0]
Rota do Picker 2: [0, 1, 21, 41, 3, 23, 15, 16, 73, 54, 34, 44, 74, 6, 18, 83, 43, 33, 22, 61, 81, 84, 36, 46, 26, 62, 82, 24, 4, 0]
Rota do Picker 3: [0, 1, 21, 61, 81, 15, 41, 5, 7, 16, 36, 23, 64, 35, 33, 94, 43, 53, 93, 92, 17, 55, 14, 74, 22, 73, 3, 0]
Rota do Picker 4: [0, 55, 64, 24, 4, 3, 6, 43, 18, 33, 5, 41, 15, 17, 8, 81, 61, 21, 1, 94, 44, 0]
Rota do Picker 5: [0, 21, 41, 3, 23, 43, 65, 5, 62, 42, 4, 63, 6, 26, 64, 35, 8, 85, 81, 83, 44, 61, 84, 24, 27, 33, 1, 15, 0]
Rota do Picker 6: [0, 61, 83, 63, 3, 26, 64, 27, 8, 4, 7, 23, 46, 65, 45, 21, 6, 43, 44, 24, 5, 41, 1, 0]
Rota do Picker 7: [0, 1, 61, 5, 25, 33, 6, 21, 46, 43, 84, 24, 81, 41, 64, 23, 83, 45, 4, 62, 82, 44, 3, 65, 7, 0]

Caso de teste: SLAPRP_Guo_small_O100_alpha0.4_v1.txt

Distancia Total: 1220.0
Quantidade de Pickers: 7
