Rota do Picker 1: [0, 63, 41, 42, 43, 83, 82, 6, 8, 7, 4, 24, 23, 25, 3, 27, 62, 22, 46, 5, 61, 21, 1, 0]
Rota do Picker 2: [0, 3, 7, 61, 83, 82, 26, 63, 22, 4, 25, 52, 6, 5, 43, 41, 62, 42, 44, 24, 23, 21, 1, 0]
Rota do Picker 3: [0, 25, 1, 41, 42, 62, 35, 21, 23, 43, 52, 74, 44, 24, 93, 72, 0]
Rota do Picker 4: [0, 14, 61, 34, 81, 41, 1, 13, 55, 15, 92, 72, 74, 93, 73, 42, 21, 75, 56, 23, 5, 52, 0]
Rota do Picker 5: [0, 81, 83, 23, 43, 5, 7, 73, 75, 21, 26, 63, 52, 92, 25, 54, 64, 24, 62, 82, 72, 27, 6, 34, 14, 61, 41, 1, 3, 35, 0]
Rota do Picker 6: [0, 5, 23, 82, 45, 6, 42, 41, 43, 26, 25, 4, 3, 21, 1, 27, 65, 64, 24, 72, 81, 46, 22, 7, 62, 44, 8, 52, 0]
Rota do Picker 7: [0, 52, 12, 16, 72, 15, 36, 93, 17, 37, 31, 22, 2, 18, 81, 14, 1, 3, 34, 35, 55, 92, 56, 74, 54, 61, 41, 21, 0]
Rota do Picker 8: [0, 1, 21, 3, 23, 4, 24, 7, 43, 83, 42, 8, 46, 65, 5, 41, 45, 44, 25, 62, 6, 63, 26, 27, 22, 0]
Rota do Picker 9: [0, 81, 62, 27, 83, 7, 23, 1, 64, 26, 6, 24, 4, 43, 3, 8, 45, 46, 65, 41, 44, 22, 25, 5, 0]
Rota do Picker 10: [0, 72, 43, 5, 62, 42, 41, 23, 1, 82, 21, 3, 83, 46, 45, 61, 22, 4, 64, 0]
Rota do Picker 11: [0, 41, 61, 23, 63, 45, 72, 74, 34, 46, 1, 21, 5, 83, 64, 62, 42, 22, 82, 6, 3, 25, 26, 43, 24, 52, 0]
Rota do Picker 12: [0, 5, 35, 21, 41, 61, 14, 0]
Rota do Picker 13: [0, 82, 46, 26, 42, 22, 1, 21, 4, 5, 25, 23, 3, 43, 8, 64, 52, 63, 62, 7, 56, 45, 83, 27, 24, 44, 65, 6, 61, 41, 0]

Caso de teste: SLAPRP_Guo_small_O200_alpha0.4_v2.txt

Distancia Total: 2060.0
Quantidade de Pickers: 13
