Rota do Picker 1: [0, 21, 41, 44, 64, 52, 34, 56, 37, 36, 16, 62, 42, 54, 18, 61, 17, 14, 1, 81, 72, 33, 93, 91, 71, 51, 0]
Rota do Picker 2: [0, 62, 5, 3, 23, 24, 4, 22, 1, 65, 61, 46, 45, 27, 7, 83, 43, 63, 26, 44, 41, 25, 64, 21, 42, 8, 0]
Rota do Picker 3: [0, 44, 7, 82, 41, 61, 45, 65, 83, 64, 5, 3, 26, 23, 24, 6, 25, 4, 63, 43, 42, 22, 21, 1, 81, 8, 0]
Rota do Picker 4: [0, 1, 21, 41, 61, 23, 62, 82, 15, 0]
Rota do Picker 5: [0, 82, 83, 44, 63, 43, 45, 64, 73, 24, 71, 5, 23, 62, 42, 35, 7, 14, 81, 61, 41, 21, 1, 37, 0]
Rota do Picker 6: [0, 1, 21, 41, 42, 62, 18, 0]
Rota do Picker 7: [0, 21, 22, 62, 64, 5, 82, 4, 24, 63, 43, 1, 41, 23, 42, 6, 61, 25, 45, 33, 0]
Rota do Picker 8: [0, 24, 1, 42, 62, 5, 8, 21, 4, 44, 82, 25, 7, 27, 41, 6, 26, 63, 43, 3, 46, 23, 22, 0]

Caso de teste: SLAPRP_Guo_small_O100_alpha0.3_v9.txt

Distancia Total: 1012.0
Quantidade de Pickers: 8
