Rota do Picker 1: [0, 23, 3, 43, 63, 27, 67, 10, 30, 45, 9, 29, 8, 85, 65, 25, 5, 48, 68, 44, 1, 51, 66, 86, 47, 84, 64, 61, 41, 21, 0]
Rota do Picker 2: [0, 1, 21, 41, 23, 63, 83, 65, 85, 4, 24, 27, 9, 3, 43, 45, 68, 6, 25, 5, 8, 10, 13, 15, 0]
Rota do Picker 3: [0, 53, 65, 45, 25, 46, 6, 43, 41, 21, 1, 23, 63, 62, 7, 26, 86, 51, 91, 71, 3, 44, 24, 4, 0]
Rota do Picker 4: [0, 1, 2, 5, 25, 45, 65, 34, 91, 71, 6, 26, 46, 10, 29, 43, 52, 14, 9, 30, 53, 33, 13, 47, 28, 8, 63, 23, 3, 21, 61, 41, 0]
Rota do Picker 5: [0, 91, 81, 61, 41, 1, 66, 26, 6, 23, 34, 53, 13, 33, 65, 45, 63, 43, 3, 21, 2, 62, 82, 47, 27, 64, 44, 24, 4, 0]
Rota do Picker 6: [0, 1, 41, 61, 45, 65, 29, 9, 3, 23, 43, 63, 8, 27, 7, 10, 6, 85, 91, 71, 72, 0]
Rota do Picker 7: [0, 2, 84, 67, 47, 27, 28, 8, 5, 15, 13, 26, 6, 25, 9, 3, 23, 43, 45, 65, 34, 14, 12, 61, 41, 21, 1, 0]
Rota do Picker 8: [0, 6, 7, 27, 67, 87, 65, 45, 8, 63, 43, 23, 3, 21, 1, 14, 13, 15, 34, 52, 12, 0]
Rota do Picker 9: [0, 1, 26, 66, 6, 65, 45, 8, 28, 9, 84, 64, 44, 24, 4, 27, 67, 87, 5, 25, 14, 34, 15, 12, 63, 23, 3, 21, 41, 61, 81, 52, 33, 13, 2, 0]
Rota do Picker 10: [0, 43, 6, 26, 66, 48, 28, 7, 3, 63, 1, 21, 41, 61, 4, 24, 84, 44, 64, 68, 30, 29, 27, 5, 25, 45, 85, 14, 15, 33, 71, 51, 0]
Rota do Picker 11: [0, 1, 3, 43, 63, 7, 47, 87, 13, 91, 51, 6, 24, 4, 21, 81, 41, 23, 15, 34, 14, 12, 8, 25, 45, 5, 26, 86, 66, 48, 44, 84, 64, 33, 52, 32, 10, 27, 0]
Rota do Picker 12: [0, 1, 51, 53, 31, 43, 65, 85, 67, 3, 4, 24, 44, 6, 26, 32, 15, 14, 22, 41, 81, 46, 66, 45, 48, 68, 12, 72, 52, 63, 2, 21, 23, 64, 84, 28, 0]
Rota do Picker 13: [0, 53, 13, 21, 1, 61, 41, 3, 45, 65, 72, 27, 25, 62, 2, 42, 46, 6, 63, 81, 0]

Caso de teste: SLAPRP_Guo_small_O200_alpha0.2_v3.txt

Distancia Total: 1836.0
Quantidade de Pickers: 13
