Rota do Picker 1: [0, 21, 61, 6, 64, 82, 7, 27, 45, 65, 5, 24, 3, 63, 83, 43, 23, 41, 1, 0]
Rota do Picker 2: [0, 21, 61, 7, 27, 3, 5, 8, 44, 64, 24, 65, 45, 26, 63, 83, 1, 41, 81, 23, 43, 25, 56, 0]
Rota do Picker 3: [0, 21, 61, 23, 6, 7, 27, 3, 43, 63, 24, 44, 5, 25, 45, 81, 41, 1, 0]
Rota do Picker 4: [0, 21, 1, 41, 61, 81, 3, 6, 25, 45, 5, 7, 24, 44, 23, 43, 63, 26, 62, 0]
Rota do Picker 5: [0, 3, 24, 25, 43, 7, 6, 5, 4, 42, 82, 21, 61, 41, 1, 0]
Rota do Picker 6: [0, 1, 41, 61, 63, 3, 5, 82, 62, 23, 43, 83, 44, 64, 46, 6, 8, 45, 24, 81, 21, 0]

Caso de teste: SLAPRP_Guo_small_O100_alpha0.4_v8.txt

Distancia Total: 498.0
Quantidade de Pickers: 6
