SKUs: 40
Pedidos: 105

Primeiro pedido:
Order(1, [3, 4, 6])

Ultimo pedido:
Order(105, [3, 4, 14, 16, 17])

Location(1, 1, -1, 20)
Location(2, 1, -2, 20)
Location(3, 1, -3, 20)
Location(4, 1, -4, 20)
Location(5, 1, -5, 20)
Location(6, 1, -6, 20)
Location(7, 1, -7, 20)
Location(8, 1, -8, 20)
Location(9, 1, -9, 20)
Location(10, 1, -10, 40)
Location(11, 1, 1, 20)
Location(12, 1, 2, 20)
Location(13, 1, 3, 20)
Location(14, 1, 4, 20)
Location(15, 1, 5, 20)
Location(16, 1, 6, 20)
Location(17, 1, 7, 20)
Location(18, 1, 8, 20)
Location(19, 1, 9, 20)
Location(20, 1, 10, 40)
Location(21, 2, -1, 20)
Location(22, 2, -2, 20)
Location(23, 2, -3, 20)
Location(24, 2, -4, 20)
Location(25, 2, -5, 20)
Location(26, 2, -6, 20)
Location(27, 2, -7, 20)
Location(28, 2, -8, 20)
Location(29, 2, -9, 20)
Location(30, 2, -10, 40)
Location(31, 2, 1, 20)
Location(32, 2, 2, 20)
Location(33, 2, 3, 20)
Location(34, 2, 4, 20)
Location(35, 2, 5, 20)
Location(36, 2, 6, 20)
Location(37, 2, 7, 20)
Location(38, 2, 8, 20)
Location(39, 2, 9, 20)
Location(40, 2, 10, 40)
Location(41, 3, -1, 20)
Location(42, 3, -2, 20)
Location(43, 3, -3, 20)
Location(44, 3, -4, 20)
Location(45, 3, -5, 20)
Location(46, 3, -6, 20)
Location(47, 3, -7, 20)
Location(48, 3, -8, 20)
Location(49, 3, -9, 20)
Location(50, 3, -10, 40)
Location(51, 3, 1, 20)
Location(52, 3, 2, 20)
Location(53, 3, 3, 20)
Location(54, 3, 4, 20)
Location(55, 3, 5, 20)
Location(56, 3, 6, 20)
Location(57, 3, 7, 20)
Location(58, 3, 8, 20)
Location(59, 3, 9, 20)
Location(60, 3, 10, 40)
Location(61, 4, -1, 20)
Location(62, 4, -2, 20)
Location(63, 4, -3, 20)
Location(64, 4, -4, 20)
Location(65, 4, -5, 20)
Location(66, 4, -6, 20)
Location(67, 4, -7, 20)
Location(68, 4, -8, 20)
Location(69, 4, -9, 20)
Location(70, 4, -10, 40)
Location(71, 4, 1, 20)
Location(72, 4, 2, 20)
Location(73, 4, 3, 20)
Location(74, 4, 4, 20)
Location(75, 4, 5, 20)
Location(76, 4, 6, 20)
Location(77, 4, 7, 20)
Location(78, 4, 8, 20)
Location(79, 4, 9, 20)
Location(80, 4, 10, 40)
Location(81, 5, -1, 20)
Location(82, 5, -2, 20)
Location(83, 5, -3, 20)
Location(84, 5, -4, 20)
Location(85, 5, -5, 20)
Location(86, 5, -6, 20)
Location(87, 5, -7, 20)
Location(88, 5, -8, 20)
Location(89, 5, -9, 20)
Location(90, 5, -10, 40)
Location(91, 5, 1, 20)
Location(92, 5, 2, 20)
Location(93, 5, 3, 20)
Location(94, 5, 4, 20)
Location(95, 5, 5, 20)
Location(96, 5, 6, 20)
Location(97, 5, 7, 20)
Location(98, 5, 8, 20)
Location(99, 5, 9, 20)
Location(100, 5, 10, 40)

Frequencias: [45, 54, 42, 44, 41, 43, 45, 43, 5, 2, 6, 8, 5, 4, 9, 3, 4, 3, 5, 6, 8, 5, 7, 7, 7, 6, 4, 6, 7, 9, 7, 11, 6, 3, 10, 4, 5, 5, 0, 0]

Matriz de coocorrencia: 
40×40 Matrix{Int64}:
  0  24  21  18  19  22  26  21  1  2  1  6  4  2  6  0  2  2  2  2  3  4  3  4  3  4  1  4  3  3  3  4  2  1  3  1  2  1  0  0
 24   0  22  25  25  21  28  28  1  2  2  5  4  1  4  1  2  2  2  5  3  0  6  3  7  2  3  2  1  2  5  3  2  2  6  0  4  3  0  0
 21  22   0  20  17  15  15  17  3  0  2  6  3  3  6  3  1  1  2  3  4  1  2  5  5  4  1  3  4  4  4  3  2  0  1  2  2  1  0  0
 18  25  20   0  18  23  18  20  2  1  1  2  3  2  4  2  2  1  4  3  5  1  6  2  2  4  2  2  2  5  4  4  0  0  3  1  2  1  0  0
 19  25  17  18   0  16  18  19  0  0  3  3  3  1  5  2  1  3  2  3  4  4  2  4  3  3  2  2  1  7  2  1  2  1  3  1  2  2  0  0
 22  21  15  23  16   0  19  19  3  1  2  3  3  2  1  1  1  0  0  2  3  1  2  3  3  3  2  1  4  3  4  3  1  1  3  1  1  2  0  0
 26  28  15  18  18  19   0  23  0  2  3  4  2  1  3  0  2  1  4  2  2  2  5  3  5  2  3  2  3  1  4  6  4  1  5  2  2  0  0  0
 21  28  17  20  19  19  23   0  1  2  3  3  4  1  5  0  0  1  2  2  3  1  3  4  4  0  2  0  2  4  2  6  1  2  5  1  2  1  0  0
  1   1   3   2   0   3   0   1  0  0  0  0  0  0  0  0  0  0  0  0  0  0  0  0  0  1  0  2  0  0  0  1  0  0  0  0  0  0  0  0
  2   2   0   1   0   1   2   2  0  0  0  0  0  0  0  0  0  0  1  0  0  0  0  0  1  0  1  0  0  0  0  0  0  0  0  0  0  0  0  0
  1   2   2   1   3   2   3   3  0  0  0  0  0  0  0  1  0  0  0  0  1  0  1  0  1  0  0  0  1  2  0  1  0  0  1  1  0  0  0  0
  6   5   6   2   3   3   4   3  0  0  0  0  2  0  0  0  0  0  0  1  0  1  0  0  0  0  0  1  1  0  1  0  1  0  0  0  1  1  0  0
  4   4   3   3   3   3   2   4  0  0  0  2  0  0  0  0  0  0  0  0  0  0  0  0  0  0  0  0  0  0  0  1  0  0  1  0  0  0  0  0
  2   1   3   2   1   2   1   1  0  0  0  0  0  0  0  1  2  0  0  0  0  0  0  1  0  1  0  0  1  0  0  0  1  0  0  0  1  0  0  0
  6   4   6   4   5   1   3   5  0  0  0  0  0  0  0  0  0  1  0  0  2  0  1  1  0  1  1  2  2  2  0  1  0  0  1  1  1  1  0  0
  0   1   3   2   2   1   0   0  0  0  1  0  0  1  0  0  1  0  0  0  0  0  0  0  1  0  0  0  0  1  0  0  0  0  0  0  0  0  0  0
  2   2   1   2   1   1   2   0  0  0  0  0  0  2  0  1  0  0  0  0  0  0  0  0  0  0  0  0  0  0  0  0  1  0  1  0  1  0  0  0
  2   2   1   1   3   0   1   1  0  0  0  0  0  0  1  0  0  0  0  0  0  0  0  0  1  1  1  0  0  1  0  0  0  0  0  0  1  0  0  0
  2   2   2   4   2   0   4   2  0  1  0  0  0  0  0  0  0  0  0  1  1  1  1  1  1  0  0  0  0  0  0  0  0  0  0  1  0  0  0  0
  2   5   3   3   3   2   2   2  0  0  0  1  0  0  0  0  0  0  1  0  0  0  0  2  0  0  0  1  0  0  2  0  0  1  1  0  1  1  0  0
  3   3   4   5   4   3   2   3  0  0  1  0  0  0  2  0  0  0  1  0  0  0  1  0  0  1  0  1  1  2  0  1  0  0  0  2  0  1  0  0
  4   0   1   1   4   1   2   1  0  0  0  1  0  0  0  0  0  0  1  0  0  0  0  1  0  1  0  1  0  0  0  0  1  0  0  0  0  0  0  0
  3   6   2   6   2   2   5   3  0  0  1  0  0  0  1  0  0  0  1  0  1  0  0  1  1  1  0  1  0  1  0  1  0  0  1  0  0  0  0  0
  4   3   5   2   4   3   3   4  0  0  0  0  0  1  1  0  0  0  1  2  0  1  1  0  1  0  0  0  0  0  0  0  0  1  0  0  0  0  0  0
  3   7   5   2   3   3   5   4  0  1  1  0  0  0  0  1  0  1  1  0  0  0  1  1  0  1  1  0  0  0  1  0  0  1  0  0  0  0  0  0
  4   2   4   4   3   3   2   0  1  0  0  0  0  1  1  0  0  1  0  0  1  1  1  0  1  0  0  2  1  0  0  0  0  0  0  0  0  0  0  0
  1   3   1   2   2   2   3   2  0  1  0  0  0  0  1  0  0  1  0  0  0  0  0  0  1  0  0  0  0  0  0  1  1  0  0  1  1  0  0  0
  4   2   3   2   2   1   2   0  2  0  0  1  0  0  2  0  0  0  0  1  1  1  1  0  0  2  0  0  0  0  0  1  0  0  0  0  0  1  0  0
  3   1   4   2   1   4   3   2  0  0  1  1  0  1  2  0  0  0  0  0  1  0  0  0  0  1  0  0  0  0  0  0  0  0  1  0  1  0  0  0
  3   2   4   5   7   3   1   4  0  0  2  0  0  0  2  1  0  1  0  0  2  0  1  0  0  0  0  0  0  0  1  1  0  0  0  2  0  1  0  0
  3   5   4   4   2   4   4   2  0  0  0  1  0  0  0  0  0  0  0  2  0  0  0  0  1  0  0  0  0  1  0  0  1  0  1  0  1  0  0  0
  4   3   3   4   1   3   6   6  1  0  1  0  1  0  1  0  0  0  0  0  1  0  1  0  0  0  1  1  0  1  0  0  2  0  1  2  0  0  0  0
  2   2   2   0   2   1   4   1  0  0  0  1  0  1  0  0  1  0  0  0  0  1  0  0  0  0  1  0  0  0  1  2  0  0  0  1  1  0  0  0
  1   2   0   0   1   1   1   2  0  0  0  0  0  0  0  0  0  0  0  1  0  0  0  1  1  0  0  0  0  0  0  0  0  0  0  0  0  0  0  0
  3   6   1   3   3   3   5   5  0  0  1  0  1  0  1  0  1  0  0  1  0  0  1  0  0  0  0  0  1  0  1  1  0  0  0  0  1  1  0  0
  1   0   2   1   1   1   2   1  0  0  1  0  0  0  1  0  0  0  1  0  2  0  0  0  0  0  1  0  0  2  0  2  1  0  0  0  0  0  0  0
  2   4   2   2   2   1   2   2  0  0  0  1  0  1  1  0  1  1  0  1  0  0  0  0  0  0  1  0  1  0  1  0  1  0  1  0  0  1  0  0
  1   3   1   1   2   2   0   1  0  0  0  1  0  0  1  0  0  0  0  1  1  0  0  0  0  0  0  1  0  1  0  0  0  0  1  0  1  0  0  0
  0   0   0   0   0   0   0   0  0  0  0  0  0  0  0  0  0  0  0  0  0  0  0  0  0  0  0  0  0  0  0  0  0  0  0  0  0  0  0  0
  0   0   0   0   0   0   0   0  0  0  0  0  0  0  0  0  0  0  0  0  0  0  0  0  0  0  0  0  0  0  0  0  0  0  0  0  0  0  0  0
SKU(45, 197.0, 0.07)
SKU(54, 186.0, 0.08)
SKU(42, 97.0, 0.21)
SKU(44, 144.0, 0.1)
SKU(41, 117.0, 0.13)
SKU(43, 160.0, 0.08)
SKU(45, 182.0, 0.07)
SKU(43, 144.0, 0.11)
SKU(5, 46.0, 0.09)
SKU(2, 15.0, 0.21)
SKU(6, 46.0, 0.11)
SKU(8, 54.0, 0.12)
SKU(5, 26.0, 0.19)
SKU(4, 60.0, 0.07)
SKU(9, 97.0, 0.05)
SKU(3, 41.0, 0.09)
SKU(4, 52.0, 0.08)
SKU(3, 35.0, 0.12)
SKU(5, 16.0, 0.26)
SKU(6, 27.0, 0.17)
SKU(8, 80.0, 0.07)
SKU(5, 35.0, 0.16)
SKU(7, 52.0, 0.1)
SKU(7, 94.0, 0.05)
SKU(7, 49.0, 0.11)
SKU(6, 57.0, 0.09)
SKU(4, 37.0, 0.13)
SKU(6, 34.0, 0.16)
SKU(7, 84.0, 0.06)
SKU(9, 118.0, 0.04)
SKU(7, 37.0, 0.15)
SKU(11, 97.0, 0.06)
SKU(6, 73.0, 0.07)
SKU(3, 59.0, 0.05)
SKU(10, 47.0, 0.12)
SKU(4, 25.0, 0.16)
SKU(5, 83.0, 0.04)
SKU(5, 31.0, 0.14)
SKU(0, 16.0, 0.08)
SKU(0, 14.0, 0.12)

extremidades das matrizes:
S_hat: (-0.11290125676866597, 0.8005549885225174)
S_hat * P: (-0.10637662859398972, 0.6968858606679338)
W * S_hat: (-0.0717664064300906, 1.275241180726474)
W * S_hat * P: (0.0, 1.1109036719561867)
correlacao{S_hat, S_hat_hat} = 0.960131537057662

Posicao 1 (Corredor 1, Prateleira -1)
   SKU 1 -> 117
   SKU 2 -> 5
   SKU 7 -> 163

Posicao 2 (Corredor 1, Prateleira -2)
   SKU 8 -> 94
   SKU 15 -> 97
   SKU 30 -> 118

Posicao 3 (Corredor 1, Prateleira -3)
   SKU 12 -> 54
   SKU 25 -> 49
   SKU 26 -> 57

Posicao 11 (Corredor 1, Prateleira 1)
   SKU 1 -> 80
   SKU 2 -> 180

Posicao 12 (Corredor 1, Prateleira 2)
   SKU 5 -> 72
   SKU 24 -> 94
   SKU 32 -> 97

Posicao 13 (Corredor 1, Prateleira 3)
   SKU 9 -> 46
   SKU 17 -> 52
   SKU 20 -> 27

Posicao 21 (Corredor 2, Prateleira -1)
   SKU 5 -> 45
   SKU 6 -> 160
   SKU 7 -> 19

Posicao 22 (Corredor 2, Prateleira -2)
   SKU 3 -> 44
   SKU 21 -> 80
   SKU 29 -> 84

Posicao 23 (Corredor 2, Prateleira -3)
   SKU 13 -> 26
   SKU 22 -> 35
   SKU 27 -> 37

Posicao 31 (Corredor 2, Prateleira 1)
   SKU 2 -> 1
   SKU 4 -> 144
   SKU 8 -> 50

Posicao 32 (Corredor 2, Prateleira 2)
   SKU 3 -> 53
   SKU 23 -> 52
   SKU 37 -> 83

Posicao 33 (Corredor 2, Prateleira 3)
   SKU 16 -> 41
   SKU 19 -> 16
   SKU 36 -> 25

Posicao 41 (Corredor 3, Prateleira -1)
   SKU 11 -> 46
   SKU 33 -> 73
   SKU 35 -> 47

Posicao 42 (Corredor 3, Prateleira -2)
   SKU 18 -> 35
   SKU 34 -> 59
   SKU 38 -> 31

Posicao 51 (Corredor 3, Prateleira 1)
   SKU 14 -> 60
   SKU 28 -> 34
   SKU 31 -> 37

Posicao 52 (Corredor 3, Prateleira 2)
   SKU 10 -> 15

Posicao 59 (Corredor 3, Prateleira 9)
   SKU 40 -> 14

Posicao 99 (Corredor 5, Prateleira 9)
   SKU 39 -> 16

