Rota do Picker 1: [0, 1, 21, 12, 52, 13, 2, 22, 4, 10, 3, 11, 31, 51, 0]
Rota do Picker 2: [0, 1, 2, 22, 3, 11, 51, 33, 12, 32, 13, 31, 71, 41, 21, 10, 0]
Rota do Picker 3: [0, 11, 31, 51, 2, 1, 21, 41, 10, 3, 22, 13, 32, 12, 0]
Rota do Picker 4: [0, 1, 21, 41, 31, 14, 32, 52, 33, 13, 11, 71, 51, 22, 2, 3, 12, 0]
Rota do Picker 5: [0, 2, 3, 1, 21, 10, 4, 51, 12, 33, 13, 31, 71, 32, 11, 0]
Rota do Picker 6: [0, 12, 33, 11, 31, 51, 71, 32, 14, 3, 2, 41, 21, 1, 0]
Rota do Picker 7: [0, 1, 21, 2, 22, 4, 10, 3, 12, 32, 11, 31, 71, 51, 0]
Rota do Picker 8: [0, 12, 13, 41, 21, 1, 10, 22, 2, 52, 32, 14, 51, 31, 11, 0]
Rota do Picker 9: [0, 11, 51, 31, 2, 22, 14, 13, 33, 41, 21, 1, 32, 12, 0]
Rota do Picker 10: [0, 1, 41, 21, 11, 31, 13, 2, 10, 4, 52, 32, 12, 0]
Rota do Picker 11: [0, 12, 1, 21, 41, 2, 22, 11, 4, 0]
Rota do Picker 12: [0, 21, 1, 11, 31, 51, 71, 41, 13, 12, 52, 32, 3, 4, 2, 0]

Caso de teste: SLAPRP_Guo_small_O200_alpha0.4_v3.txt

Distancia Total: 670.0
Quantidade de Pickers: 12
