Rota do Picker 1: [0, 48, 26, 47, 45, 1, 28, 89, 2, 10, 27, 46, 9, 8, 3, 7, 29, 22, 49, 50, 83, 0]
Rota do Picker 2: [0, 49, 20, 87, 29, 60, 10, 1, 68, 89, 3, 2, 22, 40, 45, 50, 48, 9, 7, 76, 27, 28, 8, 46, 26, 37, 0]
Rota do Picker 3: [0, 10, 50, 20, 48, 29, 37, 45, 49, 9, 87, 27, 26, 3, 83, 28, 76, 1, 30, 69, 7, 40, 89, 8, 46, 0]
Rota do Picker 4: [0, 45, 8, 76, 2, 26, 9, 60, 21, 40, 46, 20, 48, 28, 30, 87, 27, 7, 22, 49, 3, 37, 10, 83, 13, 31, 29, 1, 0]
Rota do Picker 5: [0, 21, 1, 49, 30, 29, 87, 27, 28, 46, 3, 7, 37, 47, 10, 9, 83, 76, 45, 48, 8, 26, 2, 0]
Rota do Picker 6: [0, 1, 46, 89, 48, 87, 50, 49, 30, 29, 47, 7, 10, 9, 28, 8, 26, 27, 45, 21, 0]
Rota do Picker 7: [0, 11, 93, 20, 47, 37, 51, 55, 75, 74, 98, 28, 80, 94, 40, 39, 59, 32, 49, 18, 60, 96, 12, 22, 31, 30, 77, 50, 0]
Rota do Picker 8: [0, 2, 11, 74, 94, 18, 98, 28, 10, 1, 27, 46, 20, 60, 30, 39, 50, 12, 13, 93, 75, 55, 32, 0]
Rota do Picker 9: [0, 45, 8, 28, 26, 46, 9, 29, 48, 87, 30, 49, 27, 7, 69, 50, 10, 47, 0]
Rota do Picker 10: [0, 12, 55, 75, 39, 40, 28, 20, 32, 37, 94, 74, 11, 31, 49, 47, 59, 60, 96, 76, 51, 1, 98, 77, 18, 93, 13, 0]
Rota do Picker 11: [0, 45, 8, 9, 26, 46, 28, 89, 50, 49, 29, 27, 30, 48, 69, 10, 7, 87, 0]
Rota do Picker 12: [0, 21, 11, 75, 20, 47, 49, 27, 40, 28, 8, 50, 26, 1, 7, 87, 22, 48, 9, 76, 60, 46, 45, 51, 93, 30, 0]
Rota do Picker 13: [0, 48, 46, 10, 21, 49, 89, 50, 69, 87, 7, 27, 9, 29, 45, 26, 8, 28, 30, 0]

Caso de teste: SLAPRP_Guo_small_O200_alpha0.2_v7.txt

Distancia Total: 2832.0
Quantidade de Pickers: 13
