Rota do Picker 1: [0, 5, 1, 41, 61, 23, 25, 21, 43, 83, 44, 26, 4, 63, 7, 65, 82, 81, 6, 46, 24, 45, 0]
Rota do Picker 2: [0, 1, 21, 41, 61, 23, 43, 81, 65, 83, 64, 82, 63, 44, 4, 24, 25, 0]
Rota do Picker 3: [0, 1, 21, 7, 63, 82, 83, 64, 27, 65, 81, 25, 26, 46, 44, 41, 43, 6, 23, 24, 4, 61, 8, 0]
Rota do Picker 4: [0, 21, 23, 44, 75, 1, 41, 61, 81, 0]
Rota do Picker 5: [0, 1, 81, 31, 17, 93, 75, 0]
Rota do Picker 6: [0, 7, 24, 81, 61, 21, 41, 23, 43, 83, 26, 1, 46, 4, 82, 27, 64, 25, 63, 45, 8, 44, 6, 0]
Rota do Picker 7: [0, 1, 61, 63, 75, 0]
Rota do Picker 8: [0, 45, 63, 23, 21, 27, 62, 42, 61, 41, 1, 81, 46, 25, 83, 43, 6, 24, 65, 44, 26, 82, 4, 64, 0]
Rota do Picker 9: [0, 65, 26, 81, 61, 27, 44, 23, 41, 1, 83, 45, 6, 24, 21, 82, 4, 8, 64, 43, 25, 7, 63, 0]
Rota do Picker 10: [0, 1, 41, 61, 3, 43, 45, 44, 6, 65, 83, 46, 82, 21, 24, 81, 23, 63, 0]
Rota do Picker 11: [0, 1, 41, 61, 23, 43, 82, 64, 4, 63, 6, 83, 21, 24, 27, 44, 45, 26, 0]
Rota do Picker 12: [0, 21, 61, 6, 46, 7, 25, 4, 41, 44, 8, 65, 81, 82, 45, 26, 83, 43, 27, 64, 24, 23, 1, 0]
Rota do Picker 13: [0, 27, 61, 1, 23, 64, 21, 41, 24, 6, 43, 75, 45, 7, 4, 81, 63, 8, 82, 44, 46, 26, 25, 65, 0]
Rota do Picker 14: [0, 1, 21, 41, 61, 81, 43, 23, 24, 83, 0]

Caso de teste: SLAPRP_Guo_small_O200_alpha0.2_v6.txt

Distancia Total: 1640.0
Quantidade de Pickers: 14
