Rota do Picker 1: [0, 1, 27, 10, 9, 46, 26, 17, 57, 97, 55, 59, 96, 36, 87, 28, 48, 65, 22, 20, 60, 18, 40, 85, 45, 8, 50, 31, 0]
Rota do Picker 2: [0, 18, 65, 3, 47, 27, 11, 31, 94, 13, 87, 7, 10, 9, 40, 20, 55, 45, 48, 28, 8, 30, 46, 26, 1, 0]
Rota do Picker 3: [0, 18, 32, 55, 13, 7, 27, 26, 46, 85, 59, 60, 40, 41, 30, 3, 8, 9, 47, 87, 10, 45, 22, 0]
Rota do Picker 4: [0, 18, 33, 55, 96, 94, 74, 17, 57, 20, 13, 30, 10, 32, 12, 0]
Rota do Picker 5: [0, 11, 31, 13, 52, 74, 55, 60, 20, 18, 59, 89, 9, 46, 26, 1, 41, 7, 27, 57, 97, 2, 42, 10, 45, 3, 8, 28, 48, 33, 32, 22, 0]
Rota do Picker 6: [0, 23, 27, 87, 45, 8, 21, 0]
Rota do Picker 7: [0, 1, 2, 77, 57, 52, 32, 17, 21, 22, 42, 8, 48, 30, 50, 10, 7, 27, 85, 46, 26, 36, 11, 12, 45, 28, 55, 74, 51, 31, 0]

Caso de teste: SLAPRP_Guo_small_O100_alpha0.4_v3.txt

Distancia Total: 1138.0
Quantidade de Pickers: 7
