Rota do Picker 1: [0, 26, 46, 74, 27, 10, 45, 7, 47, 9, 28, 48, 50, 30, 4, 0]
Rota do Picker 2: [0, 30, 22, 87, 4, 64, 45, 13, 42, 3, 83, 41, 1, 60, 27, 10, 50, 20, 26, 9, 74, 37, 21, 46, 28, 40, 0]
Rota do Picker 3: [0, 22, 45, 27, 9, 60, 33, 2, 40, 74, 46, 26, 1, 28, 87, 13, 47, 7, 21, 30, 14, 65, 42, 12, 64, 4, 41, 0]
Rota do Picker 4: [0, 26, 45, 74, 37, 0]
Rota do Picker 5: [0, 30, 50, 74, 83, 3, 28, 2, 7, 47, 45, 10, 9, 27, 46, 26, 21, 42, 22, 1, 0]
Rota do Picker 6: [0, 2, 42, 27, 4, 60, 50, 3, 83, 10, 30, 14, 1, 7, 87, 74, 45, 28, 9, 46, 26, 22, 0]
Rota do Picker 7: [0, 26, 9, 28, 45, 74, 64, 83, 3, 27, 87, 10, 30, 13, 7, 47, 48, 46, 21, 0]
Rota do Picker 8: [0, 65, 9, 76, 60, 52, 30, 78, 40, 14, 64, 11, 51, 12, 55, 21, 45, 71, 75, 57, 97, 87, 77, 93, 33, 13, 26, 74, 37, 1, 41, 42, 20, 27, 22, 0]
Rota do Picker 9: [0, 12, 22, 33, 55, 51, 77, 74, 13, 76, 75, 32, 97, 39, 7, 41, 20, 37, 94, 93, 40, 57, 14, 11, 1, 78, 0]
Rota do Picker 10: [0, 87, 42, 10, 20, 9, 60, 22, 27, 65, 1, 26, 46, 45, 74, 37, 21, 28, 40, 0]
Rota do Picker 11: [0, 14, 94, 76, 78, 74, 20, 37, 51, 59, 97, 12, 60, 40, 33, 21, 77, 57, 55, 13, 39, 18, 93, 11, 0]
Rota do Picker 12: [0, 33, 2, 1, 46, 10, 65, 30, 74, 37, 26, 40, 28, 9, 47, 7, 42, 41, 45, 27, 21, 4, 0]
Rota do Picker 13: [0, 45, 46, 40, 4, 64, 1, 21, 28, 10, 74, 30, 9, 27, 26, 42, 3, 0]

Caso de teste: SLAPRP_Guo_small_O200_alpha0.2_v7.txt

Distancia Total: 2614.0
Quantidade de Pickers: 13
