Rota do Picker 1: [0, 26, 46, 20, 21, 89, 10, 50, 19, 30, 87, 2, 32, 8, 76, 27, 9, 69, 36, 60, 67, 47, 1, 40, 45, 7, 0]
Rota do Picker 2: [0, 36, 45, 89, 9, 8, 46, 26, 3, 83, 7, 27, 87, 40, 30, 48, 10, 19, 60, 85, 21, 70, 20, 1, 50, 0]
Rota do Picker 3: [0, 7, 26, 46, 45, 70, 30, 1, 85, 8, 47, 50, 10, 83, 2, 67, 48, 9, 65, 87, 27, 0]
Rota do Picker 4: [0, 67, 70, 26, 89, 50, 10, 45, 46, 30, 48, 8, 47, 9, 87, 27, 7, 0]
Rota do Picker 5: [0, 45, 65, 8, 9, 10, 60, 7, 47, 87, 96, 1, 26, 89, 76, 85, 48, 20, 27, 30, 40, 36, 46, 21, 0]
Rota do Picker 6: [0, 7, 46, 45, 65, 36, 96, 60, 27, 40, 26, 12, 74, 18, 94, 76, 31, 19, 59, 37, 98, 20, 93, 39, 75, 55, 11, 0]

Caso de teste: SLAPRP_Guo_small_O100_alpha0.3_v9.txt

Distancia Total: 1410.0
Quantidade de Pickers: 6
