Rota do Picker 1: [0, 40, 20, 41, 21, 64, 65, 89, 9, 48, 8, 10, 67, 27, 47, 30, 50, 45, 46, 26, 7, 2, 83, 0]
Rota do Picker 2: [0, 96, 7, 2, 45, 8, 9, 30, 50, 47, 67, 48, 69, 87, 27, 26, 46, 20, 40, 21, 0]
Rota do Picker 3: [0, 8, 27, 7, 87, 9, 21, 2, 26, 30, 50, 10, 48, 46, 47, 20, 40, 64, 22, 45, 41, 0]
Rota do Picker 4: [0, 2, 27, 67, 89, 45, 22, 7, 10, 50, 9, 68, 48, 8, 46, 26, 21, 0]
Rota do Picker 5: [0, 1, 7, 27, 87, 45, 65, 47, 30, 50, 69, 9, 48, 8, 46, 26, 21, 0]
Rota do Picker 6: [0, 7, 27, 47, 67, 21, 45, 9, 46, 26, 10, 30, 48, 68, 40, 20, 8, 3, 2, 22, 1, 0]
Rota do Picker 7: [0, 1, 7, 8, 9, 69, 48, 10, 45, 2, 22, 12, 75, 98, 76, 51, 77, 39, 20, 18, 93, 59, 57, 37, 55, 31, 41, 67, 47, 27, 30, 46, 26, 0]
Rota do Picker 8: [0, 64, 45, 68, 89, 22, 2, 1, 8, 48, 9, 69, 87, 27, 7, 93, 96, 18, 55, 12, 20, 36, 10, 46, 26, 83, 3, 21, 0]
Rota do Picker 9: [0, 64, 46, 45, 65, 10, 30, 50, 48, 8, 26, 1, 7, 27, 87, 47, 67, 9, 2, 3, 83, 20, 60, 59, 36, 12, 51, 0]
Rota do Picker 10: [0, 65, 45, 69, 9, 67, 7, 26, 46, 8, 68, 27, 87, 2, 22, 1, 0]
Rota do Picker 11: [0, 26, 41, 9, 69, 50, 30, 45, 87, 47, 27, 7, 67, 46, 48, 8, 22, 21, 0]
Rota do Picker 12: [0, 26, 1, 27, 87, 7, 8, 64, 2, 22, 47, 3, 83, 68, 65, 12, 0]

Caso de teste: SLAPRP_Guo_small_O200_alpha0.3_v4.txt

Distancia Total: 1610.0
Quantidade de Pickers: 12
