Rota do Picker 1: [0, 76, 83, 45, 89, 49, 67, 7, 27, 50, 30, 10, 47, 9, 48, 8, 46, 26, 21, 1, 0]
Rota do Picker 2: [0, 22, 26, 46, 10, 45, 8, 48, 9, 89, 67, 7, 27, 87, 69, 30, 36, 76, 0]
Rota do Picker 3: [0, 11, 47, 3, 8, 49, 46, 12, 37, 36, 2, 22, 65, 45, 69, 9, 87, 27, 7, 1, 50, 30, 0]
Rota do Picker 4: [0, 2, 27, 47, 7, 26, 46, 45, 10, 30, 1, 32, 20, 39, 59, 75, 12, 74, 21, 55, 98, 18, 76, 36, 40, 48, 8, 22, 11, 0]
Rota do Picker 5: [0, 11, 18, 98, 93, 75, 7, 2, 12, 55, 20, 39, 59, 74, 94, 37, 47, 30, 32, 96, 60, 40, 13, 77, 57, 51, 0]
Rota do Picker 6: [0, 21, 1, 8, 45, 27, 46, 26, 9, 50, 30, 7, 67, 87, 96, 57, 32, 22, 3, 11, 39, 59, 98, 76, 74, 20, 75, 36, 13, 93, 37, 18, 55, 51, 0]
Rota do Picker 7: [0, 21, 26, 7, 9, 10, 87, 47, 27, 8, 45, 2, 46, 65, 40, 20, 59, 77, 57, 36, 13, 18, 0]
Rota do Picker 8: [0, 18, 37, 45, 67, 9, 69, 48, 2, 3, 83, 46, 26, 27, 47, 87, 30, 10, 8, 7, 98, 20, 36, 11, 21, 0]
Rota do Picker 9: [0, 8, 26, 46, 27, 87, 45, 20, 40, 48, 49, 9, 69, 50, 10, 47, 7, 2, 0]
Rota do Picker 10: [0, 26, 45, 8, 9, 46, 7, 27, 47, 30, 50, 10, 83, 3, 69, 49, 48, 1, 0]
Rota do Picker 11: [0, 26, 2, 10, 30, 69, 46, 27, 67, 7, 3, 45, 1, 8, 9, 47, 65, 36, 0]

Caso de teste: SLAPRP_Guo_small_O200_alpha0.4_v9.txt

Distancia Total: 1662.0
Quantidade de Pickers: 11
