SKUs: 40
Pedidos: 103

Primeiro pedido:
Order(1, [8, 12])

Ultimo pedido:
Order(103, [1, 4, 5, 6, 7, 8, 19, 20])

Location(1, 1, -1, 20)
Location(2, 1, -2, 20)
Location(3, 1, -3, 20)
Location(4, 1, -4, 20)
Location(5, 1, -5, 20)
Location(6, 1, -6, 20)
Location(7, 1, -7, 20)
Location(8, 1, -8, 20)
Location(9, 1, -9, 20)
Location(10, 1, -10, 40)
Location(11, 1, 1, 20)
Location(12, 1, 2, 20)
Location(13, 1, 3, 20)
Location(14, 1, 4, 20)
Location(15, 1, 5, 20)
Location(16, 1, 6, 20)
Location(17, 1, 7, 20)
Location(18, 1, 8, 20)
Location(19, 1, 9, 20)
Location(20, 1, 10, 40)
Location(21, 2, -1, 20)
Location(22, 2, -2, 20)
Location(23, 2, -3, 20)
Location(24, 2, -4, 20)
Location(25, 2, -5, 20)
Location(26, 2, -6, 20)
Location(27, 2, -7, 20)
Location(28, 2, -8, 20)
Location(29, 2, -9, 20)
Location(30, 2, -10, 40)
Location(31, 2, 1, 20)
Location(32, 2, 2, 20)
Location(33, 2, 3, 20)
Location(34, 2, 4, 20)
Location(35, 2, 5, 20)
Location(36, 2, 6, 20)
Location(37, 2, 7, 20)
Location(38, 2, 8, 20)
Location(39, 2, 9, 20)
Location(40, 2, 10, 40)
Location(41, 3, -1, 20)
Location(42, 3, -2, 20)
Location(43, 3, -3, 20)
Location(44, 3, -4, 20)
Location(45, 3, -5, 20)
Location(46, 3, -6, 20)
Location(47, 3, -7, 20)
Location(48, 3, -8, 20)
Location(49, 3, -9, 20)
Location(50, 3, -10, 40)
Location(51, 3, 1, 20)
Location(52, 3, 2, 20)
Location(53, 3, 3, 20)
Location(54, 3, 4, 20)
Location(55, 3, 5, 20)
Location(56, 3, 6, 20)
Location(57, 3, 7, 20)
Location(58, 3, 8, 20)
Location(59, 3, 9, 20)
Location(60, 3, 10, 40)
Location(61, 4, -1, 20)
Location(62, 4, -2, 20)
Location(63, 4, -3, 20)
Location(64, 4, -4, 20)
Location(65, 4, -5, 20)
Location(66, 4, -6, 20)
Location(67, 4, -7, 20)
Location(68, 4, -8, 20)
Location(69, 4, -9, 20)
Location(70, 4, -10, 40)
Location(71, 4, 1, 20)
Location(72, 4, 2, 20)
Location(73, 4, 3, 20)
Location(74, 4, 4, 20)
Location(75, 4, 5, 20)
Location(76, 4, 6, 20)
Location(77, 4, 7, 20)
Location(78, 4, 8, 20)
Location(79, 4, 9, 20)
Location(80, 4, 10, 40)
Location(81, 5, -1, 20)
Location(82, 5, -2, 20)
Location(83, 5, -3, 20)
Location(84, 5, -4, 20)
Location(85, 5, -5, 20)
Location(86, 5, -6, 20)
Location(87, 5, -7, 20)
Location(88, 5, -8, 20)
Location(89, 5, -9, 20)
Location(90, 5, -10, 40)
Location(91, 5, 1, 20)
Location(92, 5, 2, 20)
Location(93, 5, 3, 20)
Location(94, 5, 4, 20)
Location(95, 5, 5, 20)
Location(96, 5, 6, 20)
Location(97, 5, 7, 20)
Location(98, 5, 8, 20)
Location(99, 5, 9, 20)
Location(100, 5, 10, 40)

Frequencias: [40, 46, 44, 45, 40, 52, 52, 47, 1, 14, 2, 13, 5, 13, 1, 4, 6, 10, 16, 9, 7, 7, 4, 5, 3, 5, 16, 11, 4, 6, 9, 3, 4, 9, 4, 8, 1, 5, 0, 0]

Matriz de coocorrencia: 
40×40 Matrix{Int64}:
  0  17  23  18  16  16  21  14  0   2  2  8  3   6  1  3  1  2   8  6  3  4  3  1  2  1  8  1  2  2  3  2  0  5  3  2  1  1  0  0
 17   0  25  27  19  27  28  25  0   6  1  7  3   7  0  2  2  5   3  3  2  4  2  2  1  2  9  4  4  2  4  1  1  4  2  3  0  1  0  0
 23  25   0  26  18  18  21  19  0   5  1  9  2   7  0  3  3  3   5  5  3  5  3  3  1  3  5  4  1  2  5  3  0  5  1  2  0  2  0  0
 18  27  26   0  17  28  26  22  1   5  0  5  0  11  0  0  4  4   6  4  4  1  2  3  2  4  5  2  2  2  7  2  4  4  1  3  0  1  0  0
 16  19  18  17   0  18  27  17  0  10  0  5  2   4  1  2  3  3   5  5  3  2  0  2  1  3  4  4  3  0  2  1  1  4  3  4  0  2  0  0
 16  27  18  28  18   0  31  27  1   7  0  4  2  10  0  1  5  3  12  6  4  5  1  2  1  4  6  5  2  4  4  1  2  3  2  5  1  1  0  0
 21  28  21  26  27  31   0  22  1   9  1  7  1   7  1  2  3  7   5  5  5  4  1  1  1  4  8  3  2  4  6  1  2  3  2  3  1  2  0  0
 14  25  19  22  17  27  22   0  1   8  0  7  2   6  0  1  2  4   7  4  3  4  2  4  3  3  7  3  2  2  5  3  3  4  3  4  0  3  0  0
  0   0   0   1   0   1   1   1  0   0  0  0  0   1  0  0  0  0   0  0  0  0  0  0  1  1  0  0  0  0  0  0  0  0  0  0  0  0  0  0
  2   6   5   5  10   7   9   8  0   0  0  0  0   3  0  1  0  1   0  1  0  1  1  1  0  0  0  0  0  1  0  1  0  0  0  2  0  0  0  0
  2   1   1   0   0   0   1   0  0   0  0  2  1   0  0  1  0  0   0  0  0  0  1  0  0  0  0  0  0  0  0  0  0  0  0  0  0  1  0  0
  8   7   9   5   5   4   7   7  0   0  2  0  2   1  0  1  1  0   0  0  0  0  1  0  0  1  1  0  0  0  1  0  0  0  0  2  0  1  0  0
  3   3   2   0   2   2   1   2  0   0  1  2  0   0  0  1  0  0   1  0  0  0  1  0  0  0  2  0  0  0  0  0  0  0  1  1  0  0  0  0
  6   7   7  11   4  10   7   6  1   3  0  1  0   0  0  0  1  1   0  1  1  0  1  1  2  1  1  0  1  0  1  1  0  0  0  0  0  0  0  0
  1   0   0   0   1   0   1   0  0   0  0  0  0   0  0  1  0  0   1  0  0  0  0  0  0  0  0  0  0  0  0  0  0  0  1  0  0  0  0  0
  3   2   3   0   2   1   2   1  0   1  1  1  1   0  1  0  0  0   1  0  0  1  1  0  0  0  0  1  0  0  0  0  0  0  1  0  0  0  0  0
  1   2   3   4   3   5   3   2  0   0  0  1  0   1  0  0  0  2   1  2  1  1  0  0  0  0  0  0  0  0  0  0  2  0  0  1  0  0  0  0
  2   5   3   4   3   3   7   4  0   1  0  0  0   1  0  0  2  0   1  0  3  1  0  0  0  0  0  0  0  0  1  1  1  0  0  1  0  1  0  0
  8   3   5   6   5  12   5   7  0   0  0  0  1   0  1  1  1  1   0  1  1  2  1  1  0  0  0  2  0  1  0  1  1  0  1  1  0  2  0  0
  6   3   5   4   5   6   5   4  0   1  0  0  0   1  0  0  2  0   1  0  2  2  1  1  1  0  0  0  0  1  0  0  0  0  1  1  1  0  0  0
  3   2   3   4   3   4   5   3  0   0  0  0  0   1  0  0  1  3   1  2  0  1  0  0  0  0  0  0  0  0  0  0  1  1  0  1  1  1  0  0
  4   4   5   1   2   5   4   4  0   1  0  0  0   0  0  1  1  1   2  2  1  0  0  0  0  0  0  1  0  0  0  0  0  1  0  0  0  0  0  0
  3   2   3   2   0   1   1   2  0   1  1  1  1   1  0  1  0  0   1  1  0  0  0  0  1  0  1  1  0  1  0  0  0  0  0  0  0  0  0  0
  1   2   3   3   2   2   1   4  0   1  0  0  0   1  0  0  0  0   1  1  0  0  0  0  0  0  0  1  0  0  0  0  0  0  1  1  0  1  0  0
  2   1   1   2   1   1   1   3  1   0  0  0  0   2  0  0  0  0   0  1  0  0  1  0  0  1  1  0  0  0  0  0  0  0  0  0  0  0  0  0
  1   2   3   4   3   4   4   3  1   0  0  1  0   1  0  0  0  0   0  0  0  0  0  0  1  0  1  0  0  0  1  0  0  1  0  0  0  0  0  0
  8   9   5   5   4   6   8   7  0   0  0  1  2   1  0  0  0  0   0  0  0  0  1  0  1  1  0  0  2  1  0  0  0  1  2  1  0  0  0  0
  1   4   4   2   4   5   3   3  0   0  0  0  0   0  0  1  0  0   2  0  0  1  1  1  0  0  0  0  1  0  0  0  0  1  0  0  0  0  0  0
  2   4   1   2   3   2   2   2  0   0  0  0  0   1  0  0  0  0   0  0  0  0  0  0  0  0  2  1  0  0  0  0  0  1  0  0  0  0  0  0
  2   2   2   2   0   4   4   2  0   1  0  0  0   0  0  0  0  0   1  1  0  0  1  0  0  0  1  0  0  0  1  0  1  2  0  0  0  0  0  0
  3   4   5   7   2   4   6   5  0   0  0  1  0   1  0  0  0  1   0  0  0  0  0  0  0  1  0  0  0  1  0  1  2  0  0  0  0  0  0  0
  2   1   3   2   1   1   1   3  0   1  0  0  0   1  0  0  0  1   1  0  0  0  0  0  0  0  0  0  0  0  1  0  0  0  0  0  0  0  0  0
  0   1   0   4   1   2   2   3  0   0  0  0  0   0  0  0  2  1   1  0  1  0  0  0  0  0  0  0  0  1  2  0  0  0  0  0  0  0  0  0
  5   4   5   4   4   3   3   4  0   0  0  0  0   0  0  0  0  0   0  0  1  1  0  0  0  1  1  1  1  2  0  0  0  0  0  0  0  1  0  0
  3   2   1   1   3   2   2   3  0   0  0  0  1   0  1  1  0  0   1  1  0  0  0  1  0  0  2  0  0  0  0  0  0  0  0  0  0  0  0  0
  2   3   2   3   4   5   3   4  0   2  0  2  1   0  0  0  1  1   1  1  1  0  0  1  0  0  1  0  0  0  0  0  0  0  0  0  1  1  0  0
  1   0   0   0   0   1   1   0  0   0  0  0  0   0  0  0  0  0   0  1  1  0  0  0  0  0  0  0  0  0  0  0  0  0  0  1  0  0  0  0
  1   1   2   1   2   1   2   3  0   0  1  1  0   0  0  0  0  1   2  0  1  0  0  1  0  0  0  0  0  0  0  0  0  1  0  1  0  0  0  0
  0   0   0   0   0   0   0   0  0   0  0  0  0   0  0  0  0  0   0  0  0  0  0  0  0  0  0  0  0  0  0  0  0  0  0  0  0  0  0  0
  0   0   0   0   0   0   0   0  0   0  0  0  0   0  0  0  0  0   0  0  0  0  0  0  0  0  0  0  0  0  0  0  0  0  0  0  0  0  0  0
SKU(40, 177.0, 0.07)
SKU(46, 155.0, 0.08)
SKU(44, 91.0, 0.21)
SKU(45, 139.0, 0.1)
SKU(40, 106.0, 0.13)
SKU(52, 174.0, 0.08)
SKU(52, 187.0, 0.07)
SKU(47, 131.0, 0.11)
SKU(1, 23.0, 0.09)
SKU(14, 40.0, 0.21)
SKU(2, 30.0, 0.11)
SKU(13, 63.0, 0.12)
SKU(5, 33.0, 0.19)
SKU(13, 84.0, 0.07)
SKU(1, 39.0, 0.05)
SKU(4, 41.0, 0.09)
SKU(6, 62.0, 0.08)
SKU(10, 39.0, 0.12)
SKU(16, 47.0, 0.26)
SKU(9, 36.0, 0.17)
SKU(7, 71.0, 0.07)
SKU(7, 33.0, 0.16)
SKU(4, 48.0, 0.1)
SKU(5, 73.0, 0.05)
SKU(3, 34.0, 0.11)
SKU(5, 47.0, 0.09)
SKU(16, 69.0, 0.13)
SKU(11, 43.0, 0.16)
SKU(4, 56.0, 0.06)
SKU(6, 93.0, 0.04)
SKU(9, 43.0, 0.15)
SKU(3, 53.0, 0.06)
SKU(4, 51.0, 0.07)
SKU(9, 90.0, 0.05)
SKU(4, 28.0, 0.12)
SKU(8, 37.0, 0.16)
SKU(1, 40.0, 0.04)
SKU(5, 29.0, 0.14)
SKU(0, 15.0, 0.08)
SKU(0, 12.0, 0.12)

extremidades das matrizes:
S_hat: (-0.12431262181832464, 0.8086714532180646)
S_hat * P: (-0.12212236148220781, 0.7944234952632714)
W * S_hat: (0.0, 1.2902567357475259)
W * S_hat * P: (0.0, 1.2675237412184581)
correlacao{S_hat, S_hat_hat} = 0.9857541028740296

Posicao 1 (Corredor 1, Prateleira -1)
   SKU 1 -> 5
   SKU 6 -> 82
   SKU 7 -> 187

Posicao 2 (Corredor 1, Prateleira -2)
   SKU 3 -> 29
   SKU 5 -> 106
   SKU 8 -> 1

Posicao 3 (Corredor 1, Prateleira -3)
   SKU 19 -> 47
   SKU 24 -> 73
   SKU 29 -> 56

Posicao 11 (Corredor 1, Prateleira 1)
   SKU 1 -> 8
   SKU 2 -> 151
   SKU 6 -> 92

Posicao 12 (Corredor 1, Prateleira 2)
   SKU 3 -> 62
   SKU 14 -> 84
   SKU 34 -> 22

Posicao 13 (Corredor 1, Prateleira 3)
   SKU 22 -> 33
   SKU 23 -> 48
   SKU 28 -> 43

Posicao 21 (Corredor 2, Prateleira -1)
   SKU 1 -> 164
   SKU 2 -> 4
   SKU 4 -> 82

Posicao 22 (Corredor 2, Prateleira -2)
   SKU 12 -> 63
   SKU 27 -> 69
   SKU 34 -> 68

Posicao 23 (Corredor 2, Prateleira -3)
   SKU 16 -> 41
   SKU 32 -> 53
   SKU 33 -> 51

Posicao 31 (Corredor 2, Prateleira 1)
   SKU 4 -> 57
   SKU 8 -> 130

Posicao 32 (Corredor 2, Prateleira 2)
   SKU 10 -> 40
   SKU 21 -> 71
   SKU 30 -> 93

Posicao 33 (Corredor 2, Prateleira 3)
   SKU 11 -> 30
   SKU 25 -> 34
   SKU 37 -> 40

Posicao 41 (Corredor 3, Prateleira -1)
   SKU 17 -> 62
   SKU 20 -> 36
   SKU 31 -> 43

Posicao 42 (Corredor 3, Prateleira -2)
   SKU 13 -> 33
   SKU 35 -> 28
   SKU 38 -> 29

Posicao 51 (Corredor 3, Prateleira 1)
   SKU 18 -> 39
   SKU 26 -> 47
   SKU 36 -> 37

Posicao 52 (Corredor 3, Prateleira 2)
   SKU 9 -> 23
   SKU 15 -> 39

Posicao 100 (Corredor 5, Prateleira 10)
   SKU 39 -> 15
   SKU 40 -> 12

