Rota do Picker 1: [0, 62, 64, 42, 82, 16, 5, 25, 33, 85, 54, 14, 61, 21, 44, 23, 36, 43, 83, 17, 4, 24, 53, 3, 15, 47, 27, 72, 32, 13, 1, 73, 0]
Rota do Picker 2: [0, 1, 21, 61, 23, 43, 54, 65, 45, 25, 66, 83, 81, 73, 53, 35, 64, 74, 26, 3, 72, 92, 85, 24, 44, 84, 15, 4, 63, 5, 55, 0]
Rota do Picker 3: [0, 85, 17, 26, 6, 5, 23, 64, 44, 24, 4, 21, 1, 53, 66, 9, 3, 61, 7, 43, 46, 81, 63, 42, 45, 27, 16, 25, 0]
Rota do Picker 4: [0, 44, 21, 64, 24, 4, 61, 1, 5, 6, 46, 3, 36, 54, 55, 66, 84, 43, 41, 16, 65, 7, 53, 85, 45, 23, 74, 25, 8, 81, 0]
Rota do Picker 5: [0, 63, 6, 21, 1, 61, 81, 8, 4, 64, 65, 85, 47, 53, 42, 3, 22, 5, 25, 26, 23, 44, 7, 43, 46, 27, 24, 0]
Rota do Picker 6: [0, 55, 8, 5, 46, 63, 74, 14, 1, 21, 24, 44, 64, 3, 7, 16, 4, 23, 83, 15, 61, 6, 26, 43, 65, 81, 0]
Rota do Picker 7: [0, 73, 53, 5, 1, 31, 51, 16, 54, 7, 65, 91, 17, 6, 15, 14, 43, 61, 21, 47, 36, 23, 44, 24, 3, 52, 27, 42, 46, 33, 81, 71, 34, 4, 0]
Rota do Picker 8: [0, 53, 17, 6, 44, 24, 36, 63, 61, 21, 5, 4, 15, 7, 35, 16, 8, 46, 34, 74, 73, 81, 83, 43, 14, 23, 3, 1, 33, 0]
Rota do Picker 9: [0, 15, 8, 24, 4, 26, 23, 81, 61, 1, 21, 5, 25, 7, 35, 63, 84, 64, 44, 3, 6, 73, 55, 74, 85, 0]
Rota do Picker 10: [0, 16, 72, 84, 64, 15, 6, 44, 24, 54, 73, 51, 71, 46, 83, 53, 26, 81, 63, 14, 21, 55, 35, 5, 43, 23, 4, 61, 1, 3, 0]
Rota do Picker 11: [0, 1, 21, 3, 33, 53, 61, 13, 52, 92, 23, 43, 93, 17, 63, 62, 72, 32, 66, 4, 54, 36, 81, 16, 35, 15, 14, 34, 74, 24, 0]
Rota do Picker 12: [0, 1, 23, 43, 6, 45, 64, 8, 3, 46, 66, 54, 47, 17, 65, 85, 25, 21, 61, 4, 24, 44, 5, 26, 0]

Caso de teste: SLAPRP_Guo_small_O200_alpha0.2_v2.txt

Distancia Total: 2740.0
Quantidade de Pickers: 12
