Rota do Picker 1: [0, 23, 3, 41, 52, 13, 46, 26, 89, 14, 71, 4, 30, 20, 42, 62, 11, 1, 10, 33, 93, 8, 97, 43, 47, 27, 21, 40, 45, 9, 7, 2, 0]
Rota do Picker 2: [0, 11, 71, 52, 93, 33, 13, 2, 21, 1, 32, 55, 18, 39, 3, 62, 10, 77, 8, 47, 14, 40, 60, 94, 41, 96, 51, 37, 50, 97, 30, 46, 45, 20, 0]
Rota do Picker 3: [0, 11, 96, 93, 97, 40, 32, 21, 77, 39, 18, 37, 55, 2, 52, 20, 13, 41, 33, 60, 72, 78, 0]
Rota do Picker 4: [0, 21, 2, 7, 27, 9, 97, 1, 8, 28, 45, 50, 11, 41, 47, 43, 3, 10, 46, 26, 30, 0]
Rota do Picker 5: [0, 2, 11, 37, 77, 27, 47, 0]
Rota do Picker 6: [0, 3, 2, 7, 8, 9, 27, 45, 50, 28, 26, 30, 62, 10, 46, 47, 42, 61, 21, 0]
Rota do Picker 7: [0, 21, 41, 26, 46, 13, 93, 78, 0]
Rota do Picker 8: [0, 2, 7, 46, 27, 23, 14, 39, 40, 4, 55, 50, 20, 43, 47, 30, 45, 52, 32, 13, 10, 9, 72, 93, 33, 1, 42, 26, 60, 3, 8, 41, 21, 62, 0]
Rota do Picker 9: [0, 30, 45, 3, 11, 2, 47, 4, 42, 22, 50, 62, 26, 61, 21, 7, 43, 1, 41, 8, 46, 27, 23, 0]
Rota do Picker 10: [0, 61, 45, 46, 26, 3, 62, 60, 47, 1, 7, 4, 21, 42, 28, 30, 43, 11, 23, 40, 93, 33, 27, 10, 9, 8, 2, 41, 0]
Rota do Picker 11: [0, 50, 61, 1, 11, 30, 7, 97, 27, 28, 3, 43, 21, 41, 4, 8, 9, 10, 45, 2, 26, 46, 47, 62, 0]
Rota do Picker 12: [0, 11, 55, 14, 46, 23, 1, 2, 13, 93, 18, 50, 26, 47, 40, 78, 37, 10, 30, 39, 60, 20, 27, 9, 8, 41, 21, 0]
Rota do Picker 13: [0, 72, 18, 75, 55, 11, 40, 96, 13, 8, 2, 61, 76, 21, 10, 60, 71, 20, 33, 41, 4, 39, 77, 37, 14, 78, 47, 0]
Rota do Picker 14: [0, 1, 21, 2, 7, 27, 47, 9, 45, 4, 30, 62, 42, 11, 8, 50, 41, 46, 10, 0]

Caso de teste: SLAPRP_Guo_small_O200_alpha0.4_v4.txt

Distancia Total: 2858.0
Quantidade de Pickers: 14
