Rota do Picker 1: [0, 1, 0]
Rota do Picker 2: [0, 1, 21, 41, 81, 23, 63, 83, 43, 25, 8, 62, 82, 64, 7, 5, 61, 0]
Rota do Picker 3: [0, 41, 61, 23, 43, 83, 5, 21, 81, 44, 64, 6, 45, 25, 46, 24, 1, 0]
Rota do Picker 4: [0, 27, 64, 82, 62, 24, 43, 63, 25, 65, 46, 7, 5, 23, 61, 41, 21, 1, 0]
Rota do Picker 5: [0, 42, 82, 62, 46, 26, 63, 83, 24, 44, 27, 45, 25, 5, 43, 23, 61, 41, 21, 1, 0]
Rota do Picker 6: [0, 41, 61, 81, 24, 44, 27, 45, 5, 43, 82, 62, 65, 8, 26, 7, 6, 63, 23, 21, 1, 0]
Rota do Picker 7: [0, 1, 41, 61, 21, 83, 24, 25, 45, 65, 5, 23, 81, 62, 0]

Caso de teste: SLAPRP_Guo_small_O100_alpha0.4_v6.txt

Distancia Total: 494.0
Quantidade de Pickers: 7
