Rota do Picker 1: [0, 20, 46, 30, 8, 45, 7, 47, 87, 26, 10, 68, 50, 69, 9, 27, 0]
Rota do Picker 2: [0, 12, 18, 98, 51, 87, 27, 8, 46, 26, 3, 2, 64, 9, 10, 50, 30, 67, 47, 7, 45, 84, 37, 40, 60, 74, 11, 1, 0]
Rota do Picker 3: [0, 45, 26, 46, 27, 47, 87, 67, 8, 64, 69, 9, 7, 1, 0]
Rota do Picker 4: [0, 18, 93, 76, 77, 98, 13, 55, 75, 39, 59, 60, 20, 12, 32, 74, 94, 19, 40, 57, 36, 11, 1, 21, 69, 7, 68, 26, 46, 8, 9, 10, 27, 67, 45, 41, 0]
Rota do Picker 5: [0, 41, 3, 64, 84, 10, 12, 51, 55, 75, 57, 39, 20, 18, 11, 76, 32, 22, 67, 87, 27, 46, 50, 47, 21, 45, 8, 68, 30, 26, 7, 0]
Rota do Picker 6: [0, 1, 83, 47, 84, 46, 8, 9, 89, 67, 87, 27, 22, 3, 30, 10, 45, 26, 7, 41, 0]

Caso de teste: SLAPRP_Guo_small_O100_alpha0.2_v4.txt

Distancia Total: 936.0
Quantidade de Pickers: 6
