Rota do Picker 1: [0, 44, 64, 8, 83, 46, 43, 63, 25, 7, 62, 22, 24, 4, 21, 42, 26, 23, 45, 5, 61, 41, 1, 27, 81, 53, 0]
Rota do Picker 2: [0, 81, 43, 53, 44, 24, 4, 82, 25, 61, 64, 22, 63, 1, 41, 23, 5, 45, 34, 21, 42, 73, 83, 6, 56, 0]
Rota do Picker 3: [0, 1, 21, 41, 52, 72, 61, 55, 56, 54, 91, 51, 53, 13, 12, 36, 81, 33, 17, 93, 37, 18, 34, 31, 73, 35, 15, 14, 16, 0]
Rota do Picker 4: [0, 14, 81, 61, 41, 21, 1, 93, 73, 5, 25, 34, 63, 82, 22, 42, 11, 53, 3, 92, 52, 43, 23, 4, 24, 13, 0]
Rota do Picker 5: [0, 14, 1, 34, 81, 61, 21, 15, 55, 41, 0]
Rota do Picker 6: [0, 1, 41, 61, 43, 63, 83, 6, 81, 53, 34, 21, 42, 7, 27, 25, 65, 8, 26, 64, 46, 22, 4, 24, 3, 45, 44, 5, 23, 62, 0]
Rota do Picker 7: [0, 34, 26, 25, 46, 8, 62, 6, 83, 81, 44, 1, 21, 2, 22, 23, 43, 63, 5, 41, 42, 45, 3, 0]

Caso de teste: SLAPRP_Guo_small_O100_alpha0.2_v5.txt

Distancia Total: 1104.0
Quantidade de Pickers: 7
