Rota do Picker 1: [0, 37, 18, 22, 9, 60, 28, 46, 26, 3, 8, 11, 41, 20, 7, 1, 85, 65, 30, 19, 40, 45, 87, 27, 36, 76, 0]
Rota do Picker 2: [0, 55, 7, 9, 21, 41, 27, 45, 65, 26, 8, 28, 46, 18, 89, 50, 22, 2, 1, 3, 10, 19, 40, 30, 0]
Rota do Picker 3: [0, 94, 74, 55, 2, 19, 37, 60, 30, 10, 21, 41, 65, 28, 26, 40, 20, 18, 45, 9, 46, 27, 7, 22, 0]
Rota do Picker 4: [0, 28, 18, 0]
Rota do Picker 5: [0, 26, 46, 7, 9, 45, 11, 87, 30, 27, 84, 89, 65, 28, 1, 50, 10, 8, 0]
Rota do Picker 6: [0, 55, 37, 57, 28, 10, 40, 98, 76, 20, 65, 39, 77, 46, 59, 19, 18, 12, 94, 74, 11, 1, 0]
Rota do Picker 7: [0, 22, 69, 10, 50, 36, 76, 30, 87, 85, 60, 3, 18, 28, 8, 21, 1, 2, 41, 26, 46, 9, 27, 45, 20, 7, 40, 0]
Rota do Picker 8: [0, 22, 28, 10, 18, 45, 50, 46, 26, 3, 1, 41, 19, 27, 30, 9, 8, 7, 69, 13, 21, 85, 0]

Caso de teste: SLAPRP_Guo_small_O100_alpha0.2_v5.txt

Distancia Total: 1572.0
Quantidade de Pickers: 8
