Rota do Picker 1: [0, 1, 21, 41, 23, 83, 43, 81, 61, 62, 63, 6, 25, 82, 5, 24, 46, 45, 65, 26, 0]
Rota do Picker 2: [0, 81, 5, 23, 61, 41, 21, 1, 25, 82, 64, 63, 43, 83, 6, 0]
Rota do Picker 3: [0, 1, 41, 81, 23, 26, 62, 45, 27, 65, 46, 7, 42, 21, 25, 5, 6, 63, 83, 82, 64, 43, 61, 0]
Rota do Picker 4: [0, 1, 81, 5, 45, 6, 43, 21, 41, 8, 74, 46, 25, 7, 27, 65, 26, 63, 82, 64, 23, 61, 0]
Rota do Picker 5: [0, 82, 5, 23, 21, 93, 7, 6, 61, 41, 1, 25, 42, 2, 3, 26, 36, 27, 81, 45, 43, 63, 74, 0]
Rota do Picker 6: [0, 82, 93, 42, 22, 81, 63, 43, 23, 27, 74, 5, 61, 41, 21, 1, 14, 52, 12, 11, 71, 15, 75, 36, 13, 16, 17, 0]

Caso de teste: SLAPRP_Guo_small_O100_alpha0.2_v7.txt

Distancia Total: 864.0
Quantidade de Pickers: 6
