Rota do Picker 1: [0, 41, 61, 81, 3, 15, 92, 52, 44, 21, 72, 4, 1, 7, 37, 73, 33, 5, 64, 24, 23, 82, 42, 22, 36, 45, 25, 18, 0]
Rota do Picker 2: [0, 25, 45, 33, 73, 4, 24, 44, 18, 37, 54, 82, 62, 93, 7, 5, 34, 21, 26, 72, 43, 42, 55, 15, 83, 63, 23, 3, 61, 41, 1, 52, 74, 0]
Rota do Picker 3: [0, 1, 3, 43, 83, 24, 7, 23, 45, 27, 44, 62, 46, 64, 65, 61, 6, 82, 4, 5, 21, 8, 26, 25, 42, 22, 41, 0]
Rota do Picker 4: [0, 1, 21, 41, 42, 62, 4, 5, 22, 25, 81, 61, 3, 23, 43, 46, 82, 24, 8, 27, 83, 65, 7, 64, 53, 6, 44, 45, 0]
Rota do Picker 5: [0, 64, 43, 1, 82, 4, 42, 3, 45, 83, 25, 46, 63, 61, 62, 6, 22, 41, 21, 24, 44, 5, 0]
Rota do Picker 6: [0, 41, 23, 5, 25, 33, 53, 18, 0]
Rota do Picker 7: [0, 1, 41, 3, 23, 72, 92, 55, 13, 16, 36, 54, 56, 37, 53, 33, 71, 74, 32, 12, 52, 91, 22, 93, 15, 81, 61, 21, 0]
Rota do Picker 8: [0, 34, 64, 23, 21, 41, 61, 3, 4, 24, 72, 1, 42, 5, 52, 15, 43, 44, 82, 26, 22, 62, 83, 63, 8, 6, 0]

Caso de teste: SLAPRP_Guo_small_O100_alpha0.3_v8.txt

Distancia Total: 1350.0
Quantidade de Pickers: 8
