Rota do Picker 1: [0, 18, 45, 50, 30, 7, 46, 26, 27, 9, 10, 47, 8, 28, 36, 40, 20, 12, 0]
Rota do Picker 2: [0, 7, 27, 46, 41, 9, 45, 36, 40, 18, 50, 10, 30, 22, 8, 68, 28, 89, 69, 26, 3, 1, 11, 0]
Rota do Picker 3: [0, 1, 26, 46, 45, 89, 47, 27, 7, 2, 21, 60, 40, 20, 12, 11, 50, 18, 37, 97, 13, 87, 30, 8, 9, 68, 28, 77, 19, 36, 94, 74, 51, 31, 0]
Rota do Picker 4: [0, 10, 89, 8, 28, 47, 1, 27, 7, 87, 45, 40, 20, 18, 41, 21, 26, 46, 9, 30, 50, 31, 0]
Rota do Picker 5: [0, 1, 28, 10, 30, 27, 47, 87, 50, 68, 7, 40, 60, 20, 19, 12, 55, 36, 39, 59, 18, 2, 22, 83, 45, 9, 8, 46, 26, 0]
Rota do Picker 6: [0, 13, 36, 9, 7, 3, 41, 19, 39, 18, 98, 20, 94, 74, 55, 21, 83, 45, 27, 47, 8, 28, 26, 0]

Caso de teste: SLAPRP_Guo_small_O100_alpha0.4_v6.txt

Distancia Total: 986.0
Quantidade de Pickers: 6
