Rota do Picker 1: [0, 96, 36, 64, 8, 46, 26, 28, 48, 9, 69, 19, 20, 57, 37, 30, 70, 50, 27, 7, 65, 45, 0]
Rota do Picker 2: [0, 9, 10, 30, 48, 28, 8, 64, 84, 45, 26, 46, 20, 79, 19, 67, 27, 1, 0]
Rota do Picker 3: [0, 74, 94, 40, 18, 37, 0]
Rota do Picker 4: [0, 21, 12, 55, 39, 79, 19, 45, 68, 28, 8, 46, 26, 87, 67, 7, 10, 89, 9, 50, 30, 47, 27, 0]
Rota do Picker 5: [0, 83, 8, 9, 69, 89, 26, 57, 18, 20, 40, 19, 37, 47, 64, 7, 28, 27, 65, 45, 10, 46, 0]

Caso de teste: SLAPRP_Guo_small_O50_alpha0.2_v2.txt

Distancia Total: 570.0
Quantidade de Pickers: 5
