Rota do Picker 1: [0, 26, 10, 36, 9, 45, 21, 1, 7, 27, 50, 69, 46, 30, 83, 8, 87, 61, 0]
Rota do Picker 2: [0, 11, 9, 45, 17, 36, 37, 83, 87, 13, 23, 3, 10, 41, 69, 1, 26, 46, 8, 21, 30, 60, 40, 27, 7, 0]
Rota do Picker 3: [0, 2, 23, 3, 69, 50, 30, 8, 41, 45, 46, 10, 9, 87, 27, 7, 61, 1, 26, 17, 0]
Rota do Picker 4: [0, 4, 9, 17, 1, 3, 83, 26, 69, 50, 45, 36, 40, 8, 13, 21, 41, 27, 30, 7, 23, 22, 2, 10, 46, 37, 60, 0]
Rota do Picker 5: [0, 50, 61, 12, 55, 37, 57, 40, 7, 20, 18, 36, 52, 97, 77, 74, 11, 41, 94, 96, 13, 22, 1, 21, 45, 46, 0]
Rota do Picker 6: [0, 1, 4, 7, 27, 9, 46, 13, 17, 22, 2, 69, 50, 60, 37, 3, 12, 61, 11, 23, 8, 30, 83, 26, 10, 52, 21, 45, 87, 41, 0]

Caso de teste: SLAPRP_Guo_small_O100_alpha0.3_v4.txt

Distancia Total: 1276.0
Quantidade de Pickers: 6
