Rota do Picker 1: [0, 27, 26, 23, 22, 50, 46, 1, 10, 28, 42, 41, 3, 2, 32, 30, 9, 8, 45, 43, 21, 0]
Rota do Picker 2: [0, 9, 11, 30, 52, 32, 2, 61, 41, 60, 24, 50, 10, 26, 1, 23, 43, 27, 8, 46, 45, 62, 42, 22, 21, 3, 4, 0]
Rota do Picker 3: [0, 27, 72, 32, 61, 20, 30, 23, 8, 45, 42, 21, 34, 46, 22, 41, 26, 62, 2, 17, 33, 43, 3, 14, 40, 52, 15, 5, 0]
Rota do Picker 4: [0, 2, 22, 42, 46, 20, 33, 32, 52, 17, 5, 45, 10, 21, 41, 62, 60, 23, 34, 13, 36, 27, 26, 24, 4, 1, 3, 43, 0]
Rota do Picker 5: [0, 21, 23, 43, 5, 45, 46, 27, 4, 10, 41, 61, 26, 50, 62, 24, 8, 30, 42, 22, 1, 2, 9, 32, 0]
Rota do Picker 6: [0, 10, 5, 41, 21, 1, 45, 26, 27, 20, 50, 3, 23, 43, 22, 46, 36, 24, 2, 42, 14, 33, 61, 30, 62, 11, 4, 8, 81, 0]
Rota do Picker 7: [0, 46, 9, 10, 41, 89, 28, 11, 3, 42, 4, 30, 21, 2, 23, 43, 8, 27, 24, 50, 22, 5, 45, 26, 0]
Rota do Picker 8: [0, 50, 18, 17, 60, 27, 26, 22, 61, 2, 33, 32, 52, 37, 51, 5, 34, 11, 71, 23, 45, 15, 10, 36, 20, 13, 43, 42, 41, 21, 1, 46, 30, 0]
Rota do Picker 9: [0, 24, 27, 46, 45, 43, 23, 30, 42, 2, 41, 1, 11, 9, 89, 36, 5, 8, 10, 34, 21, 50, 22, 3, 26, 0]
Rota do Picker 10: [0, 21, 22, 42, 45, 8, 9, 20, 13, 26, 3, 4, 36, 27, 11, 5, 24, 32, 50, 23, 2, 43, 34, 46, 41, 61, 0]
Rota do Picker 11: [0, 21, 32, 52, 45, 20, 50, 1, 17, 37, 97, 23, 60, 13, 15, 33, 36, 11, 40, 53, 14, 34, 71, 51, 18, 22, 41, 0]
Rota do Picker 12: [0, 22, 42, 62, 46, 43, 4, 3, 50, 24, 11, 30, 10, 2, 1, 8, 45, 21, 60, 27, 26, 41, 5, 13, 23, 9, 33, 20, 0]
Rota do Picker 13: [0, 2, 22, 43, 20, 14, 27, 94, 34, 1, 50, 60, 15, 51, 11, 42, 18, 37, 30, 45, 52, 10, 23, 17, 36, 32, 21, 0]

Caso de teste: SLAPRP_Guo_small_O200_alpha0.4_v10.txt

Distancia Total: 2890.0
Quantidade de Pickers: 13
