Rota do Picker 1: [0, 21, 5, 27, 83, 43, 63, 8, 84, 4, 26, 62, 7, 25, 61, 44, 46, 6, 24, 23, 3, 1, 45, 0]
Rota do Picker 2: [0, 82, 42, 63, 6, 61, 1, 24, 64, 26, 45, 25, 62, 22, 4, 44, 7, 5, 23, 41, 21, 65, 81, 3, 83, 27, 8, 43, 0]
Rota do Picker 3: [0, 14, 56, 37, 61, 41, 21, 1, 34, 35, 16, 81, 22, 42, 32, 52, 15, 75, 73, 93, 53, 33, 36, 72, 18, 92, 91, 0]
Rota do Picker 4: [0, 1, 21, 23, 43, 4, 45, 46, 7, 62, 42, 6, 83, 63, 5, 61, 41, 26, 27, 64, 22, 8, 24, 25, 82, 44, 81, 0]
Rota do Picker 5: [0, 61, 23, 43, 24, 64, 63, 62, 37, 27, 5, 7, 81, 3, 4, 82, 1, 12, 26, 21, 41, 42, 22, 0]
Rota do Picker 6: [0, 21, 14, 81, 41, 1, 5, 61, 34, 75, 91, 37, 18, 54, 16, 36, 73, 93, 92, 42, 62, 74, 0]
Rota do Picker 7: [0, 43, 4, 54, 62, 22, 82, 42, 92, 73, 26, 83, 21, 41, 93, 13, 45, 5, 81, 61, 56, 18, 27, 44, 63, 23, 3, 1, 24, 37, 0]
Rota do Picker 8: [0, 1, 21, 41, 23, 43, 62, 54, 75, 0]
Rota do Picker 9: [0, 21, 41, 61, 81, 23, 54, 74, 0]
Rota do Picker 10: [0, 4, 62, 22, 1, 46, 65, 25, 51, 31, 21, 5, 45, 43, 8, 83, 41, 23, 42, 7, 27, 61, 82, 63, 0]
Rota do Picker 11: [0, 21, 41, 23, 25, 43, 54, 3, 65, 62, 61, 26, 81, 6, 63, 83, 27, 45, 5, 42, 22, 1, 8, 64, 51, 71, 7, 0]
Rota do Picker 12: [0, 64, 63, 22, 27, 83, 43, 42, 41, 21, 1, 26, 23, 8, 24, 44, 65, 4, 62, 25, 5, 61, 0]
Rota do Picker 13: [0, 82, 64, 45, 22, 83, 42, 62, 5, 6, 1, 21, 41, 23, 43, 63, 81, 61, 44, 37, 0]
Rota do Picker 14: [0, 5, 64, 44, 24, 1, 62, 25, 63, 43, 23, 41, 21, 46, 3, 22, 42, 7, 6, 4, 8, 82, 27, 26, 45, 0]

Caso de teste: SLAPRP_Guo_small_O200_alpha0.2_v9.txt

Distancia Total: 2048.0
Quantidade de Pickers: 14
