Rota do Picker 1: [0, 1, 0]
Rota do Picker 2: [0, 1, 21, 41, 13, 33, 53, 54, 74, 34, 14, 18, 38, 19, 32, 6, 4, 44, 43, 25, 57, 36, 16, 37, 17, 23, 3, 0]
Rota do Picker 3: [0, 12, 32, 52, 34, 17, 35, 75, 95, 54, 74, 14, 22, 3, 43, 38, 18, 96, 76, 56, 36, 16, 37, 24, 4, 41, 21, 1, 82, 25, 0]
Rota do Picker 4: [0, 1, 21, 41, 32, 34, 14, 54, 74, 5, 24, 25, 43, 16, 76, 56, 73, 53, 33, 13, 3, 23, 82, 0]
Rota do Picker 5: [0, 13, 33, 53, 93, 95, 55, 35, 18, 14, 34, 54, 74, 15, 36, 16, 32, 41, 21, 1, 5, 24, 6, 83, 42, 22, 0]
Rota do Picker 6: [0, 1, 21, 41, 14, 34, 54, 74, 16, 56, 18, 19, 95, 57, 92, 52, 32, 12, 53, 33, 13, 23, 3, 22, 42, 82, 73, 0]
Rota do Picker 7: [0, 83, 3, 22, 42, 53, 93, 13, 33, 77, 38, 18, 19, 55, 35, 15, 17, 24, 5, 25, 75, 16, 34, 94, 96, 56, 95, 74, 54, 52, 32, 12, 1, 0]
Rota do Picker 8: [0, 41, 37, 57, 12, 16, 36, 75, 95, 15, 53, 33, 13, 25, 3, 43, 23, 4, 94, 74, 35, 18, 34, 14, 1, 21, 31, 32, 17, 44, 0]
Rota do Picker 9: [0, 1, 32, 52, 72, 77, 57, 37, 35, 21, 22, 62, 53, 54, 14, 44, 24, 42, 5, 15, 93, 73, 33, 13, 12, 18, 38, 20, 19, 17, 16, 34, 0]
Rota do Picker 10: [0, 1, 22, 14, 12, 32, 52, 16, 17, 37, 18, 19, 33, 13, 41, 21, 61, 25, 5, 63, 43, 3, 44, 57, 54, 34, 0]
Rota do Picker 11: [0, 1, 21, 41, 61, 13, 33, 17, 37, 57, 18, 53, 73, 76, 16, 36, 14, 38, 63, 23, 3, 12, 52, 34, 54, 74, 0]
Rota do Picker 12: [0, 1, 62, 3, 4, 24, 32, 12, 76, 56, 36, 15, 23, 44, 6, 52, 92, 14, 17, 55, 35, 41, 81, 34, 16, 63, 43, 61, 21, 71, 91, 0]
Rota do Picker 13: [0, 1, 21, 41, 13, 33, 32, 12, 52, 0]

Caso de teste: SLAPRP_Guo_small_O200_alpha0.2_v6.txt

Distancia Total: 1508.0
Quantidade de Pickers: 13
