Rota do Picker 1: [0, 21, 41, 61, 3, 43, 83, 81, 1, 14, 34, 37, 54, 23, 65, 45, 26, 46, 74, 94, 18, 16, 84, 64, 4, 24, 5, 82, 22, 51, 71, 91, 0]
Rota do Picker 2: [0, 55, 18, 36, 16, 4, 65, 21, 1, 14, 35, 75, 2, 83, 34, 74, 93, 53, 33, 15, 43, 23, 3, 41, 0]
Rota do Picker 3: [0, 1, 21, 41, 22, 5, 12, 18, 36, 56, 16, 14, 45, 25, 23, 43, 3, 4, 24, 44, 74, 34, 54, 72, 0]
Rota do Picker 4: [0, 21, 22, 42, 82, 62, 3, 5, 24, 72, 92, 17, 15, 35, 75, 18, 16, 34, 14, 81, 61, 41, 1, 43, 63, 94, 93, 53, 13, 32, 33, 0]
Rota do Picker 5: [0, 1, 3, 25, 5, 7, 82, 62, 42, 41, 21, 23, 43, 83, 45, 65, 26, 46, 64, 44, 24, 14, 34, 94, 54, 15, 36, 16, 0]
Rota do Picker 6: [0, 1, 21, 41, 3, 23, 4, 24, 64, 14, 74, 33, 53, 36, 16, 55, 91, 71, 15, 34, 54, 56, 43, 52, 92, 0]
Rota do Picker 7: [0, 1, 21, 41, 3, 4, 24, 44, 84, 35, 15, 17, 55, 14, 45, 65, 5, 26, 6, 62, 42, 0]
Rota do Picker 8: [0, 21, 1, 6, 26, 24, 33, 53, 14, 34, 18, 36, 16, 41, 61, 25, 45, 75, 55, 35, 15, 94, 5, 43, 23, 3, 0]
Rota do Picker 9: [0, 1, 21, 41, 61, 6, 26, 14, 54, 74, 56, 36, 16, 22, 43, 23, 42, 75, 64, 4, 7, 92, 72, 94, 53, 33, 24, 5, 3, 0]
Rota do Picker 10: [0, 1, 22, 42, 82, 7, 63, 43, 21, 41, 4, 24, 6, 14, 34, 35, 36, 56, 74, 54, 62, 3, 25, 5, 15, 17, 0]
Rota do Picker 11: [0, 1, 63, 22, 3, 43, 42, 62, 4, 24, 44, 84, 25, 65, 26, 6, 81, 61, 41, 21, 0]
Rota do Picker 12: [0, 21, 1, 41, 61, 42, 62, 82, 3, 23, 43, 5, 6, 15, 35, 14, 34, 94, 74, 0]

Caso de teste: SLAPRP_Guo_small_O200_alpha0.4_v4.txt

Distancia Total: 1446.0
Quantidade de Pickers: 12
