Rota do Picker 1: [0, 83, 81, 61, 1, 62, 42, 3, 41, 21, 23, 43, 24, 0]
Rota do Picker 2: [0, 21, 3, 6, 42, 15, 55, 41, 17, 24, 81, 61, 1, 18, 62, 45, 82, 13, 25, 57, 0]
Rota do Picker 3: [0, 41, 61, 3, 23, 42, 56, 76, 1, 21, 18, 0]
Rota do Picker 4: [0, 81, 61, 3, 25, 15, 1, 41, 21, 0]
Rota do Picker 5: [0, 1, 41, 61, 3, 75, 63, 23, 21, 83, 43, 62, 4, 81, 44, 24, 5, 42, 0]
Rota do Picker 6: [0, 6, 22, 61, 42, 25, 83, 3, 41, 21, 1, 23, 95, 4, 63, 45, 43, 62, 44, 64, 0]
Rota do Picker 7: [0, 15, 52, 5, 57, 21, 6, 56, 22, 75, 82, 95, 44, 63, 37, 83, 17, 43, 4, 1, 41, 61, 3, 42, 62, 18, 38, 81, 0]
Rota do Picker 8: [0, 41, 61, 4, 42, 75, 51, 23, 3, 21, 1, 82, 62, 81, 24, 15, 0]
Rota do Picker 9: [0, 41, 42, 35, 76, 16, 5, 25, 38, 37, 92, 57, 81, 24, 95, 22, 19, 75, 15, 62, 3, 17, 82, 18, 6, 61, 21, 1, 0]
Rota do Picker 10: [0, 1, 21, 41, 61, 3, 83, 25, 45, 44, 4, 6, 24, 43, 81, 22, 5, 42, 62, 23, 63, 0]
Rota do Picker 11: [0, 21, 41, 32, 15, 3, 18, 42, 1, 75, 76, 17, 43, 6, 44, 4, 61, 72, 95, 5, 23, 82, 31, 37, 62, 81, 0]
Rota do Picker 12: [0, 41, 3, 19, 1, 81, 82, 75, 95, 15, 18, 76, 38, 56, 17, 21, 37, 42, 23, 61, 0]

Caso de teste: SLAPRP_Guo_small_O200_alpha0.4_v1.txt

Distancia Total: 1758.0
Quantidade de Pickers: 12
