Rota do Picker 1: [0, 16, 36, 55, 74, 52, 44, 24, 4, 7, 42, 62, 41, 81, 61, 63, 83, 6, 25, 26, 5, 43, 23, 22, 21, 1, 0]
Rota do Picker 2: [0, 1, 42, 62, 82, 4, 44, 83, 43, 23, 22, 7, 45, 73, 74, 34, 25, 5, 8, 46, 26, 6, 61, 41, 21, 0]
Rota do Picker 3: [0, 1, 22, 42, 21, 41, 61, 5, 26, 63, 43, 23, 24, 44, 45, 3, 8, 7, 6, 4, 65, 27, 73, 93, 0]
Rota do Picker 4: [0, 1, 21, 41, 61, 14, 34, 36, 74, 93, 71, 91, 17, 35, 18, 75, 55, 44, 4, 25, 65, 5, 43, 23, 24, 6, 82, 62, 42, 22, 0]
Rota do Picker 5: [0, 62, 82, 43, 23, 3, 4, 24, 44, 34, 14, 74, 72, 75, 35, 7, 5, 46, 27, 42, 41, 21, 1, 0]
Rota do Picker 6: [0, 1, 24, 44, 5, 65, 46, 6, 34, 14, 21, 61, 81, 41, 45, 22, 42, 62, 4, 27, 25, 63, 43, 23, 3, 0]
Rota do Picker 7: [0, 1, 4, 24, 22, 3, 23, 43, 5, 62, 82, 8, 64, 26, 6, 65, 74, 14, 36, 37, 17, 18, 54, 34, 81, 61, 21, 41, 0]
Rota do Picker 8: [0, 1, 22, 42, 5, 46, 83, 43, 41, 21, 14, 17, 37, 36, 33, 82, 24, 63, 23, 3, 25, 72, 92, 32, 91, 71, 51, 73, 13, 34, 27, 4, 62, 0]
Rota do Picker 9: [0, 21, 1, 23, 24, 64, 63, 52, 73, 53, 46, 6, 51, 34, 54, 74, 75, 92, 72, 93, 35, 56, 16, 31, 3, 45, 5, 27, 7, 4, 61, 41, 81, 82, 0]
Rota do Picker 10: [0, 21, 81, 41, 1, 23, 43, 83, 63, 26, 4, 25, 5, 65, 22, 42, 0]
Rota do Picker 11: [0, 71, 51, 21, 1, 5, 83, 44, 64, 82, 42, 23, 43, 3, 4, 24, 6, 25, 22, 41, 61, 34, 32, 52, 92, 72, 53, 13, 0]
Rota do Picker 12: [0, 1, 21, 42, 24, 64, 62, 22, 7, 6, 4, 61, 41, 23, 43, 5, 46, 27, 45, 17, 52, 0]

Caso de teste: SLAPRP_Guo_small_O200_alpha0.3_v10.txt

Distancia Total: 1526.0
Quantidade de Pickers: 12
