Rota do Picker 1: [0, 1, 0]
Rota do Picker 2: [0, 1, 0]
Rota do Picker 3: [0, 1, 21, 41, 61, 43, 6, 25, 7, 65, 5, 83, 63, 23, 24, 56, 74, 0]
Rota do Picker 4: [0, 21, 5, 64, 44, 6, 8, 27, 81, 41, 61, 25, 45, 65, 23, 63, 43, 1, 0]
Rota do Picker 5: [0, 21, 27, 7, 24, 4, 65, 26, 23, 63, 43, 1, 41, 61, 81, 5, 25, 6, 44, 64, 37, 0]
Rota do Picker 6: [0, 23, 41, 61, 26, 82, 7, 5, 27, 6, 44, 64, 63, 43, 21, 1, 0]
Rota do Picker 7: [0, 1, 21, 41, 61, 82, 7, 64, 44, 45, 5, 43, 23, 0]
Rota do Picker 8: [0, 1, 21, 41, 61, 81, 24, 4, 23, 43, 83, 45, 5, 25, 44, 64, 82, 75, 0]
Rota do Picker 9: [0, 1, 44, 6, 46, 27, 25, 65, 64, 26, 5, 83, 43, 23, 61, 41, 21, 0]
Rota do Picker 10: [0, 21, 1, 41, 61, 81, 82, 7, 46, 45, 5, 23, 63, 43, 0]
Rota do Picker 11: [0, 21, 61, 81, 44, 64, 1, 41, 23, 43, 5, 25, 45, 6, 8, 7, 27, 74, 0]
Rota do Picker 12: [0, 1, 43, 25, 62, 21, 41, 81, 23, 63, 46, 5, 45, 12, 52, 92, 15, 56, 71, 51, 0]
Rota do Picker 13: [0, 21, 1, 26, 8, 5, 83, 43, 23, 81, 61, 41, 0]

Caso de teste: SLAPRP_Guo_small_O200_alpha0.3_v1.txt

Distancia Total: 866.0
Quantidade de Pickers: 13
