Rota do Picker 1: [0, 21, 8, 9, 30, 10, 27, 45, 36, 11, 46, 26, 47, 20, 40, 18, 34, 14, 4, 22, 2, 42, 23, 3, 0]
Rota do Picker 2: [0, 21, 26, 46, 45, 61, 11, 52, 72, 84, 4, 83, 43, 3, 23, 27, 2, 22, 42, 41, 13, 0]
Rota do Picker 3: [0, 3, 27, 47, 2, 62, 42, 22, 8, 7, 4, 23, 26, 46, 10, 45, 21, 14, 20, 40, 33, 51, 0]
Rota do Picker 4: [0, 1, 21, 46, 45, 30, 47, 27, 8, 23, 3, 2, 26, 10, 9, 89, 20, 40, 14, 94, 13, 0]
Rota do Picker 5: [0, 45, 46, 23, 3, 21, 26, 8, 9, 10, 30, 4, 27, 7, 62, 42, 2, 22, 71, 11, 0]
Rota do Picker 6: [0, 31, 11, 45, 27, 46, 26, 43, 3, 1, 41, 21, 89, 9, 7, 84, 30, 10, 8, 2, 62, 42, 47, 22, 51, 36, 14, 52, 32, 0]
Rota do Picker 7: [0, 89, 9, 8, 22, 42, 46, 26, 10, 67, 27, 7, 3, 43, 4, 45, 23, 41, 32, 52, 33, 21, 2, 1, 0]
Rota do Picker 8: [0, 1, 21, 62, 20, 40, 36, 22, 2, 42, 27, 9, 8, 10, 3, 77, 34, 26, 46, 14, 19, 39, 18, 33, 13, 43, 83, 23, 75, 55, 11, 0]
Rota do Picker 9: [0, 41, 36, 18, 32, 52, 10, 3, 23, 45, 26, 46, 7, 13, 40, 55, 75, 20, 43, 2, 31, 1, 21, 22, 42, 8, 47, 61, 39, 37, 12, 51, 11, 0]
Rota do Picker 10: [0, 3, 55, 75, 32, 52, 72, 14, 1, 47, 27, 9, 45, 23, 43, 83, 7, 30, 41, 61, 10, 37, 13, 46, 28, 8, 4, 42, 22, 2, 21, 0]
Rota do Picker 11: [0, 3, 4, 52, 32, 21, 1, 26, 45, 67, 27, 46, 42, 22, 2, 31, 20, 39, 51, 11, 0]
Rota do Picker 12: [0, 61, 21, 22, 42, 45, 27, 30, 9, 8, 23, 3, 43, 26, 46, 51, 11, 14, 33, 20, 40, 39, 18, 0]

Caso de teste: SLAPRP_Guo_small_O200_alpha0.3_v8.txt

Distancia Total: 1714.0
Quantidade de Pickers: 12
