Rota do Picker 1: [0, 1, 3, 23, 83, 8, 44, 63, 6, 21, 43, 5, 25, 26, 27, 41, 22, 42, 82, 64, 46, 61, 45, 65, 7, 0]
Rota do Picker 2: [0, 8, 5, 22, 1, 26, 6, 23, 61, 41, 81, 27, 44, 45, 2, 83, 62, 25, 43, 63, 46, 64, 7, 21, 3, 82, 0]
Rota do Picker 3: [0, 1, 41, 61, 3, 5, 6, 26, 45, 7, 23, 64, 8, 25, 43, 21, 22, 42, 83, 27, 65, 46, 82, 63, 0]
Rota do Picker 4: [0, 65, 42, 83, 25, 63, 23, 5, 26, 82, 46, 43, 3, 61, 62, 22, 41, 21, 1, 0]
Rota do Picker 5: [0, 65, 46, 42, 27, 62, 22, 7, 25, 81, 64, 26, 82, 45, 6, 23, 3, 1, 63, 43, 44, 5, 61, 41, 21, 83, 0]
Rota do Picker 6: [0, 45, 7, 63, 62, 42, 22, 8, 5, 23, 3, 61, 41, 21, 1, 65, 27, 82, 44, 81, 64, 26, 6, 25, 43, 0]
Rota do Picker 7: [0, 1, 41, 11, 51, 71, 92, 0]
Rota do Picker 8: [0, 23, 1, 65, 81, 83, 45, 82, 44, 64, 63, 42, 5, 62, 21, 22, 43, 3, 61, 41, 0]
Rota do Picker 9: [0, 27, 21, 41, 61, 5, 25, 1, 23, 43, 65, 22, 81, 3, 83, 82, 62, 63, 45, 6, 8, 7, 26, 46, 24, 0]
Rota do Picker 10: [0, 82, 65, 62, 8, 23, 43, 6, 45, 64, 83, 63, 1, 21, 61, 81, 3, 44, 26, 41, 22, 42, 5, 25, 0]
Rota do Picker 11: [0, 81, 41, 21, 1, 23, 63, 45, 64, 62, 5, 43, 3, 61, 22, 42, 0]
Rota do Picker 12: [0, 46, 45, 61, 83, 65, 82, 25, 8, 63, 4, 81, 6, 22, 42, 62, 26, 5, 41, 27, 43, 23, 3, 21, 1, 0]
Rota do Picker 13: [0, 6, 22, 61, 1, 21, 81, 3, 45, 41, 23, 25, 63, 27, 83, 5, 62, 42, 65, 43, 82, 0]

Caso de teste: SLAPRP_Guo_small_O200_alpha0.4_v7.txt

Distancia Total: 1780.0
Quantidade de Pickers: 13
