Rota do Picker 1: [0, 53, 64, 44, 4, 16, 47, 7, 81, 61, 21, 1, 8, 65, 85, 45, 52, 26, 6, 28, 35, 23, 24, 46, 27, 84, 72, 0]
Rota do Picker 2: [0, 1, 61, 81, 6, 14, 54, 73, 24, 52, 13, 21, 16, 0]
Rota do Picker 3: [0, 1, 61, 81, 13, 0]
Rota do Picker 4: [0, 21, 61, 81, 4, 14, 72, 24, 13, 1, 66, 93, 26, 52, 73, 15, 44, 64, 0]
Rota do Picker 5: [0, 17, 73, 21, 55, 35, 16, 4, 72, 33, 41, 14, 34, 92, 24, 52, 61, 54, 15, 65, 53, 13, 81, 1, 93, 0]
Rota do Picker 6: [0, 1, 21, 61, 81, 22, 5, 15, 93, 4, 44, 54, 53, 64, 45, 52, 8, 17, 9, 14, 6, 7, 16, 0]
Rota do Picker 7: [0, 45, 43, 6, 7, 82, 86, 8, 28, 47, 66, 72, 26, 24, 84, 1, 46, 9, 27, 64, 44, 4, 81, 61, 21, 0]
Rota do Picker 8: [0, 15, 64, 72, 44, 4, 81, 61, 21, 1, 35, 52, 26, 25, 84, 47, 24, 0]

Caso de teste: SLAPRP_Guo_small_O100_alpha0.2_v2.txt

Distancia Total: 1192.0
Quantidade de Pickers: 8
