SKUs: 40
Pedidos: 203

Primeiro pedido:
Order(1, [1, 4, 6, 7])

Ultimo pedido:
Order(203, [5, 8, 26])

Location(1, 1, -1, 20)
Location(2, 1, -2, 20)
Location(3, 1, -3, 20)
Location(4, 1, -4, 20)
Location(5, 1, -5, 20)
Location(6, 1, -6, 20)
Location(7, 1, -7, 20)
Location(8, 1, -8, 20)
Location(9, 1, -9, 20)
Location(10, 1, -10, 40)
Location(11, 1, 1, 20)
Location(12, 1, 2, 20)
Location(13, 1, 3, 20)
Location(14, 1, 4, 20)
Location(15, 1, 5, 20)
Location(16, 1, 6, 20)
Location(17, 1, 7, 20)
Location(18, 1, 8, 20)
Location(19, 1, 9, 20)
Location(20, 1, 10, 40)
Location(21, 2, -1, 20)
Location(22, 2, -2, 20)
Location(23, 2, -3, 20)
Location(24, 2, -4, 20)
Location(25, 2, -5, 20)
Location(26, 2, -6, 20)
Location(27, 2, -7, 20)
Location(28, 2, -8, 20)
Location(29, 2, -9, 20)
Location(30, 2, -10, 40)
Location(31, 2, 1, 20)
Location(32, 2, 2, 20)
Location(33, 2, 3, 20)
Location(34, 2, 4, 20)
Location(35, 2, 5, 20)
Location(36, 2, 6, 20)
Location(37, 2, 7, 20)
Location(38, 2, 8, 20)
Location(39, 2, 9, 20)
Location(40, 2, 10, 40)
Location(41, 3, -1, 20)
Location(42, 3, -2, 20)
Location(43, 3, -3, 20)
Location(44, 3, -4, 20)
Location(45, 3, -5, 20)
Location(46, 3, -6, 20)
Location(47, 3, -7, 20)
Location(48, 3, -8, 20)
Location(49, 3, -9, 20)
Location(50, 3, -10, 40)
Location(51, 3, 1, 20)
Location(52, 3, 2, 20)
Location(53, 3, 3, 20)
Location(54, 3, 4, 20)
Location(55, 3, 5, 20)
Location(56, 3, 6, 20)
Location(57, 3, 7, 20)
Location(58, 3, 8, 20)
Location(59, 3, 9, 20)
Location(60, 3, 10, 40)
Location(61, 4, -1, 20)
Location(62, 4, -2, 20)
Location(63, 4, -3, 20)
Location(64, 4, -4, 20)
Location(65, 4, -5, 20)
Location(66, 4, -6, 20)
Location(67, 4, -7, 20)
Location(68, 4, -8, 20)
Location(69, 4, -9, 20)
Location(70, 4, -10, 40)
Location(71, 4, 1, 20)
Location(72, 4, 2, 20)
Location(73, 4, 3, 20)
Location(74, 4, 4, 20)
Location(75, 4, 5, 20)
Location(76, 4, 6, 20)
Location(77, 4, 7, 20)
Location(78, 4, 8, 20)
Location(79, 4, 9, 20)
Location(80, 4, 10, 40)
Location(81, 5, -1, 20)
Location(82, 5, -2, 20)
Location(83, 5, -3, 20)
Location(84, 5, -4, 20)
Location(85, 5, -5, 20)
Location(86, 5, -6, 20)
Location(87, 5, -7, 20)
Location(88, 5, -8, 20)
Location(89, 5, -9, 20)
Location(90, 5, -10, 40)
Location(91, 5, 1, 20)
Location(92, 5, 2, 20)
Location(93, 5, 3, 20)
Location(94, 5, 4, 20)
Location(95, 5, 5, 20)
Location(96, 5, 6, 20)
Location(97, 5, 7, 20)
Location(98, 5, 8, 20)
Location(99, 5, 9, 20)
Location(100, 5, 10, 40)

Frequencias: [93, 100, 84, 127, 85, 86, 101, 111, 5, 3, 10, 6, 5, 9, 9, 3, 11, 6, 13, 14, 8, 12, 8, 9, 17, 15, 7, 12, 3, 11, 6, 4, 12, 9, 5, 18, 10, 9, 15, 0]

Matriz de coocorrencia: 
40×40 Matrix{Int64}:
  0  52  42  58  49  47  54  53  3  3  7  4  2  2  3  1  3  4  6  7  4   3  5  4   4   7  4  0  2  5  3  0   7  1  2  8  3  3  7  0
 52   0  47  76  48  47  54  51  2  2  4  5  3  6  6  2  5  2  8  6  4   7  3  3   9   5  5  6  2  4  3  3   5  6  2  9  4  7  5  0
 42  47   0  51  46  38  48  48  1  1  6  5  1  3  3  1  2  4  6  6  3   1  1  3   6   8  3  4  1  4  2  2   3  6  3  9  2  4  7  0
 58  76  51   0  53  56  63  55  1  3  5  1  4  6  6  2  7  4  9  9  7  11  5  5  11   9  7  9  2  3  5  2   7  6  2  5  3  7  8  0
 49  48  46  53   0  38  45  53  4  0  5  4  2  4  6  0  3  2  7  7  5   4  2  3   7  12  3  4  2  5  3  1   7  5  5  5  1  5  4  0
 47  47  38  56  38   0  49  47  2  1  4  3  0  4  3  2  4  2  5  5  5   5  2  4   3   4  1  6  1  8  4  1   8  4  3  8  5  5  5  0
 54  54  48  63  45  49   0  62  3  2  6  5  3  3  6  1  4  2  5  5  3   4  4  3   5  13  2  4  2  8  2  3   7  4  3  9  4  6  8  0
 53  51  48  55  53  47  62   0  4  2  5  5  2  6  6  1  5  4  8  5  2   6  5  4   4  12  4  8  2  8  4  3  11  6  4  9  2  5  6  0
  3   2   1   1   4   2   3   4  0  0  1  1  0  0  0  0  0  0  0  0  1   0  0  0   0   0  0  0  0  0  0  0   1  0  0  0  1  0  0  0
  3   2   1   3   0   1   2   2  0  0  0  0  1  0  0  0  0  0  0  1  0   0  0  0   0   0  0  0  0  0  0  0   0  0  0  0  0  0  0  0
  7   4   6   5   5   4   6   5  1  0  0  1  1  0  0  0  0  0  0  0  1   0  1  0   1   1  0  0  0  0  0  0   0  1  0  1  1  0  0  0
  4   5   5   1   4   3   5   5  1  0  1  0  0  0  0  0  0  0  0  0  0   0  0  0   0   1  0  0  1  1  0  0   0  0  0  2  0  0  0  0
  2   3   1   4   2   0   3   2  0  1  1  0  0  0  0  0  0  0  0  0  0   1  1  1   1   0  0  1  0  0  0  0   0  1  0  1  0  1  1  0
  2   6   3   6   4   4   3   6  0  0  0  0  0  0  0  1  0  1  0  0  0   2  2  1   0   0  0  1  0  1  0  1   0  0  0  1  1  0  1  0
  3   6   3   6   6   3   6   6  0  0  0  0  0  0  0  0  1  0  0  0  1   0  0  0   0   3  0  1  0  0  0  1   0  0  0  0  0  0  0  0
  1   2   1   2   0   2   1   1  0  0  0  0  0  1  0  0  0  0  0  0  0   0  0  0   0   0  1  0  0  1  0  0   0  0  0  1  0  0  0  0
  3   5   2   7   3   4   4   5  0  0  0  0  0  0  1  0  0  0  2  0  0   0  1  0   1   1  0  2  1  0  1  1   1  0  0  0  1  0  1  0
  4   2   4   4   2   2   2   4  0  0  0  0  0  1  0  0  0  0  1  0  0   0  1  2   2   0  1  0  0  0  0  0   0  0  0  1  1  0  0  0
  6   8   6   9   7   5   5   8  0  0  0  0  0  0  0  0  2  1  0  1  0   1  1  0   3   0  1  0  0  0  0  1   2  0  1  2  0  1  0  0
  7   6   6   9   7   5   5   5  0  1  0  0  0  0  0  0  0  0  1  0  0   1  0  0   0   1  1  0  0  1  0  0   1  1  1  0  1  2  0  0
  4   4   3   7   5   5   3   2  1  0  1  0  0  0  1  0  0  0  0  0  0   0  0  1   1   1  0  0  0  0  0  0   0  0  0  0  0  0  0  0
  3   7   1  11   4   5   4   6  0  0  0  0  1  2  0  0  0  0  1  1  0   0  0  0   4   1  1  3  0  0  0  1   0  1  0  1  1  3  1  0
  5   3   1   5   2   2   4   5  0  0  1  0  1  2  0  0  1  1  1  0  0   0  0  0   0   0  0  1  0  0  0  0   1  0  0  2  0  0  0  0
  4   3   3   5   3   4   3   4  0  0  0  0  1  1  0  0  0  2  0  0  1   0  0  0   1   0  0  0  0  0  0  0   0  0  0  2  1  1  1  0
  4   9   6  11   7   3   5   4  0  0  1  0  1  0  0  0  1  2  3  0  1   4  0  1   0   1  1  3  0  0  1  0   0  1  0  2  0  0  1  0
  7   5   8   9  12   4  13  12  0  0  1  1  0  0  3  0  1  0  0  1  1   1  0  0   1   0  0  0  1  2  0  0   0  1  1  1  0  0  0  0
  4   5   3   7   3   1   2   4  0  0  0  0  0  0  0  1  0  1  1  1  0   1  0  0   1   0  0  0  0  0  0  0   0  0  0  0  0  2  0  0
  0   6   4   9   4   6   4   8  0  0  0  0  1  1  1  0  2  0  0  0  0   3  1  0   3   0  0  0  0  0  0  0   0  3  0  0  0  0  1  0
  2   2   1   2   2   1   2   2  0  0  0  1  0  0  0  0  1  0  0  0  0   0  0  0   0   1  0  0  0  0  0  0   0  0  0  0  0  0  0  0
  5   4   4   3   5   8   8   8  0  0  0  1  0  1  0  1  0  0  0  1  0   0  0  0   0   2  0  0  0  0  0  1   0  0  1  2  1  0  0  0
  3   3   2   5   3   4   2   4  0  0  0  0  0  0  0  0  1  0  0  0  0   0  0  0   1   0  0  0  0  0  0  0   1  0  1  1  0  1  0  0
  0   3   2   2   1   1   3   3  0  0  0  0  0  1  1  0  1  0  1  0  0   1  0  0   0   0  0  0  0  1  0  0   0  0  0  1  1  0  0  0
  7   5   3   7   7   8   7  11  1  0  0  0  0  0  0  0  1  0  2  1  0   0  1  0   0   0  0  0  0  0  1  0   0  2  1  0  1  0  1  0
  1   6   6   6   5   4   4   6  0  0  1  0  1  0  0  0  0  0  0  1  0   1  0  0   1   1  0  3  0  0  0  0   2  0  0  0  1  0  0  0
  2   2   3   2   5   3   3   4  0  0  0  0  0  0  0  0  0  0  1  1  0   0  0  0   0   1  0  0  0  1  1  0   1  0  0  0  0  1  0  0
  8   9   9   5   5   8   9   9  0  0  1  2  1  1  0  1  0  1  2  0  0   1  2  2   2   1  0  0  0  2  1  1   0  0  0  0  0  0  1  0
  3   4   2   3   1   5   4   2  1  0  1  0  0  1  0  0  1  1  0  1  0   1  0  1   0   0  0  0  0  1  0  1   1  1  0  0  0  0  0  0
  3   7   4   7   5   5   6   5  0  0  0  0  1  0  0  0  0  0  1  2  0   3  0  1   0   0  2  0  0  0  1  0   0  0  1  0  0  0  1  0
  7   5   7   8   4   5   8   6  0  0  0  0  1  1  0  0  1  0  0  0  0   1  0  1   1   0  0  1  0  0  0  0   1  0  0  1  0  1  0  0
  0   0   0   0   0   0   0   0  0  0  0  0  0  0  0  0  0  0  0  0  0   0  0  0   0   0  0  0  0  0  0  0   0  0  0  0  0  0  0  0
SKU(93, 199.0, 0.07)
SKU(100, 192.0, 0.08)
SKU(84, 118.0, 0.21)
SKU(127, 204.0, 0.1)
SKU(85, 135.0, 0.13)
SKU(86, 170.0, 0.08)
SKU(101, 205.0, 0.07)
SKU(111, 179.0, 0.11)
SKU(5, 32.0, 0.09)
SKU(3, 16.0, 0.21)
SKU(10, 41.0, 0.11)
SKU(6, 34.0, 0.12)
SKU(5, 20.0, 0.19)
SKU(9, 54.0, 0.07)
SKU(9, 63.0, 0.05)
SKU(3, 27.0, 0.09)
SKU(11, 57.0, 0.08)
SKU(6, 21.0, 0.12)
SKU(13, 26.0, 0.26)
SKU(14, 34.0, 0.17)
SKU(8, 54.0, 0.07)
SKU(12, 35.0, 0.16)
SKU(8, 36.0, 0.1)
SKU(9, 69.0, 0.05)
SKU(17, 52.0, 0.11)
SKU(15, 59.0, 0.09)
SKU(7, 31.0, 0.13)
SKU(12, 36.0, 0.16)
SKU(3, 37.0, 0.06)
SKU(11, 81.0, 0.04)
SKU(6, 20.0, 0.15)
SKU(4, 38.0, 0.06)
SKU(12, 61.0, 0.07)
SKU(9, 74.0, 0.05)
SKU(5, 24.0, 0.12)
SKU(18, 42.0, 0.16)
SKU(10, 75.0, 0.04)
SKU(9, 28.0, 0.14)
SKU(15, 52.0, 0.08)
SKU(0, 9.0, 0.12)

extremidades das matrizes:
S_hat: (-0.3247322387425969, 0.6739983161040443)
S_hat * P: (-0.31281795954760544, 0.6432984982480715)
W * S_hat: (-0.12127497709208454, 1.070103575117272)
W * S_hat * P: (-0.09939760724097005, 1.0220941018248548)
correlacao{S_hat, S_hat_hat} = 0.9050403186514433

Posicao 1 (Corredor 1, Prateleira -1)
   SKU 1 -> 75
   SKU 2 -> 5
   SKU 7 -> 205

Posicao 2 (Corredor 1, Prateleira -2)
   SKU 2 -> 42
   SKU 6 -> 170
   SKU 8 -> 27

Posicao 3 (Corredor 1, Prateleira -3)
   SKU 25 -> 52
   SKU 34 -> 74
   SKU 36 -> 42

Posicao 4 (Corredor 1, Prateleira -4)
   SKU 10 -> 16
   SKU 16 -> 27

Posicao 11 (Corredor 1, Prateleira 1)
   SKU 1 -> 120
   SKU 2 -> 145

Posicao 12 (Corredor 1, Prateleira 2)
   SKU 5 -> 116
   SKU 30 -> 81
   SKU 37 -> 42

Posicao 13 (Corredor 1, Prateleira 3)
   SKU 20 -> 34
   SKU 21 -> 54
   SKU 28 -> 36

Posicao 21 (Corredor 2, Prateleira -1)
   SKU 1 -> 4
   SKU 4 -> 196
   SKU 15 -> 2

Posicao 22 (Corredor 2, Prateleira -2)
   SKU 3 -> 74
   SKU 15 -> 61
   SKU 37 -> 33

Posicao 23 (Corredor 2, Prateleira -3)
   SKU 19 -> 26
   SKU 23 -> 36
   SKU 38 -> 28

Posicao 31 (Corredor 2, Prateleira 1)
   SKU 4 -> 8
   SKU 5 -> 19
   SKU 8 -> 152

Posicao 32 (Corredor 2, Prateleira 2)
   SKU 3 -> 44
   SKU 26 -> 59
   SKU 33 -> 61

Posicao 33 (Corredor 2, Prateleira 3)
   SKU 13 -> 20
   SKU 18 -> 21
   SKU 31 -> 20

Posicao 41 (Corredor 3, Prateleira -1)
   SKU 17 -> 57
   SKU 24 -> 69
   SKU 39 -> 52

Posicao 42 (Corredor 3, Prateleira -2)
   SKU 9 -> 32
   SKU 12 -> 34
   SKU 27 -> 31

Posicao 51 (Corredor 3, Prateleira 1)
   SKU 11 -> 41
   SKU 14 -> 54
   SKU 22 -> 35

Posicao 52 (Corredor 3, Prateleira 2)
   SKU 29 -> 37
   SKU 32 -> 38
   SKU 35 -> 24

Posicao 100 (Corredor 5, Prateleira 10)
   SKU 40 -> 9

