Rota do Picker 1: [0, 1, 21, 41, 6, 45, 23, 43, 5, 25, 26, 27, 46, 42, 22, 82, 61, 0]
Rota do Picker 2: [0, 1, 21, 41, 63, 45, 65, 27, 82, 3, 22, 6, 46, 4, 83, 23, 43, 5, 8, 26, 44, 81, 61, 0]
Rota do Picker 3: [0, 21, 41, 22, 42, 5, 25, 7, 8, 44, 3, 26, 65, 45, 43, 23, 61, 1, 0]
Rota do Picker 4: [0, 44, 64, 25, 81, 21, 41, 61, 43, 63, 23, 46, 26, 7, 27, 5, 62, 42, 22, 1, 0]
Rota do Picker 5: [0, 1, 41, 61, 62, 64, 3, 5, 65, 46, 26, 8, 6, 83, 43, 82, 42, 22, 21, 0]
Rota do Picker 6: [0, 83, 45, 5, 61, 41, 21, 25, 6, 26, 24, 44, 64, 8, 7, 82, 62, 22, 43, 23, 3, 1, 0]
Rota do Picker 7: [0, 22, 83, 63, 43, 62, 42, 65, 26, 6, 46, 25, 5, 45, 8, 7, 21, 1, 41, 61, 81, 3, 23, 0]
Rota do Picker 8: [0, 21, 41, 25, 5, 6, 27, 44, 22, 42, 3, 65, 46, 26, 7, 63, 23, 62, 82, 43, 61, 1, 0]
Rota do Picker 9: [0, 1, 21, 41, 61, 81, 23, 6, 26, 64, 44, 22, 42, 62, 27, 7, 5, 45, 25, 63, 83, 43, 3, 0]
Rota do Picker 10: [0, 82, 1, 21, 61, 3, 23, 43, 5, 45, 25, 8, 6, 2, 63, 83, 26, 64, 44, 62, 42, 22, 41, 0]
Rota do Picker 11: [0, 1, 21, 41, 22, 3, 23, 43, 63, 83, 62, 42, 65, 25, 26, 46, 27, 5, 0]
Rota do Picker 12: [0, 1, 21, 23, 6, 64, 3, 22, 5, 45, 25, 43, 63, 83, 81, 41, 11, 51, 71, 92, 0]

Caso de teste: SLAPRP_Guo_small_O200_alpha0.4_v7.txt

Distancia Total: 1052.0
Quantidade de Pickers: 12
