Rota do Picker 1: [0, 1, 21, 41, 61, 23, 5, 75, 6, 83, 63, 24, 65, 62, 81, 64, 43, 25, 0]
Rota do Picker 2: [0, 1, 61, 81, 12, 72, 15, 35, 34, 21, 41, 51, 36, 37, 0]
Rota do Picker 3: [0, 75, 62, 24, 43, 23, 41, 82, 61, 21, 1, 81, 0]
Rota do Picker 4: [0, 1, 21, 41, 61, 23, 5, 64, 65, 62, 81, 45, 43, 44, 8, 82, 7, 83, 26, 24, 25, 27, 63, 6, 0]
Rota do Picker 5: [0, 7, 6, 61, 8, 5, 43, 23, 81, 41, 21, 1, 24, 62, 45, 65, 63, 25, 44, 27, 46, 64, 82, 0]
Rota do Picker 6: [0, 62, 42, 24, 64, 65, 45, 5, 44, 81, 63, 43, 61, 83, 23, 41, 21, 1, 82, 0]
Rota do Picker 7: [0, 27, 26, 63, 41, 21, 64, 45, 23, 81, 1, 24, 25, 62, 5, 8, 7, 44, 83, 46, 4, 6, 43, 61, 0]

Caso de teste: SLAPRP_Guo_small_O100_alpha0.2_v8.txt

Distancia Total: 868.0
Quantidade de Pickers: 7
