Rota do Picker 1: [0, 51, 40, 20, 55, 48, 28, 8, 9, 69, 89, 46, 7, 27, 47, 87, 10, 45, 17, 97, 37, 32, 12, 0]
Rota do Picker 2: [0, 32, 55, 45, 46, 9, 48, 28, 8, 64, 84, 1, 21, 20, 97, 60, 17, 87, 47, 7, 27, 30, 69, 31, 0]
Rota do Picker 3: [0, 1, 26, 46, 8, 28, 10, 68, 20, 32, 13, 89, 69, 9, 7, 87, 55, 19, 17, 37, 48, 47, 27, 2, 51, 0]
Rota do Picker 4: [0, 45, 69, 9, 8, 50, 30, 10, 67, 27, 7, 47, 46, 26, 2, 32, 12, 78, 98, 31, 87, 28, 48, 60, 39, 18, 55, 1, 0]
Rota do Picker 5: [0, 12, 47, 26, 46, 8, 28, 48, 55, 19, 20, 60, 40, 7, 27, 30, 50, 9, 45, 13, 21, 2, 0]
Rota do Picker 6: [0, 1, 48, 30, 10, 7, 27, 69, 68, 45, 67, 21, 64, 84, 8, 28, 9, 46, 26, 87, 47, 2, 55, 20, 40, 39, 98, 31, 0]
Rota do Picker 7: [0, 17, 97, 37, 67, 27, 7, 8, 9, 69, 89, 30, 48, 26, 46, 45, 40, 19, 39, 20, 18, 55, 74, 0]
Rota do Picker 8: [0, 12, 74, 94, 13, 60, 37, 45, 67, 47, 7, 10, 50, 9, 28, 8, 46, 26, 21, 1, 31, 51, 68, 48, 69, 89, 27, 2, 0]
Rota do Picker 9: [0, 12, 27, 46, 1, 8, 28, 10, 30, 9, 45, 2, 22, 21, 26, 69, 89, 48, 68, 19, 60, 40, 32, 7, 74, 55, 0]
Rota do Picker 10: [0, 18, 19, 59, 37, 20, 40, 39, 98, 36, 55, 12, 64, 84, 32, 96, 94, 74, 17, 89, 9, 46, 10, 47, 67, 87, 51, 13, 50, 7, 8, 28, 21, 1, 27, 26, 48, 30, 45, 31, 0]
Rota do Picker 11: [0, 26, 68, 8, 10, 2, 9, 47, 87, 27, 1, 18, 39, 19, 55, 20, 36, 94, 74, 51, 17, 30, 7, 21, 0]
Rota do Picker 12: [0, 83, 27, 47, 7, 8, 9, 89, 45, 1, 26, 46, 48, 50, 69, 36, 0]

Caso de teste: SLAPRP_Guo_small_O200_alpha0.4_v4.txt

Distancia Total: 1996.0
Quantidade de Pickers: 12
