Rota do Picker 1: [0, 3, 11, 31, 51, 23, 41, 21, 1, 52, 32, 12, 13, 33, 42, 22, 2, 0]
Rota do Picker 2: [0, 1, 21, 12, 13, 31, 51, 52, 32, 11, 23, 3, 2, 22, 42, 0]
Rota do Picker 3: [0, 1, 2, 22, 42, 11, 51, 21, 41, 3, 13, 12, 32, 31, 0]
Rota do Picker 4: [0, 1, 21, 41, 13, 32, 12, 31, 11, 3, 22, 2, 23, 0]
Rota do Picker 5: [0, 1, 21, 41, 11, 31, 12, 33, 13, 22, 2, 23, 3, 0]
Rota do Picker 6: [0, 31, 11, 33, 13, 52, 32, 12, 2, 41, 21, 1, 22, 42, 0]
Rota do Picker 7: [0, 1, 42, 2, 22, 23, 3, 41, 21, 11, 31, 51, 12, 32, 13, 0]
Rota do Picker 8: [0, 1, 21, 22, 42, 23, 3, 2, 11, 33, 13, 31, 51, 12, 32, 0]
Rota do Picker 9: [0, 12, 11, 31, 41, 1, 21, 2, 22, 3, 0]
Rota do Picker 10: [0, 1, 2, 22, 3, 21, 41, 32, 12, 33, 51, 11, 31, 0]
Rota do Picker 11: [0, 51, 31, 11, 41, 21, 1, 12, 32, 23, 3, 2, 0]
Rota do Picker 12: [0, 1, 21, 31, 51, 2, 22, 23, 3, 11, 32, 52, 12, 0]

Caso de teste: SLAPRP_Guo_small_O200_alpha0.4_v7.txt

Distancia Total: 514.0
Quantidade de Pickers: 12
