Rota do Picker 1: [0, 1, 0]
Rota do Picker 2: [0, 1, 0]
Rota do Picker 3: [0, 1, 0]
Rota do Picker 4: [0, 6, 26, 46, 66, 63, 23, 81, 61, 21, 1, 34, 36, 17, 15, 53, 93, 65, 27, 5, 64, 44, 42, 0]
Rota do Picker 5: [0, 1, 21, 5, 65, 85, 53, 31, 51, 55, 35, 47, 6, 34, 54, 16, 36, 61, 81, 42, 25, 7, 27, 83, 63, 23, 44, 0]
Rota do Picker 6: [0, 1, 21, 5, 65, 8, 83, 23, 34, 16, 35, 6, 63, 73, 53, 45, 42, 81, 61, 0]
Rota do Picker 7: [0, 1, 22, 42, 62, 4, 45, 5, 21, 81, 61, 41, 23, 63, 16, 36, 15, 54, 14, 53, 25, 46, 6, 83, 34, 93, 0]
Rota do Picker 8: [0, 1, 42, 82, 5, 45, 65, 85, 25, 54, 17, 14, 26, 28, 16, 74, 53, 3, 83, 63, 24, 44, 81, 61, 21, 35, 0]
Rota do Picker 9: [0, 1, 61, 81, 14, 13, 0]
Rota do Picker 10: [0, 6, 1, 21, 61, 81, 15, 55, 73, 93, 34, 14, 42, 4, 84, 7, 27, 26, 45, 66, 35, 16, 44, 64, 25, 5, 63, 23, 8, 54, 0]

Caso de teste: SLAPRP_Guo_small_O100_alpha0.2_v3.txt

Distancia Total: 906.0
Quantidade de Pickers: 10
