Rota do Picker 1: [0, 1, 21, 31, 51, 13, 52, 12, 32, 33, 23, 3, 2, 22, 42, 11, 0]
Rota do Picker 2: [0, 1, 12, 32, 52, 31, 22, 42, 21, 41, 3, 23, 2, 51, 11, 0]
Rota do Picker 3: [0, 1, 21, 41, 2, 42, 22, 3, 51, 31, 11, 0]
Rota do Picker 4: [0, 12, 52, 32, 33, 13, 31, 11, 22, 2, 1, 21, 23, 3, 0]
Rota do Picker 5: [0, 1, 3, 22, 2, 21, 41, 31, 11, 32, 52, 12, 13, 33, 0]
Rota do Picker 6: [0, 12, 32, 2, 22, 3, 13, 33, 11, 51, 31, 41, 21, 1, 0]
Rota do Picker 7: [0, 51, 31, 11, 13, 12, 23, 3, 2, 22, 41, 21, 1, 0]
Rota do Picker 8: [0, 31, 2, 22, 42, 41, 21, 1, 13, 33, 32, 12, 51, 11, 0]
Rota do Picker 9: [0, 1, 41, 13, 33, 12, 51, 31, 11, 22, 2, 21, 3, 0]
Rota do Picker 10: [0, 3, 23, 2, 42, 1, 21, 11, 31, 51, 12, 52, 33, 13, 0]
Rota do Picker 11: [0, 1, 21, 41, 11, 32, 12, 52, 31, 42, 22, 2, 3, 0]
Rota do Picker 12: [0, 31, 11, 32, 12, 1, 21, 3, 2, 41, 0]
Rota do Picker 13: [0, 1, 41, 23, 3, 22, 42, 2, 12, 32, 52, 13, 51, 31, 11, 21, 0]

Caso de teste: SLAPRP_Guo_small_O200_alpha0.2_v3.txt

Distancia Total: 542.0
Quantidade de Pickers: 13
