Rota do Picker 1: [0, 26, 46, 8, 28, 68, 9, 45, 22, 18, 37, 97, 60, 40, 20, 7, 27, 67, 87, 48, 1, 0]
Rota do Picker 2: [0, 21, 55, 74, 94, 40, 59, 98, 18, 28, 65, 12, 13, 87, 69, 41, 1, 8, 9, 30, 7, 27, 67, 50, 22, 85, 45, 46, 26, 2, 0]
Rota do Picker 3: [0, 1, 9, 10, 7, 8, 69, 89, 30, 45, 40, 20, 18, 85, 65, 46, 26, 27, 87, 68, 48, 57, 2, 97, 37, 12, 0]
Rota do Picker 4: [0, 45, 65, 60, 20, 2, 22, 7, 27, 87, 17, 32, 36, 18, 28, 8, 46, 26, 50, 10, 9, 1, 0]
Rota do Picker 5: [0, 45, 65, 1, 8, 48, 9, 28, 17, 37, 30, 7, 27, 67, 46, 26, 87, 10, 89, 21, 74, 94, 12, 3, 20, 98, 18, 55, 39, 60, 31, 0]
Rota do Picker 6: [0, 11, 13, 55, 75, 18, 45, 30, 9, 28, 8, 41, 21, 68, 69, 89, 10, 7, 27, 67, 26, 46, 65, 32, 39, 57, 36, 74, 94, 31, 59, 0]

Caso de teste: SLAPRP_Guo_small_O100_alpha0.2_v9.txt

Distancia Total: 1108.0
Quantidade de Pickers: 6
