Rota do Picker 1: [0, 55, 8, 85, 44, 21, 1, 61, 81, 24, 15, 63, 25, 23, 43, 5, 46, 26, 16, 65, 64, 4, 0]
Rota do Picker 2: [0, 1, 21, 81, 23, 5, 15, 53, 93, 0]
Rota do Picker 3: [0, 73, 13, 61, 74, 55, 41, 53, 93, 16, 23, 21, 35, 15, 83, 63, 81, 1, 62, 17, 64, 24, 5, 44, 43, 0]
Rota do Picker 4: [0, 24, 5, 7, 63, 43, 23, 61, 21, 1, 81, 64, 26, 4, 83, 65, 27, 8, 9, 6, 84, 85, 25, 44, 42, 0]
Rota do Picker 5: [0, 24, 25, 5, 81, 8, 43, 23, 61, 21, 1, 7, 28, 63, 83, 45, 4, 82, 42, 2, 9, 44, 85, 15, 27, 0]
Rota do Picker 6: [0, 83, 21, 5, 43, 23, 81, 1, 61, 4, 24, 64, 84, 63, 46, 45, 25, 26, 6, 7, 65, 0]
Rota do Picker 7: [0, 81, 24, 8, 16, 74, 43, 23, 61, 53, 1, 21, 5, 6, 17, 3, 64, 65, 25, 84, 15, 7, 4, 63, 26, 0]

Caso de teste: SLAPRP_Guo_small_O100_alpha0.3_v5.txt

Distancia Total: 1042.0
Quantidade de Pickers: 7
