Rota do Picker 1: [0, 46, 27, 87, 9, 50, 28, 10, 45, 47, 30, 7, 89, 8, 26, 0]
Rota do Picker 2: [0, 2, 46, 9, 27, 20, 40, 60, 76, 87, 45, 11, 55, 37, 18, 39, 77, 30, 19, 50, 57, 7, 28, 94, 74, 0]
Rota do Picker 3: [0, 26, 46, 8, 9, 27, 18, 10, 45, 40, 1, 67, 87, 22, 28, 65, 3, 47, 21, 2, 31, 30, 7, 0]
Rota do Picker 4: [0, 31, 30, 41, 10, 28, 47, 45, 20, 87, 21, 26, 83, 2, 1, 68, 60, 40, 18, 9, 46, 8, 67, 27, 7, 3, 0]
Rota do Picker 5: [0, 30, 65, 50, 2, 10, 28, 84, 64, 45, 9, 7, 87, 27, 8, 46, 26, 3, 41, 0]
Rota do Picker 6: [0, 60, 89, 9, 2, 68, 64, 47, 87, 50, 76, 20, 45, 28, 8, 26, 40, 18, 10, 46, 27, 7, 21, 1, 0]
Rota do Picker 7: [0, 8, 30, 76, 2, 60, 68, 27, 7, 47, 67, 89, 20, 9, 10, 1, 18, 50, 28, 65, 45, 46, 26, 11, 12, 0]

Caso de teste: SLAPRP_Guo_small_O100_alpha0.3_v6.txt

Distancia Total: 1436.0
Quantidade de Pickers: 7
