Rota do Picker 1: [0, 1, 0]
Rota do Picker 2: [0, 1, 41, 61, 32, 14, 15, 35, 34, 54, 6, 3, 42, 62, 23, 43, 71, 91, 57, 38, 94, 74, 21, 0]
Rota do Picker 3: [0, 21, 41, 32, 35, 34, 18, 38, 4, 64, 62, 82, 42, 43, 45, 24, 16, 14, 54, 74, 57, 37, 17, 15, 44, 1, 3, 23, 71, 91, 0]
Rota do Picker 4: [0, 1, 21, 32, 14, 34, 15, 35, 76, 36, 44, 64, 3, 23, 13, 33, 16, 38, 24, 4, 61, 41, 5, 25, 75, 95, 74, 54, 12, 92, 91, 71, 0]
Rota do Picker 5: [0, 1, 3, 5, 35, 55, 56, 14, 34, 54, 94, 16, 36, 17, 19, 15, 32, 21, 41, 61, 81, 0]
Rota do Picker 6: [0, 6, 44, 42, 62, 25, 63, 23, 4, 5, 71, 91, 19, 55, 35, 15, 14, 32, 38, 33, 13, 43, 3, 64, 93, 73, 61, 41, 21, 1, 0]
Rota do Picker 7: [0, 1, 81, 21, 41, 61, 14, 54, 36, 16, 18, 75, 55, 35, 15, 32, 23, 3, 56, 76, 19, 57, 37, 33, 13, 93, 73, 0]
Rota do Picker 8: [0, 3, 82, 81, 41, 22, 42, 62, 36, 56, 18, 57, 35, 15, 6, 5, 75, 73, 53, 4, 13, 33, 16, 44, 64, 54, 34, 14, 32, 21, 1, 0]
Rota do Picker 9: [0, 12, 32, 15, 35, 19, 76, 17, 5, 82, 42, 22, 4, 24, 36, 37, 45, 25, 3, 61, 41, 21, 1, 0]
Rota do Picker 10: [0, 1, 41, 21, 81, 25, 82, 22, 42, 15, 35, 38, 19, 36, 53, 71, 91, 31, 51, 12, 32, 34, 3, 83, 23, 43, 74, 94, 54, 14, 13, 73, 33, 4, 62, 0]
Rota do Picker 11: [0, 1, 41, 21, 4, 24, 14, 54, 38, 15, 35, 64, 3, 42, 22, 62, 82, 44, 75, 55, 61, 81, 76, 93, 73, 53, 33, 45, 5, 6, 37, 13, 0]
Rota do Picker 12: [0, 12, 15, 23, 21, 1, 22, 42, 14, 16, 75, 35, 3, 63, 83, 13, 33, 93, 18, 72, 32, 95, 71, 91, 0]
Rota do Picker 13: [0, 1, 21, 41, 61, 32, 14, 54, 35, 15, 3, 43, 6, 5, 63, 56, 17, 37, 12, 13, 33, 34, 74, 95, 24, 4, 64, 44, 42, 22, 0]

Caso de teste: SLAPRP_Guo_small_O200_alpha0.3_v10.txt

Distancia Total: 1742.0
Quantidade de Pickers: 13
