Rota do Picker 1: [0, 21, 23, 62, 65, 82, 43, 83, 44, 5, 61, 41, 1, 6, 63, 26, 0]
Rota do Picker 2: [0, 64, 25, 81, 26, 46, 63, 42, 7, 65, 45, 83, 1, 21, 41, 23, 43, 5, 8, 61, 6, 44, 82, 0]
Rota do Picker 3: [0, 46, 44, 63, 81, 26, 7, 65, 5, 43, 21, 45, 83, 23, 61, 41, 1, 64, 0]
Rota do Picker 4: [0, 1, 21, 81, 61, 41, 63, 43, 62, 5, 83, 23, 82, 22, 42, 0]
Rota do Picker 5: [0, 27, 63, 8, 6, 64, 83, 7, 62, 45, 23, 44, 46, 61, 5, 25, 43, 26, 24, 4, 81, 41, 21, 1, 0]
Rota do Picker 6: [0, 1, 21, 41, 23, 6, 7, 65, 8, 27, 45, 44, 43, 63, 46, 5, 83, 61, 25, 26, 62, 0]
Rota do Picker 7: [0, 1, 21, 41, 61, 32, 34, 0]

Caso de teste: SLAPRP_Guo_small_O100_alpha0.3_v5.txt

Distancia Total: 762.0
Quantidade de Pickers: 7
