Rota do Picker 1: [0, 35, 7, 24, 1, 61, 5, 36, 83, 54, 74, 17, 15, 55, 6, 18, 43, 81, 41, 21, 16, 62, 3, 63, 0]
Rota do Picker 2: [0, 46, 93, 53, 26, 6, 84, 35, 74, 25, 5, 75, 7, 2, 15, 91, 62, 43, 24, 81, 1, 21, 41, 61, 3, 65, 0]
Rota do Picker 3: [0, 15, 43, 42, 21, 18, 65, 3, 41, 75, 16, 36, 25, 45, 74, 26, 6, 17, 83, 5, 94, 34, 62, 64, 24, 61, 1, 81, 0]
Rota do Picker 4: [0, 1, 21, 3, 43, 35, 45, 26, 83, 84, 82, 64, 65, 63, 62, 24, 61, 41, 0]
Rota do Picker 5: [0, 91, 7, 41, 21, 24, 5, 43, 3, 61, 1, 62, 83, 25, 65, 6, 82, 32, 45, 44, 81, 0]
Rota do Picker 6: [0, 1, 41, 61, 3, 43, 65, 55, 18, 36, 62, 25, 17, 84, 24, 21, 64, 16, 56, 74, 7, 5, 15, 44, 6, 94, 35, 91, 0]
Rota do Picker 7: [0, 61, 16, 43, 1, 42, 82, 18, 62, 24, 81, 21, 12, 72, 15, 75, 6, 35, 41, 53, 64, 94, 17, 3, 5, 36, 91, 55, 56, 54, 0]
Rota do Picker 8: [0, 75, 15, 26, 1, 41, 61, 43, 6, 55, 21, 3, 24, 62, 74, 54, 46, 36, 25, 94, 51, 83, 81, 91, 64, 16, 34, 65, 5, 0]
Rota do Picker 9: [0, 1, 21, 41, 61, 24, 43, 81, 25, 3, 62, 83, 16, 6, 5, 0]
Rota do Picker 10: [0, 56, 83, 61, 21, 91, 82, 64, 55, 45, 25, 81, 36, 7, 35, 84, 41, 94, 62, 43, 24, 1, 74, 16, 65, 46, 3, 6, 18, 0]
Rota do Picker 11: [0, 1, 21, 41, 61, 81, 3, 62, 24, 83, 26, 43, 63, 7, 44, 6, 84, 25, 45, 64, 65, 5, 42, 0]
Rota do Picker 12: [0, 1, 41, 61, 43, 83, 25, 62, 44, 63, 64, 84, 7, 45, 17, 21, 3, 6, 81, 5, 65, 91, 24, 0]

Caso de teste: SLAPRP_Guo_small_O200_alpha0.4_v4.txt

Distancia Total: 2468.0
Quantidade de Pickers: 12
