Rota do Picker 1: [0, 1, 0]
Rota do Picker 2: [0, 1, 3, 0]
Rota do Picker 3: [0, 1, 0]
Rota do Picker 4: [0, 3, 22, 2, 20, 13, 12, 31, 11, 21, 41, 61, 1, 52, 32, 0]
Rota do Picker 5: [0, 1, 21, 13, 31, 23, 3, 2, 61, 12, 11, 51, 22, 42, 52, 0]
Rota do Picker 6: [0, 3, 22, 31, 51, 32, 12, 20, 13, 11, 2, 41, 21, 1, 0]
Rota do Picker 7: [0, 11, 14, 1, 21, 41, 12, 32, 20, 31, 51, 42, 2, 3, 23, 0]
Rota do Picker 8: [0, 12, 32, 11, 71, 31, 3, 2, 20, 13, 41, 21, 1, 42, 22, 0]
Rota do Picker 9: [0, 2, 3, 23, 11, 31, 51, 32, 12, 21, 41, 61, 1, 13, 20, 52, 0]
Rota do Picker 10: [0, 3, 22, 2, 42, 32, 13, 14, 12, 31, 51, 11, 41, 21, 1, 0]
Rota do Picker 11: [0, 21, 61, 41, 22, 2, 3, 4, 51, 31, 20, 14, 13, 1, 52, 32, 12, 11, 0]
Rota do Picker 12: [0, 1, 21, 41, 61, 12, 32, 52, 13, 51, 71, 31, 11, 22, 2, 0]
Rota do Picker 13: [0, 1, 21, 41, 22, 2, 12, 13, 31, 51, 11, 20, 0]
Rota do Picker 14: [0, 1, 3, 23, 61, 21, 41, 32, 52, 4, 42, 22, 2, 11, 31, 12, 13, 71, 51, 0]

Caso de teste: SLAPRP_Guo_small_O200_alpha0.4_v5.txt

Distancia Total: 684.0
Quantidade de Pickers: 14
