Rota do Picker 1: [0, 26, 46, 7, 47, 87, 9, 68, 10, 3, 27, 67, 45, 64, 84, 19, 36, 13, 30, 8, 11, 0]
Rota do Picker 2: [0, 12, 55, 75, 46, 26, 7, 9, 45, 1, 18, 98, 19, 20, 13, 94, 89, 69, 8, 28, 27, 87, 47, 21, 0]
Rota do Picker 3: [0, 26, 46, 9, 22, 33, 13, 83, 23, 3, 7, 47, 32, 37, 76, 20, 18, 84, 64, 8, 28, 10, 30, 67, 27, 1, 0]
Rota do Picker 4: [0, 1, 26, 46, 28, 8, 67, 47, 27, 22, 3, 87, 45, 9, 30, 10, 68, 7, 61, 51, 0]
Rota do Picker 5: [0, 22, 3, 69, 89, 7, 27, 10, 26, 46, 8, 28, 9, 45, 18, 32, 37, 41, 0]
Rota do Picker 6: [0, 12, 61, 41, 8, 27, 47, 9, 30, 45, 18, 19, 21, 1, 7, 46, 26, 28, 67, 87, 22, 3, 11, 0]
Rota do Picker 7: [0, 27, 47, 0]
Rota do Picker 8: [0, 21, 83, 3, 77, 55, 12, 28, 9, 27, 36, 18, 39, 19, 57, 37, 74, 51, 97, 40, 20, 23, 7, 46, 26, 10, 8, 47, 87, 45, 11, 0]
Rota do Picker 9: [0, 1, 7, 27, 84, 3, 26, 8, 28, 23, 9, 10, 30, 46, 41, 31, 51, 68, 13, 18, 59, 36, 39, 94, 74, 57, 19, 55, 12, 0]
Rota do Picker 10: [0, 83, 11, 33, 32, 26, 30, 10, 7, 8, 46, 9, 45, 18, 19, 36, 67, 47, 27, 3, 0]
Rota do Picker 11: [0, 12, 40, 20, 51, 11, 89, 8, 7, 27, 47, 87, 67, 28, 13, 33, 45, 69, 41, 1, 26, 46, 9, 10, 36, 23, 0]

Caso de teste: SLAPRP_Guo_small_O200_alpha0.3_v3.txt

Distancia Total: 1556.0
Quantidade de Pickers: 11
