Rota do Picker 1: [0, 41, 61, 23, 43, 46, 26, 62, 82, 21, 81, 3, 45, 25, 7, 8, 64, 44, 24, 22, 5, 83, 63, 1, 0]
Rota do Picker 2: [0, 1, 61, 46, 42, 5, 25, 24, 23, 43, 83, 45, 65, 62, 82, 41, 21, 0]
Rota do Picker 3: [0, 21, 41, 61, 81, 25, 5, 65, 82, 62, 64, 44, 7, 27, 6, 26, 24, 63, 43, 23, 1, 0]
Rota do Picker 4: [0, 1, 81, 61, 21, 24, 64, 6, 25, 45, 27, 23, 43, 63, 26, 8, 7, 5, 41, 0]
Rota do Picker 5: [0, 41, 21, 61, 81, 1, 24, 82, 62, 23, 43, 83, 44, 4, 5, 33, 0]
Rota do Picker 6: [0, 1, 21, 61, 81, 24, 27, 23, 43, 63, 46, 6, 7, 64, 44, 25, 5, 41, 0]

Caso de teste: SLAPRP_Guo_small_O100_alpha0.4_v1.txt

Distancia Total: 498.0
Quantidade de Pickers: 6
