Rota do Picker 1: [0, 26, 64, 82, 45, 46, 44, 24, 41, 7, 23, 1, 21, 3, 5, 6, 27, 43, 4, 25, 65, 83, 42, 8, 0]
Rota do Picker 2: [0, 1, 21, 3, 23, 5, 27, 62, 42, 4, 24, 6, 41, 61, 8, 43, 26, 45, 7, 65, 63, 64, 44, 25, 46, 0]
Rota do Picker 3: [0, 72, 17, 56, 16, 15, 34, 91, 42, 62, 18, 92, 1, 21, 41, 11, 33, 93, 52, 61, 14, 37, 54, 0]
Rota do Picker 4: [0, 41, 61, 45, 82, 26, 1, 21, 42, 5, 25, 43, 3, 7, 23, 6, 72, 4, 24, 8, 81, 62, 27, 46, 44, 0]
Rota do Picker 5: [0, 1, 21, 23, 42, 62, 5, 18, 64, 72, 27, 3, 43, 82, 4, 24, 17, 81, 61, 41, 52, 0]
Rota do Picker 6: [0, 72, 25, 61, 2, 22, 65, 8, 44, 63, 5, 3, 4, 24, 83, 43, 7, 82, 62, 42, 23, 64, 41, 21, 1, 0]

Caso de teste: SLAPRP_Guo_small_O100_alpha0.3_v2.txt

Distancia Total: 930.0
Quantidade de Pickers: 6
