Rota do Picker 1: [0, 1, 21, 41, 5, 6, 4, 25, 7, 24, 44, 64, 26, 27, 45, 22, 62, 82, 42, 23, 63, 43, 0]
Rota do Picker 2: [0, 22, 62, 42, 4, 24, 7, 8, 64, 6, 27, 5, 43, 23, 1, 81, 61, 41, 21, 0]
Rota do Picker 3: [0, 41, 61, 8, 27, 6, 26, 46, 7, 22, 23, 43, 63, 3, 45, 25, 5, 42, 21, 1, 4, 24, 44, 62, 82, 0]
Rota do Picker 4: [0, 41, 61, 21, 1, 83, 43, 5, 45, 15, 82, 22, 62, 44, 63, 3, 23, 64, 24, 4, 34, 14, 55, 36, 16, 51, 31, 11, 93, 0]
Rota do Picker 5: [0, 1, 21, 22, 42, 5, 6, 46, 4, 24, 62, 2, 0]
Rota do Picker 6: [0, 1, 4, 3, 23, 8, 7, 17, 37, 56, 36, 74, 34, 14, 61, 41, 21, 81, 25, 5, 26, 6, 43, 0]

Caso de teste: SLAPRP_Guo_small_O100_alpha0.4_v5.txt

Distancia Total: 534.0
Quantidade de Pickers: 6
