Rota do Picker 1: [0, 66, 8, 7, 30, 10, 26, 3, 41, 21, 2, 50, 68, 42, 43, 0]
Rota do Picker 2: [0, 21, 2, 12, 55, 20, 77, 7, 10, 78, 34, 11, 52, 96, 40, 76, 36, 42, 22, 51, 41, 0]
Rota do Picker 3: [0, 21, 2, 42, 7, 8, 66, 62, 4, 10, 30, 68, 3, 61, 1, 22, 41, 26, 50, 0]
Rota do Picker 4: [0, 41, 2, 42, 7, 26, 66, 21, 43, 8, 50, 3, 10, 30, 12, 61, 62, 68, 4, 0]
Rota do Picker 5: [0, 8, 66, 36, 76, 41, 2, 10, 96, 0]
Rota do Picker 6: [0, 41, 71, 0]
Rota do Picker 7: [0, 21, 41, 7, 8, 36, 76, 61, 10, 22, 1, 24, 30, 62, 23, 68, 4, 26, 40, 3, 2, 66, 96, 0]
Rota do Picker 8: [0, 21, 41, 2, 66, 26, 8, 1, 62, 96, 68, 61, 10, 76, 7, 71, 30, 3, 42, 4, 0]

Caso de teste: SLAPRP_Guo_small_O100_alpha0.4_v6.txt

Distancia Total: 1078.0
Quantidade de Pickers: 8
