Rota do Picker 1: [0, 1, 21, 3, 4, 24, 44, 32, 52, 53, 45, 5, 63, 42, 22, 36, 26, 2, 83, 14, 82, 15, 7, 46, 43, 81, 23, 61, 41, 6, 33, 0]
Rota do Picker 2: [0, 46, 7, 14, 73, 36, 52, 44, 4, 93, 18, 24, 43, 23, 3, 72, 32, 22, 21, 1, 54, 0]
Rota do Picker 3: [0, 33, 64, 7, 21, 23, 6, 5, 24, 4, 41, 1, 46, 25, 65, 81, 2, 63, 83, 3, 26, 27, 45, 8, 44, 43, 61, 22, 42, 32, 0]
Rota do Picker 4: [0, 33, 93, 46, 7, 61, 44, 32, 15, 8, 83, 82, 63, 27, 24, 64, 1, 21, 41, 3, 23, 43, 5, 6, 4, 25, 42, 62, 22, 0]
Rota do Picker 5: [0, 1, 2, 3, 23, 43, 27, 25, 41, 21, 82, 63, 6, 5, 64, 65, 45, 83, 61, 26, 24, 7, 81, 4, 42, 44, 0]
Rota do Picker 6: [0, 1, 52, 92, 23, 3, 32, 18, 51, 11, 41, 54, 72, 12, 17, 33, 21, 34, 73, 16, 36, 74, 93, 37, 15, 53, 22, 61, 56, 0]
Rota do Picker 7: [0, 1, 4, 24, 73, 93, 63, 42, 26, 46, 25, 23, 81, 3, 64, 33, 27, 7, 5, 6, 8, 21, 83, 43, 45, 65, 82, 0]
Rota do Picker 8: [0, 33, 25, 5, 3, 41, 36, 26, 23, 64, 24, 4, 21, 1, 65, 43, 61, 6, 82, 44, 15, 83, 63, 53, 91, 72, 27, 22, 81, 93, 32, 0]
Rota do Picker 9: [0, 15, 27, 8, 43, 23, 6, 24, 4, 3, 61, 41, 1, 33, 46, 26, 64, 5, 62, 42, 45, 25, 22, 2, 44, 21, 82, 7, 83, 65, 81, 63, 0]
Rota do Picker 10: [0, 3, 4, 24, 44, 13, 33, 53, 1, 21, 81, 15, 63, 23, 22, 2, 72, 52, 64, 36, 43, 61, 41, 42, 62, 5, 32, 82, 83, 71, 25, 0]
Rota do Picker 11: [0, 1, 21, 3, 23, 31, 53, 82, 63, 8, 64, 41, 26, 24, 81, 61, 5, 83, 25, 62, 46, 6, 4, 42, 43, 65, 7, 33, 0]
Rota do Picker 12: [0, 1, 61, 81, 4, 21, 3, 43, 6, 32, 27, 62, 22, 41, 23, 64, 42, 2, 83, 63, 82, 24, 65, 44, 5, 53, 15, 46, 26, 0]
Rota do Picker 13: [0, 93, 53, 42, 22, 35, 1, 91, 18, 73, 56, 74, 54, 3, 61, 41, 33, 15, 65, 72, 92, 36, 32, 43, 23, 21, 4, 37, 5, 24, 44, 17, 52, 0]

Caso de teste: SLAPRP_Guo_small_O200_alpha0.4_v10.txt

Distancia Total: 2630.0
Quantidade de Pickers: 13
