Rota do Picker 1: [0, 9, 89, 48, 7, 87, 69, 30, 10, 65, 85, 50, 45, 47, 27, 8, 46, 26, 64, 0]
Rota do Picker 2: [0, 7, 8, 57, 26, 46, 27, 45, 20, 9, 87, 1, 85, 84, 83, 47, 37, 50, 10, 64, 89, 48, 65, 60, 0]
Rota do Picker 3: [0, 2, 26, 9, 45, 20, 30, 48, 21, 8, 37, 57, 1, 65, 87, 10, 97, 0]
Rota do Picker 4: [0, 1, 48, 8, 45, 30, 85, 10, 87, 7, 9, 47, 27, 46, 26, 41, 50, 0]
Rota do Picker 5: [0, 8, 83, 45, 26, 46, 9, 10, 30, 20, 69, 48, 89, 94, 84, 64, 50, 57, 47, 87, 27, 7, 21, 85, 0]
Rota do Picker 6: [0, 31, 36, 85, 45, 27, 57, 60, 0]
Rota do Picker 7: [0, 1, 11, 93, 94, 60, 7, 8, 21, 57, 37, 96, 77, 59, 36, 98, 38, 74, 31, 20, 85, 41, 30, 39, 18, 75, 55, 12, 10, 0]

Caso de teste: SLAPRP_Guo_small_O100_alpha0.4_v3.txt

Distancia Total: 1330.0
Quantidade de Pickers: 7
