Rota do Picker 1: [0, 1, 12, 32, 52, 34, 53, 17, 77, 57, 35, 15, 23, 3, 5, 4, 21, 55, 91, 56, 96, 20, 38, 92, 82, 62, 42, 39, 54, 0]
Rota do Picker 2: [0, 31, 37, 17, 55, 35, 15, 20, 52, 32, 12, 21, 41, 3, 24, 5, 76, 16, 39, 56, 36, 73, 53, 33, 13, 1, 23, 0]
Rota do Picker 3: [0, 1, 20, 18, 56, 93, 53, 73, 16, 36, 97, 77, 32, 12, 52, 71, 91, 75, 15, 35, 39, 58, 38, 19, 54, 34, 14, 94, 74, 33, 13, 43, 3, 0]
Rota do Picker 4: [0, 12, 52, 34, 74, 94, 53, 57, 97, 56, 36, 16, 14, 75, 95, 20, 19, 32, 23, 42, 3, 38, 58, 39, 17, 33, 13, 41, 21, 1, 61, 0]
Rota do Picker 5: [0, 32, 12, 52, 56, 16, 38, 19, 39, 13, 53, 76, 34, 14, 17, 18, 58, 93, 33, 95, 35, 15, 41, 21, 1, 23, 5, 24, 0]
Rota do Picker 6: [0, 16, 36, 96, 76, 56, 53, 33, 13, 95, 75, 55, 35, 15, 72, 52, 32, 12, 1, 3, 43, 5, 0]
Rota do Picker 7: [0, 32, 1, 34, 14, 93, 53, 75, 56, 91, 12, 54, 18, 57, 33, 13, 20, 17, 19, 36, 16, 21, 61, 62, 0]
Rota do Picker 8: [0, 1, 91, 12, 52, 32, 34, 54, 94, 53, 93, 5, 42, 62, 43, 14, 97, 57, 22, 51, 4, 41, 21, 76, 0]
Rota do Picker 9: [0, 41, 21, 61, 1, 17, 77, 75, 15, 3, 63, 43, 20, 14, 74, 54, 34, 52, 12, 32, 13, 0]
Rota do Picker 10: [0, 1, 41, 21, 13, 33, 15, 35, 12, 32, 19, 94, 18, 76, 36, 16, 81, 22, 42, 34, 14, 53, 23, 3, 0]
Rota do Picker 11: [0, 1, 12, 93, 13, 73, 42, 3, 23, 4, 24, 14, 34, 54, 37, 77, 17, 33, 53, 55, 35, 15, 52, 32, 0]

Caso de teste: SLAPRP_Guo_small_O200_alpha0.4_v5.txt

Distancia Total: 1438.0
Quantidade de Pickers: 11
