Rota do Picker 1: [0, 1, 21, 41, 61, 23, 83, 43, 4, 24, 16, 36, 18, 17, 64, 44, 82, 25, 42, 62, 32, 72, 15, 0]
Rota do Picker 2: [0, 21, 41, 81, 18, 56, 1, 61, 42, 62, 26, 32, 15, 55, 37, 5, 24, 4, 22, 17, 36, 16, 63, 43, 23, 3, 0]
Rota do Picker 3: [0, 1, 13, 33, 53, 93, 16, 73, 32, 72, 92, 34, 94, 74, 54, 14, 61, 41, 21, 23, 43, 25, 5, 4, 62, 42, 22, 82, 64, 44, 3, 0]
Rota do Picker 4: [0, 14, 54, 34, 73, 93, 33, 13, 4, 44, 15, 35, 36, 16, 17, 55, 12, 11, 6, 5, 45, 52, 72, 32, 41, 42, 62, 63, 23, 3, 21, 1, 2, 0]
Rota do Picker 5: [0, 41, 21, 61, 81, 1, 5, 25, 32, 55, 75, 15, 56, 36, 17, 42, 22, 4, 23, 63, 26, 7, 14, 13, 33, 53, 73, 31, 71, 0]
Rota do Picker 6: [0, 41, 61, 21, 1, 6, 8, 7, 27, 32, 52, 12, 15, 0]

Caso de teste: SLAPRP_Guo_small_O100_alpha0.4_v5.txt

Distancia Total: 700.0
Quantidade de Pickers: 6
