Rota do Picker 1: [0, 13, 45, 9, 28, 8, 46, 26, 21, 55, 18, 39, 40, 20, 50, 10, 30, 7, 3, 2, 1, 23, 22, 0]
Rota do Picker 2: [0, 45, 30, 9, 7, 46, 26, 2, 28, 8, 42, 22, 41, 21, 61, 32, 39, 55, 12, 36, 96, 76, 60, 40, 20, 0]
Rota do Picker 3: [0, 8, 28, 9, 69, 26, 3, 7, 50, 61, 22, 2, 46, 1, 21, 10, 30, 45, 20, 0]
Rota do Picker 4: [0, 7, 10, 45, 76, 96, 55, 31, 4, 23, 42, 22, 1, 21, 30, 52, 69, 9, 28, 8, 46, 26, 2, 0]
Rota do Picker 5: [0, 33, 45, 30, 9, 46, 26, 2, 42, 22, 1, 21, 74, 94, 55, 71, 51, 23, 3, 8, 28, 7, 40, 39, 18, 37, 17, 11, 61, 4, 83, 0]
Rota do Picker 6: [0, 2, 46, 8, 10, 26, 45, 61, 28, 68, 9, 69, 11, 14, 17, 37, 36, 96, 71, 51, 50, 30, 41, 21, 1, 7, 3, 23, 31, 13, 0]
Rota do Picker 7: [0, 11, 31, 32, 20, 39, 14, 60, 2, 21, 0]

Caso de teste: SLAPRP_Guo_small_O100_alpha0.3_v6.txt

Distancia Total: 998.0
Quantidade de Pickers: 7
