Rota do Picker 1: [0, 4, 43, 0]
Rota do Picker 2: [0, 21, 0]
Rota do Picker 3: [0, 1, 21, 22, 42, 45, 27, 47, 13, 34, 12, 28, 8, 10, 46, 26, 17, 39, 18, 36, 61, 43, 0]
Rota do Picker 4: [0, 52, 12, 32, 36, 57, 77, 18, 39, 37, 53, 4, 3, 47, 10, 28, 26, 46, 0]
Rota do Picker 5: [0, 21, 27, 47, 26, 46, 8, 28, 9, 10, 45, 22, 23, 43, 12, 20, 17, 97, 33, 0]
Rota do Picker 6: [0, 21, 26, 46, 47, 10, 45, 8, 9, 22, 2, 12, 53, 33, 3, 43, 72, 32, 36, 18, 39, 20, 14, 17, 13, 0]
Rota do Picker 7: [0, 21, 22, 42, 51, 71, 57, 77, 17, 18, 36, 31, 11, 4, 65, 45, 9, 8, 61, 13, 34, 10, 47, 27, 24, 2, 26, 46, 43, 1, 0]
Rota do Picker 8: [0, 12, 32, 13, 53, 51, 11, 31, 3, 42, 62, 23, 17, 20, 97, 37, 1, 24, 4, 43, 45, 9, 28, 8, 47, 27, 2, 22, 46, 26, 61, 21, 0]
Rota do Picker 9: [0, 45, 22, 24, 28, 46, 26, 4, 8, 9, 27, 47, 3, 2, 12, 34, 14, 21, 1, 41, 23, 52, 0]
Rota do Picker 10: [0, 43, 26, 41, 21, 28, 9, 27, 8, 47, 24, 4, 46, 10, 30, 65, 45, 31, 11, 42, 22, 0]
Rota do Picker 11: [0, 21, 41, 1, 12, 32, 37, 57, 8, 28, 9, 46, 26, 42, 22, 62, 97, 77, 17, 14, 39, 20, 36, 53, 33, 13, 51, 11, 52, 72, 47, 27, 45, 2, 0]
Rota do Picker 12: [0, 13, 42, 22, 62, 2, 10, 9, 26, 21, 1, 12, 32, 72, 52, 27, 28, 4, 24, 18, 36, 34, 14, 39, 77, 57, 37, 0]
Rota do Picker 13: [0, 21, 1, 13, 33, 47, 24, 43, 3, 23, 26, 46, 8, 28, 9, 27, 11, 36, 18, 39, 97, 77, 20, 17, 57, 37, 14, 32, 12, 0]

Caso de teste: SLAPRP_Guo_small_O200_alpha0.4_v1.txt

Distancia Total: 1486.0
Quantidade de Pickers: 13
