Rota do Picker 1: [0, 1, 11, 31, 52, 2, 10, 3, 23, 12, 21, 41, 61, 42, 0]
Rota do Picker 2: [0, 1, 21, 2, 42, 10, 13, 31, 11, 12, 32, 33, 0]
Rota do Picker 3: [0, 1, 21, 10, 2, 42, 3, 31, 11, 51, 12, 33, 0]
Rota do Picker 4: [0, 1, 10, 2, 22, 11, 33, 13, 51, 31, 21, 61, 41, 12, 52, 32, 0]
Rota do Picker 5: [0, 13, 33, 52, 10, 32, 12, 11, 31, 51, 61, 41, 22, 2, 21, 1, 0]
Rota do Picker 6: [0, 32, 22, 1, 3, 23, 42, 2, 11, 31, 51, 13, 12, 41, 21, 0]
Rota do Picker 7: [0, 22, 42, 2, 1, 21, 41, 3, 23, 11, 31, 52, 32, 12, 13, 0]
Rota do Picker 8: [0, 1, 21, 41, 11, 31, 51, 12, 33, 13, 3, 2, 42, 0]
Rota do Picker 9: [0, 1, 21, 11, 31, 51, 41, 2, 22, 3, 10, 32, 12, 0]
Rota do Picker 10: [0, 11, 31, 22, 3, 41, 51, 1, 61, 21, 2, 33, 13, 32, 52, 12, 0]
Rota do Picker 11: [0, 1, 11, 10, 2, 22, 31, 51, 23, 61, 21, 32, 12, 0]

Caso de teste: SLAPRP_Guo_small_O200_alpha0.4_v1.txt

Distancia Total: 644.0
Quantidade de Pickers: 11
