Rota do Picker 1: [0, 50, 41, 23, 66, 26, 7, 2, 21, 10, 8, 3, 42, 30, 45, 55, 22, 1, 61, 68, 0]
Rota do Picker 2: [0, 21, 41, 61, 2, 76, 34, 4, 20, 10, 9, 55, 43, 8, 7, 26, 66, 14, 36, 1, 62, 45, 3, 22, 0]
Rota do Picker 3: [0, 11, 52, 1, 14, 40, 78, 96, 20, 8, 76, 97, 77, 34, 41, 22, 42, 51, 12, 31, 32, 36, 55, 2, 21, 62, 4, 0]
Rota do Picker 4: [0, 20, 12, 42, 8, 21, 41, 14, 40, 30, 71, 55, 2, 1, 7, 3, 34, 66, 76, 96, 32, 36, 43, 45, 26, 0]
Rota do Picker 5: [0, 55, 21, 41, 3, 10, 30, 26, 12, 23, 2, 8, 45, 9, 68, 50, 66, 42, 7, 0]
Rota do Picker 6: [0, 11, 10, 50, 68, 55, 66, 42, 4, 3, 71, 8, 45, 9, 23, 36, 30, 41, 26, 7, 2, 21, 1, 24, 43, 0]

Caso de teste: SLAPRP_Guo_small_O100_alpha0.4_v6.txt

Distancia Total: 1190.0
Quantidade de Pickers: 6
