Rota do Picker 1: [0, 24, 33, 82, 74, 1, 21, 41, 81, 3, 4, 15, 16, 25, 62, 17, 6, 22, 43, 61, 56, 44, 0]
Rota do Picker 2: [0, 16, 25, 4, 44, 15, 64, 81, 61, 41, 55, 24, 62, 22, 21, 74, 63, 43, 3, 1, 83, 0]
Rota do Picker 3: [0, 43, 61, 3, 41, 1, 21, 22, 64, 84, 65, 62, 81, 24, 4, 63, 82, 44, 25, 26, 6, 7, 0]
Rota do Picker 4: [0, 1, 21, 41, 61, 22, 62, 82, 43, 4, 44, 64, 42, 63, 26, 3, 7, 15, 0]
Rota do Picker 5: [0, 94, 37, 24, 81, 75, 35, 84, 4, 55, 15, 22, 3, 61, 41, 21, 1, 26, 52, 43, 6, 25, 82, 44, 18, 7, 63, 17, 74, 0]
Rota do Picker 6: [0, 21, 6, 74, 37, 44, 35, 17, 15, 22, 4, 3, 61, 41, 1, 0]
Rota do Picker 7: [0, 17, 64, 21, 55, 15, 62, 22, 81, 61, 41, 1, 82, 44, 18, 76, 16, 14, 7, 75, 37, 94, 74, 72, 35, 3, 0]

Caso de teste: SLAPRP_Guo_small_O100_alpha0.2_v5.txt

Distancia Total: 1140.0
Quantidade de Pickers: 7
