Rota do Picker 1: [0, 64, 42, 29, 51, 50, 41, 21, 1, 11, 22, 23, 26, 30, 27, 60, 2, 3, 83, 67, 40, 87, 45, 46, 10, 9, 8, 7, 69, 20, 0]
Rota do Picker 2: [0, 22, 7, 8, 9, 50, 27, 30, 67, 69, 46, 89, 29, 26, 87, 64, 45, 10, 41, 3, 0]
Rota do Picker 3: [0, 7, 9, 30, 46, 45, 69, 29, 27, 87, 10, 8, 23, 68, 50, 26, 0]
Rota do Picker 4: [0, 8, 46, 23, 22, 21, 26, 67, 87, 29, 1, 2, 45, 9, 27, 7, 64, 4, 10, 30, 50, 60, 41, 3, 65, 83, 0]
Rota do Picker 5: [0, 3, 26, 46, 27, 20, 60, 30, 7, 18, 74, 32, 1, 40, 45, 10, 98, 75, 51, 50, 65, 23, 41, 0]
Rota do Picker 6: [0, 9, 87, 20, 60, 39, 94, 74, 31, 7, 40, 98, 18, 93, 11, 22, 32, 1, 57, 12, 59, 17, 77, 51, 97, 0]
Rota do Picker 7: [0, 21, 22, 29, 50, 87, 89, 9, 3, 64, 46, 68, 8, 7, 45, 42, 67, 30, 26, 27, 10, 1, 41, 0]
Rota do Picker 8: [0, 4, 64, 41, 8, 68, 21, 69, 67, 29, 1, 7, 9, 30, 45, 87, 3, 26, 46, 27, 10, 65, 0]
Rota do Picker 9: [0, 29, 50, 7, 3, 42, 10, 41, 20, 87, 9, 26, 23, 1, 4, 40, 64, 27, 8, 45, 60, 30, 67, 46, 68, 0]
Rota do Picker 10: [0, 21, 26, 8, 27, 87, 45, 20, 40, 60, 64, 9, 7, 2, 89, 68, 3, 65, 46, 4, 41, 22, 0]
Rota do Picker 11: [0, 40, 27, 11, 93, 18, 98, 7, 10, 39, 22, 17, 31, 97, 77, 12, 32, 75, 20, 60, 30, 94, 74, 51, 1, 50, 0]
Rota do Picker 12: [0, 32, 74, 94, 18, 7, 30, 51, 93, 57, 10, 21, 41, 11, 98, 50, 1, 0]
Rota do Picker 13: [0, 7, 8, 20, 3, 89, 26, 46, 45, 67, 87, 30, 32, 10, 4, 41, 1, 21, 27, 29, 40, 68, 22, 50, 60, 2, 65, 9, 69, 64, 0]
Rota do Picker 14: [0, 68, 8, 7, 1, 46, 10, 87, 27, 21, 9, 4, 45, 26, 64, 67, 30, 50, 2, 89, 0]

Caso de teste: SLAPRP_Guo_small_O200_alpha0.3_v6.txt

Distancia Total: 2942.0
Quantidade de Pickers: 14
