Rota do Picker 1: [0, 1, 2, 22, 3, 26, 41, 61, 21, 14, 32, 12, 13, 31, 11, 0]
Rota do Picker 2: [0, 1, 41, 2, 12, 20, 21, 31, 51, 32, 13, 33, 3, 22, 11, 0]
Rota do Picker 3: [0, 51, 42, 2, 61, 41, 21, 1, 4, 26, 3, 11, 31, 13, 33, 12, 32, 0]
Rota do Picker 4: [0, 1, 21, 41, 2, 26, 23, 22, 32, 12, 13, 11, 0]
Rota do Picker 5: [0, 1, 2, 22, 26, 23, 3, 33, 32, 12, 11, 21, 41, 61, 31, 51, 0]
Rota do Picker 6: [0, 1, 21, 2, 3, 26, 4, 51, 11, 12, 32, 13, 61, 31, 0]
Rota do Picker 7: [0, 22, 2, 3, 14, 12, 51, 13, 4, 23, 26, 32, 31, 11, 21, 1, 0]
Rota do Picker 8: [0, 11, 31, 51, 12, 33, 13, 14, 42, 22, 2, 41, 21, 1, 0]
Rota do Picker 9: [0, 1, 21, 3, 23, 42, 14, 20, 32, 12, 51, 11, 31, 13, 22, 2, 0]
Rota do Picker 10: [0, 21, 11, 14, 61, 4, 51, 31, 1, 2, 22, 3, 26, 41, 12, 0]
Rota do Picker 11: [0, 1, 41, 22, 33, 13, 20, 14, 51, 31, 11, 23, 32, 12, 4, 3, 2, 21, 0]
Rota do Picker 12: [0, 3, 61, 1, 2, 22, 41, 21, 23, 12, 32, 51, 11, 31, 0]

Caso de teste: SLAPRP_Guo_small_O200_alpha0.2_v9.txt

Distancia Total: 762.0
Quantidade de Pickers: 12
