Rota do Picker 1: [0, 1, 0]
Rota do Picker 2: [0, 1, 0]
Rota do Picker 3: [0, 1, 0]
Rota do Picker 4: [0, 1, 0]
Rota do Picker 5: [0, 1, 0]
Rota do Picker 6: [0, 1, 0]
Rota do Picker 7: [0, 1, 21, 41, 61, 4, 6, 24, 46, 7, 26, 5, 22, 42, 83, 43, 23, 3, 75, 16, 17, 33, 93, 0]
Rota do Picker 8: [0, 83, 81, 61, 64, 4, 63, 27, 46, 26, 7, 82, 42, 22, 23, 3, 21, 41, 1, 24, 44, 5, 6, 43, 18, 0]
Rota do Picker 9: [0, 61, 72, 92, 52, 15, 16, 56, 93, 63, 8, 6, 5, 45, 25, 81, 21, 1, 41, 23, 43, 27, 91, 0]
Rota do Picker 10: [0, 1, 22, 42, 62, 25, 64, 2, 63, 43, 83, 8, 7, 6, 24, 4, 5, 23, 61, 41, 21, 0]
Rota do Picker 11: [0, 1, 21, 41, 61, 92, 18, 16, 27, 5, 73, 74, 54, 45, 23, 83, 43, 52, 53, 93, 75, 56, 36, 35, 62, 22, 0]
Rota do Picker 12: [0, 1, 81, 41, 61, 23, 43, 21, 5, 26, 46, 64, 24, 45, 83, 63, 62, 42, 22, 0]
Rota do Picker 13: [0, 1, 3, 23, 43, 63, 5, 24, 4, 46, 7, 62, 42, 22, 64, 44, 21, 81, 41, 93, 0]
Rota do Picker 14: [0, 22, 62, 42, 83, 63, 45, 27, 25, 5, 44, 43, 23, 1, 21, 41, 61, 81, 0]
Rota do Picker 15: [0, 21, 44, 45, 6, 26, 8, 43, 5, 3, 63, 23, 24, 4, 1, 61, 41, 25, 82, 62, 42, 22, 65, 35, 14, 12, 0]
Rota do Picker 16: [0, 1, 41, 21, 7, 24, 44, 45, 5, 4, 25, 36, 18, 17, 82, 22, 42, 62, 64, 3, 23, 43, 37, 56, 75, 0]
Rota do Picker 17: [0, 21, 1, 45, 25, 26, 6, 46, 55, 75, 74, 61, 81, 41, 22, 4, 24, 44, 65, 5, 83, 43, 23, 0]
Rota do Picker 18: [0, 1, 22, 62, 23, 43, 7, 6, 5, 24, 4, 81, 61, 21, 41, 52, 72, 13, 11, 0]

Caso de teste: SLAPRP_Guo_small_O200_alpha0.3_v9.txt

Distancia Total: 1304.0
Quantidade de Pickers: 18
