Rota do Picker 1: [0, 1, 2, 3, 23, 22, 41, 21, 31, 51, 13, 33, 12, 32, 52, 11, 0]
Rota do Picker 2: [0, 11, 51, 31, 12, 42, 22, 2, 1, 21, 41, 3, 23, 0]
Rota do Picker 3: [0, 51, 23, 22, 21, 1, 41, 2, 12, 31, 11, 0]
Rota do Picker 4: [0, 12, 52, 32, 33, 13, 23, 41, 42, 22, 2, 1, 21, 51, 31, 11, 0]
Rota do Picker 5: [0, 11, 33, 13, 12, 32, 31, 21, 42, 22, 2, 3, 23, 41, 1, 0]
Rota do Picker 6: [0, 11, 31, 51, 13, 21, 1, 12, 52, 32, 23, 3, 22, 2, 0]
Rota do Picker 7: [0, 1, 23, 31, 11, 32, 33, 12, 51, 21, 41, 2, 0]
Rota do Picker 8: [0, 21, 11, 31, 12, 13, 32, 52, 1, 23, 3, 2, 22, 0]
Rota do Picker 9: [0, 13, 12, 32, 11, 31, 51, 21, 1, 2, 3, 23, 0]
Rota do Picker 10: [0, 21, 1, 11, 31, 2, 22, 42, 52, 32, 12, 33, 0]
Rota do Picker 11: [0, 21, 1, 11, 31, 12, 33, 51, 3, 42, 22, 2, 0]
Rota do Picker 12: [0, 21, 3, 22, 2, 42, 41, 1, 11, 51, 31, 12, 0]

Caso de teste: SLAPRP_Guo_small_O200_alpha0.3_v9.txt

Distancia Total: 514.0
Quantidade de Pickers: 12
