Rota do Picker 1: [0, 11, 31, 51, 4, 30, 10, 23, 22, 94, 72, 12, 52, 34, 40, 60, 20, 36, 50, 68, 46, 26, 21, 65, 42, 3, 0]
Rota do Picker 2: [0, 61, 12, 52, 33, 18, 78, 26, 66, 27, 30, 50, 60, 40, 97, 77, 24, 22, 21, 1, 11, 31, 51, 0]
Rota do Picker 3: [0, 53, 65, 26, 23, 62, 42, 4, 46, 66, 27, 24, 10, 50, 68, 60, 40, 20, 52, 12, 22, 2, 21, 61, 0]
Rota do Picker 4: [0, 1, 21, 12, 52, 18, 78, 20, 40, 2, 22, 4, 46, 65, 30, 26, 43, 34, 0]
Rota do Picker 5: [0, 52, 36, 20, 77, 34, 19, 40, 50, 24, 4, 65, 26, 66, 53, 62, 1, 21, 2, 42, 27, 10, 30, 94, 12, 23, 22, 41, 0]
Rota do Picker 6: [0, 11, 33, 18, 78, 40, 20, 51, 22, 61, 41, 72, 42, 1, 3, 43, 26, 34, 52, 12, 2, 21, 24, 0]
Rota do Picker 7: [0, 34, 65, 27, 22, 62, 23, 10, 50, 11, 51, 71, 52, 36, 18, 20, 24, 68, 46, 26, 43, 21, 1, 0]
Rota do Picker 8: [0, 21, 12, 18, 20, 26, 42, 10, 30, 65, 62, 72, 41, 61, 68, 50, 27, 3, 23, 22, 52, 19, 40, 94, 51, 1, 0]
Rota do Picker 9: [0, 1, 21, 2, 22, 62, 27, 65, 40, 60, 20, 12, 41, 24, 3, 23, 26, 46, 10, 30, 43, 42, 0]
Rota do Picker 10: [0, 1, 21, 41, 12, 52, 18, 40, 20, 33, 51, 31, 11, 61, 42, 22, 68, 10, 23, 43, 26, 46, 65, 4, 14, 53, 0]
Rota do Picker 11: [0, 52, 19, 40, 20, 12, 21, 61, 10, 50, 30, 27, 26, 46, 3, 43, 34, 78, 18, 66, 65, 68, 23, 4, 42, 2, 22, 41, 0]
Rota do Picker 12: [0, 10, 23, 41, 22, 42, 26, 68, 36, 18, 78, 39, 77, 11, 40, 60, 20, 52, 12, 3, 21, 1, 61, 46, 34, 0]
Rota do Picker 13: [0, 11, 71, 18, 60, 40, 53, 33, 52, 12, 97, 77, 23, 22, 21, 36, 19, 61, 34, 0]

Caso de teste: SLAPRP_Guo_small_O200_alpha0.2_v3.txt

Distancia Total: 2054.0
Quantidade de Pickers: 13
