Rota do Picker 1: [0, 72, 5, 43, 23, 61, 41, 21, 1, 83, 63, 82, 42, 45, 27, 26, 44, 25, 8, 6, 0]
Rota do Picker 2: [0, 22, 42, 7, 3, 62, 82, 21, 41, 61, 23, 43, 83, 63, 4, 6, 46, 26, 64, 44, 24, 45, 25, 5, 1, 0]
Rota do Picker 3: [0, 21, 41, 1, 23, 43, 63, 4, 5, 45, 82, 42, 62, 22, 24, 26, 46, 2, 44, 64, 3, 27, 83, 6, 16, 0]
Rota do Picker 4: [0, 62, 42, 1, 21, 7, 26, 64, 8, 43, 23, 3, 25, 6, 5, 41, 61, 14, 16, 0]
Rota do Picker 5: [0, 1, 21, 41, 61, 5, 23, 7, 24, 62, 4, 25, 26, 6, 45, 65, 44, 42, 22, 0]
Rota do Picker 6: [0, 21, 41, 71, 11, 33, 18, 15, 52, 72, 43, 23, 45, 5, 74, 54, 37, 17, 93, 56, 36, 34, 14, 61, 81, 1, 0]

Caso de teste: SLAPRP_Guo_small_O100_alpha0.3_v7.txt

Distancia Total: 632.0
Quantidade de Pickers: 6
