Rota do Picker 1: [0, 36, 10, 9, 21, 27, 26, 4, 42, 22, 41, 46, 30, 23, 1, 19, 76, 45, 47, 7, 33, 0]
Rota do Picker 2: [0, 12, 46, 17, 51, 30, 76, 0]
Rota do Picker 3: [0, 12, 17, 39, 37, 11, 19, 76, 36, 1, 21, 14, 34, 18, 40, 2, 71, 51, 59, 0]
Rota do Picker 4: [0, 34, 51, 18, 19, 45, 20, 59, 67, 1, 36, 14, 4, 13, 31, 11, 37, 41, 21, 10, 40, 39, 17, 76, 12, 23, 0]
Rota do Picker 5: [0, 12, 22, 23, 43, 36, 4, 94, 2, 1, 21, 76, 83, 17, 3, 7, 45, 0]
Rota do Picker 6: [0, 22, 42, 12, 46, 31, 33, 51, 9, 2, 30, 11, 20, 34, 19, 47, 4, 76, 7, 3, 72, 67, 45, 27, 40, 41, 26, 21, 10, 13, 0]
Rota do Picker 7: [0, 13, 52, 9, 10, 7, 26, 46, 30, 27, 45, 76, 12, 67, 47, 21, 4, 42, 41, 0]
Rota do Picker 8: [0, 18, 22, 59, 57, 14, 39, 13, 17, 37, 20, 19, 34, 12, 33, 40, 76, 36, 1, 51, 71, 0]
Rota do Picker 9: [0, 21, 22, 42, 34, 94, 41, 7, 17, 45, 10, 67, 71, 51, 1, 12, 36, 76, 4, 30, 11, 31, 47, 0]
Rota do Picker 10: [0, 12, 13, 76, 19, 3, 20, 37, 10, 18, 11, 14, 52, 72, 59, 33, 2, 40, 45, 39, 36, 41, 21, 1, 31, 51, 71, 17, 0]
Rota do Picker 11: [0, 1, 12, 52, 72, 94, 76, 17, 43, 83, 11, 31, 37, 13, 10, 45, 40, 18, 51, 36, 30, 39, 34, 3, 67, 21, 46, 20, 0]
Rota do Picker 12: [0, 40, 45, 42, 31, 18, 39, 94, 1, 14, 13, 33, 67, 36, 76, 4, 22, 19, 11, 37, 17, 72, 52, 12, 71, 51, 21, 61, 41, 34, 0]
Rota do Picker 13: [0, 2, 22, 12, 76, 1, 26, 46, 27, 20, 40, 14, 36, 67, 3, 11, 17, 10, 23, 18, 31, 30, 52, 19, 39, 42, 4, 83, 43, 37, 71, 51, 45, 0]

Caso de teste: SLAPRP_Guo_small_O200_alpha0.3_v1.txt

Distancia Total: 2652.0
Quantidade de Pickers: 13
