Rota do Picker 1: [0, 12, 3, 26, 51, 31, 30, 32, 55, 33, 13, 41, 10, 40, 37, 17, 45, 46, 28, 8, 1, 21, 0]
Rota do Picker 2: [0, 1, 22, 45, 3, 8, 28, 47, 55, 87, 12, 10, 84, 50, 30, 27, 37, 46, 26, 0]
Rota do Picker 3: [0, 26, 1, 10, 45, 46, 77, 18, 55, 32, 12, 76, 94, 30, 0]
Rota do Picker 4: [0, 87, 27, 1, 10, 76, 45, 46, 55, 32, 12, 3, 22, 51, 0]
Rota do Picker 5: [0, 1, 26, 46, 8, 30, 33, 55, 94, 87, 27, 21, 12, 45, 32, 10, 2, 47, 22, 28, 0]
Rota do Picker 6: [0, 26, 94, 55, 12, 1, 46, 40, 32, 36, 64, 84, 8, 17, 19, 10, 60, 47, 2, 96, 77, 76, 13, 22, 45, 20, 0]
Rota do Picker 7: [0, 1, 12, 93, 22, 20, 97, 60, 77, 33, 32, 19, 18, 76, 94, 37, 40, 51, 31, 96, 17, 55, 52, 13, 26, 2, 8, 28, 0]

Caso de teste: SLAPRP_Guo_small_O100_alpha0.4_v5.txt

Distancia Total: 1336.0
Quantidade de Pickers: 7
