Rota do Picker 1: [0, 1, 0]
Rota do Picker 2: [0, 1, 0]
Rota do Picker 3: [0, 1, 21, 41, 61, 81, 64, 4, 6, 26, 65, 56, 17, 37, 13, 63, 25, 5, 0]
Rota do Picker 4: [0, 21, 41, 61, 81, 6, 5, 64, 25, 94, 54, 73, 93, 26, 24, 42, 1, 4, 44, 17, 37, 13, 0]
Rota do Picker 5: [0, 1, 61, 81, 4, 5, 65, 45, 24, 64, 44, 21, 41, 54, 17, 76, 36, 51, 73, 13, 0]
Rota do Picker 6: [0, 31, 1, 21, 61, 81, 13, 55, 75, 36, 56, 76, 41, 4, 5, 45, 7, 82, 42, 22, 63, 24, 0]
Rota do Picker 7: [0, 73, 13, 21, 1, 41, 61, 81, 37, 57, 35, 16, 17, 18, 7, 84, 4, 82, 5, 0]
Rota do Picker 8: [0, 18, 36, 94, 54, 6, 25, 63, 5, 44, 64, 4, 61, 1, 21, 41, 81, 82, 45, 65, 0]
Rota do Picker 9: [0, 41, 61, 24, 84, 83, 23, 43, 81, 13, 55, 12, 5, 4, 21, 1, 0]
Rota do Picker 10: [0, 1, 21, 41, 61, 81, 4, 44, 64, 84, 6, 46, 82, 16, 18, 17, 37, 54, 94, 74, 93, 13, 0]
Rota do Picker 11: [0, 1, 13, 4, 81, 61, 41, 21, 62, 6, 5, 24, 37, 16, 56, 17, 94, 54, 0]
Rota do Picker 12: [0, 13, 21, 41, 61, 81, 1, 4, 5, 45, 0]
Rota do Picker 13: [0, 21, 1, 41, 61, 4, 6, 46, 36, 76, 17, 52, 13, 83, 63, 7, 5, 57, 16, 0]
Rota do Picker 14: [0, 21, 1, 41, 61, 81, 4, 6, 13, 56, 36, 18, 17, 45, 5, 73, 93, 0]

Caso de teste: SLAPRP_Guo_small_O200_alpha0.2_v1.txt

Distancia Total: 1152.0
Quantidade de Pickers: 14
