Rota do Picker 1: [0, 4, 8, 55, 97, 0]
Rota do Picker 2: [0, 19, 30, 9, 7, 50, 2, 8, 10, 94, 93, 45, 22, 3, 33, 55, 47, 46, 26, 41, 21, 20, 42, 1, 40, 31, 51, 0]
Rota do Picker 3: [0, 94, 74, 51, 31, 33, 13, 21, 41, 7, 55, 20, 45, 46, 26, 42, 22, 17, 37, 30, 0]
Rota do Picker 4: [0, 21, 22, 11, 31, 52, 93, 55, 36, 7, 3, 8, 9, 20, 40, 39, 45, 97, 19, 46, 51, 41, 1, 23, 0]
Rota do Picker 5: [0, 41, 46, 9, 8, 7, 21, 85, 64, 84, 10, 1, 3, 47, 42, 30, 50, 45, 55, 4, 0]
Rota do Picker 6: [0, 21, 2, 22, 39, 59, 1, 11, 74, 94, 97, 20, 19, 96, 46, 76, 14, 41, 33, 13, 50, 40, 7, 32, 55, 51, 31, 0]
Rota do Picker 7: [0, 46, 71, 12, 8, 3, 42, 26, 45, 1, 47, 94, 50, 61, 9, 93, 7, 22, 2, 23, 13, 55, 30, 10, 41, 21, 0]

Caso de teste: SLAPRP_Guo_small_O100_alpha0.4_v10.txt

Distancia Total: 1324.0
Quantidade de Pickers: 7
