Rota do Picker 1: [0, 1, 11, 31, 10, 2, 22, 42, 3, 41, 21, 20, 13, 0]
Rota do Picker 2: [0, 10, 2, 32, 71, 51, 1, 21, 41, 13, 3, 22, 42, 14, 12, 31, 11, 0]
Rota do Picker 3: [0, 12, 32, 2, 22, 42, 41, 14, 20, 13, 11, 3, 21, 1, 61, 31, 51, 0]
Rota do Picker 4: [0, 21, 1, 11, 31, 51, 14, 20, 2, 10, 3, 61, 22, 12, 32, 0]
Rota do Picker 5: [0, 11, 31, 32, 10, 1, 2, 22, 42, 13, 3, 41, 21, 12, 0]
Rota do Picker 6: [0, 10, 2, 21, 1, 41, 11, 20, 31, 32, 12, 3, 51, 71, 0]
Rota do Picker 7: [0, 21, 11, 31, 51, 10, 2, 22, 3, 41, 61, 1, 12, 32, 0]
Rota do Picker 8: [0, 10, 2, 11, 20, 13, 1, 21, 22, 12, 32, 0]
Rota do Picker 9: [0, 1, 21, 31, 71, 13, 41, 42, 2, 12, 10, 3, 22, 32, 51, 11, 20, 0]
Rota do Picker 10: [0, 22, 3, 1, 20, 32, 12, 2, 10, 13, 14, 41, 61, 21, 31, 11, 0]
Rota do Picker 11: [0, 21, 1, 12, 11, 41, 61, 42, 51, 31, 13, 22, 2, 3, 0]
Rota do Picker 12: [0, 41, 1, 21, 11, 31, 14, 20, 2, 10, 3, 22, 42, 12, 13, 71, 51, 0]

Caso de teste: SLAPRP_Guo_small_O200_alpha0.2_v2.txt

Distancia Total: 950.0
Quantidade de Pickers: 12
