Rota do Picker 1: [0, 20, 27, 46, 1, 7, 8, 48, 36, 40, 9, 29, 69, 60, 0]
Rota do Picker 2: [0, 7, 27, 46, 47, 9, 28, 48, 45, 8, 69, 30, 89, 50, 10, 29, 26, 49, 0]
Rota do Picker 3: [0, 8, 48, 45, 20, 21, 36, 27, 9, 46, 26, 89, 87, 7, 69, 50, 22, 88, 68, 28, 29, 1, 0]
Rota do Picker 4: [0, 2, 27, 20, 31, 55, 75, 40, 59, 7, 30, 51, 60, 0]
Rota do Picker 5: [0, 1, 49, 50, 69, 27, 41, 68, 48, 28, 11, 3, 89, 21, 20, 29, 45, 97, 37, 10, 9, 8, 96, 36, 30, 7, 46, 26, 2, 0]

Caso de teste: SLAPRP_Guo_small_O50_alpha0.2_v10.txt

Distancia Total: 852.0
Quantidade de Pickers: 5
