Rota do Picker 1: [0, 3, 83, 26, 10, 87, 37, 64, 20, 40, 67, 41, 68, 36, 30, 1, 21, 8, 9, 2, 50, 60, 65, 45, 46, 27, 7, 0]
Rota do Picker 2: [0, 67, 26, 89, 65, 50, 27, 30, 68, 3, 85, 41, 87, 45, 46, 10, 9, 8, 7, 1, 36, 0]
Rota do Picker 3: [0, 45, 8, 37, 60, 11, 55, 74, 94, 40, 98, 7, 68, 12, 18, 20, 32, 36, 39, 57, 77, 22, 13, 59, 97, 17, 93, 75, 31, 0]
Rota do Picker 4: [0, 27, 26, 7, 21, 67, 30, 85, 1, 50, 22, 41, 10, 68, 36, 46, 89, 9, 8, 45, 87, 65, 64, 20, 0]
Rota do Picker 5: [0, 65, 2, 21, 10, 20, 69, 37, 60, 50, 9, 1, 40, 30, 8, 27, 7, 87, 85, 45, 46, 26, 22, 41, 67, 0]
Rota do Picker 6: [0, 41, 2, 26, 27, 87, 45, 60, 0]
Rota do Picker 7: [0, 26, 30, 27, 85, 69, 68, 87, 45, 46, 10, 9, 8, 7, 89, 50, 0]

Caso de teste: SLAPRP_Guo_small_O100_alpha0.2_v9.txt

Distancia Total: 1442.0
Quantidade de Pickers: 7
