Rota do Picker 1: [0, 61, 22, 42, 8, 30, 20, 10, 33, 34, 24, 50, 14, 9, 60, 1, 62, 40, 26, 45, 41, 21, 0]
Rota do Picker 2: [0, 41, 50, 21, 26, 8, 62, 42, 45, 24, 23, 30, 10, 9, 22, 3, 0]
Rota do Picker 3: [0, 41, 22, 26, 8, 50, 30, 9, 42, 10, 84, 24, 21, 45, 0]
Rota do Picker 4: [0, 40, 1, 61, 30, 50, 71, 10, 14, 23, 9, 21, 42, 62, 26, 45, 41, 22, 24, 8, 3, 0]
Rota do Picker 5: [0, 24, 26, 10, 20, 40, 0]
Rota do Picker 6: [0, 11, 42, 26, 9, 45, 20, 40, 71, 17, 13, 62, 41, 22, 61, 8, 33, 53, 3, 21, 1, 0]
Rota do Picker 7: [0, 21, 22, 14, 33, 41, 11, 34, 8, 53, 42, 60, 97, 17, 15, 20, 72, 40, 71, 52, 57, 94, 13, 18, 1, 61, 51, 0]

Caso de teste: SLAPRP_Guo_small_O100_alpha0.3_v3.txt

Distancia Total: 1102.0
Quantidade de Pickers: 7
