Rota do Picker 1: [0, 74, 64, 24, 4, 41, 21, 25, 83, 43, 23, 1, 61, 81, 63, 45, 65, 27, 6, 8, 5, 62, 82, 0]
Rota do Picker 2: [0, 61, 81, 23, 43, 82, 65, 7, 44, 4, 41, 21, 1, 64, 46, 25, 5, 24, 83, 27, 6, 36, 0]
Rota do Picker 3: [0, 62, 82, 21, 61, 81, 4, 24, 64, 7, 8, 63, 83, 26, 6, 25, 45, 65, 43, 23, 41, 1, 0]
Rota do Picker 4: [0, 4, 44, 64, 41, 81, 82, 62, 83, 43, 45, 46, 26, 8, 5, 63, 23, 61, 21, 1, 0]
Rota do Picker 5: [0, 21, 61, 46, 25, 65, 45, 63, 83, 43, 23, 7, 27, 24, 4, 41, 1, 0]
Rota do Picker 6: [0, 25, 4, 24, 44, 82, 62, 7, 6, 5, 83, 63, 23, 43, 61, 41, 21, 1, 0]
Rota do Picker 7: [0, 24, 4, 21, 1, 41, 61, 14, 91, 43, 3, 44, 82, 62, 23, 63, 42, 22, 5, 45, 7, 74, 0]
Rota do Picker 8: [0, 21, 1, 82, 62, 25, 64, 24, 4, 23, 5, 45, 7, 27, 44, 63, 43, 81, 61, 41, 26, 0]
Rota do Picker 9: [0, 5, 25, 6, 4, 24, 43, 63, 23, 8, 82, 62, 7, 81, 41, 21, 1, 61, 32, 34, 16, 18, 75, 73, 92, 72, 51, 0]
Rota do Picker 10: [0, 1, 81, 61, 4, 24, 8, 27, 7, 22, 5, 25, 45, 6, 83, 43, 23, 21, 41, 44, 46, 0]
Rota do Picker 11: [0, 21, 1, 4, 65, 23, 43, 83, 64, 6, 27, 7, 5, 25, 81, 61, 41, 33, 0]
Rota do Picker 12: [0, 1, 21, 41, 61, 23, 43, 5, 27, 7, 62, 42, 46, 26, 6, 83, 44, 24, 4, 8, 55, 0]

Caso de teste: SLAPRP_Guo_small_O200_alpha0.3_v10.txt

Distancia Total: 1204.0
Quantidade de Pickers: 12
