Rota do Picker 1: [0, 1, 21, 22, 42, 12, 37, 3, 43, 63, 74, 15, 36, 82, 62, 64, 73, 18, 7, 23, 41, 11, 81, 16, 25, 53, 33, 44, 24, 4, 0]
Rota do Picker 2: [0, 1, 21, 41, 22, 23, 43, 15, 16, 74, 34, 3, 92, 42, 55, 0]
Rota do Picker 3: [0, 1, 41, 3, 22, 42, 62, 15, 17, 55, 0]
Rota do Picker 4: [0, 17, 23, 21, 41, 3, 14, 56, 1, 13, 15, 18, 73, 62, 42, 22, 4, 33, 53, 16, 81, 52, 64, 76, 36, 92, 31, 37, 94, 7, 55, 35, 12, 0]
Rota do Picker 5: [0, 18, 15, 45, 25, 42, 74, 37, 6, 23, 22, 41, 1, 13, 83, 63, 43, 81, 61, 73, 53, 3, 21, 2, 4, 24, 34, 12, 52, 55, 35, 17, 44, 62, 5, 7, 0]
Rota do Picker 6: [0, 26, 15, 3, 82, 62, 42, 22, 41, 21, 1, 7, 16, 33, 64, 24, 61, 43, 5, 4, 23, 25, 45, 0]
Rota do Picker 7: [0, 1, 21, 3, 22, 42, 15, 35, 93, 92, 17, 83, 13, 7, 43, 18, 63, 37, 41, 74, 94, 33, 61, 62, 53, 73, 56, 81, 55, 0]
Rota do Picker 8: [0, 21, 22, 42, 62, 15, 41, 3, 23, 43, 32, 7, 84, 64, 4, 6, 1, 24, 44, 26, 25, 0]

Caso de teste: SLAPRP_Guo_small_O100_alpha0.2_v5.txt

Distancia Total: 1380.0
Quantidade de Pickers: 8
