SKUs: 40
Pedidos: 202

Primeiro pedido:
Order(1, [2, 4, 7])

Ultimo pedido:
Order(202, [4, 5, 6, 7, 15, 16])

Location(1, 1, -1, 20)
Location(2, 1, -2, 20)
Location(3, 1, -3, 20)
Location(4, 1, -4, 20)
Location(5, 1, -5, 20)
Location(6, 1, -6, 20)
Location(7, 1, -7, 20)
Location(8, 1, -8, 20)
Location(9, 1, -9, 20)
Location(10, 1, -10, 40)
Location(11, 1, 1, 20)
Location(12, 1, 2, 20)
Location(13, 1, 3, 20)
Location(14, 1, 4, 20)
Location(15, 1, 5, 20)
Location(16, 1, 6, 20)
Location(17, 1, 7, 20)
Location(18, 1, 8, 20)
Location(19, 1, 9, 20)
Location(20, 1, 10, 40)
Location(21, 2, -1, 20)
Location(22, 2, -2, 20)
Location(23, 2, -3, 20)
Location(24, 2, -4, 20)
Location(25, 2, -5, 20)
Location(26, 2, -6, 20)
Location(27, 2, -7, 20)
Location(28, 2, -8, 20)
Location(29, 2, -9, 20)
Location(30, 2, -10, 40)
Location(31, 2, 1, 20)
Location(32, 2, 2, 20)
Location(33, 2, 3, 20)
Location(34, 2, 4, 20)
Location(35, 2, 5, 20)
Location(36, 2, 6, 20)
Location(37, 2, 7, 20)
Location(38, 2, 8, 20)
Location(39, 2, 9, 20)
Location(40, 2, 10, 40)
Location(41, 3, -1, 20)
Location(42, 3, -2, 20)
Location(43, 3, -3, 20)
Location(44, 3, -4, 20)
Location(45, 3, -5, 20)
Location(46, 3, -6, 20)
Location(47, 3, -7, 20)
Location(48, 3, -8, 20)
Location(49, 3, -9, 20)
Location(50, 3, -10, 40)
Location(51, 3, 1, 20)
Location(52, 3, 2, 20)
Location(53, 3, 3, 20)
Location(54, 3, 4, 20)
Location(55, 3, 5, 20)
Location(56, 3, 6, 20)
Location(57, 3, 7, 20)
Location(58, 3, 8, 20)
Location(59, 3, 9, 20)
Location(60, 3, 10, 40)
Location(61, 4, -1, 20)
Location(62, 4, -2, 20)
Location(63, 4, -3, 20)
Location(64, 4, -4, 20)
Location(65, 4, -5, 20)
Location(66, 4, -6, 20)
Location(67, 4, -7, 20)
Location(68, 4, -8, 20)
Location(69, 4, -9, 20)
Location(70, 4, -10, 40)
Location(71, 4, 1, 20)
Location(72, 4, 2, 20)
Location(73, 4, 3, 20)
Location(74, 4, 4, 20)
Location(75, 4, 5, 20)
Location(76, 4, 6, 20)
Location(77, 4, 7, 20)
Location(78, 4, 8, 20)
Location(79, 4, 9, 20)
Location(80, 4, 10, 40)
Location(81, 5, -1, 20)
Location(82, 5, -2, 20)
Location(83, 5, -3, 20)
Location(84, 5, -4, 20)
Location(85, 5, -5, 20)
Location(86, 5, -6, 20)
Location(87, 5, -7, 20)
Location(88, 5, -8, 20)
Location(89, 5, -9, 20)
Location(90, 5, -10, 40)
Location(91, 5, 1, 20)
Location(92, 5, 2, 20)
Location(93, 5, 3, 20)
Location(94, 5, 4, 20)
Location(95, 5, 5, 20)
Location(96, 5, 6, 20)
Location(97, 5, 7, 20)
Location(98, 5, 8, 20)
Location(99, 5, 9, 20)
Location(100, 5, 10, 40)

Frequencias: [72, 88, 92, 97, 81, 88, 95, 96, 5, 11, 6, 8, 8, 8, 7, 14, 10, 6, 12, 12, 10, 14, 15, 4, 10, 11, 9, 11, 7, 12, 7, 7, 8, 13, 5, 9, 6, 10, 0, 0]

Matriz de coocorrencia: 
40×40 Matrix{Int64}:
  0  31  41  36  37  32  35  33  1  2  3  3  4  4  2  5  2  2  5  8  5   7   8  2  5  4  3  3  3  6  2  4  1  6  3  0  0  3  0  0
 31   0  44  50  41  45  48  48  2  2  2  4  6  4  4  5  4  3  2  5  5   7   6  0  2  5  4  4  4  4  4  2  3  5  0  5  1  2  0  0
 41  44   0  43  46  42  43  42  1  5  4  5  2  5  4  7  7  2  3  7  6  10   9  2  4  7  3  5  2  3  3  3  3  6  2  4  1  4  0  0
 36  50  43   0  42  48  46  50  3  5  3  3  3  6  3  9  4  1  3  6  6   4   6  2  6  6  5  2  4  5  5  2  7  6  3  4  2  2  0  0
 37  41  46  42   0  40  49  45  1  7  2  4  5  3  4  5  5  1  4  6  5   5   7  3  6  5  2  5  4  2  2  3  2  7  1  5  1  2  0  0
 32  45  42  48  40   0  48  45  2  6  2  4  2  5  3  7  5  2  9  7  6   8   5  0  3  5  3  7  1  6  4  1  5  4  2  6  2  4  0  0
 35  48  43  46  49  48   0  44  2  7  2  4  3  4  1  3  5  4  4  6  7   7   7  2  6  8  4  3  5  9  5  3  4  5  1  4  1  6  0  0
 33  48  42  50  45  45  44   0  3  7  2  4  5  4  2  5  5  4  6  5  4   7  10  2  7  3  3  4  2  4  4  5  5  6  2  5  2  4  0  0
  1   2   1   3   1   2   2   3  0  0  0  0  0  1  1  0  0  0  0  0  0   1   1  0  2  1  1  1  0  0  0  0  0  0  0  0  0  0  0  0
  2   2   5   5   7   6   7   7  0  0  0  0  0  2  0  0  0  1  0  2  0   1   1  0  0  0  0  0  0  1  0  2  0  0  0  1  0  0  0  0
  3   2   4   3   2   2   2   2  0  0  0  2  1  0  0  1  0  0  0  0  1   0   2  0  1  0  0  0  1  0  0  0  0  0  0  0  0  1  0  0
  3   4   5   3   4   4   4   4  0  0  2  0  1  0  0  1  1  0  0  0  0   0   1  0  0  1  0  0  0  0  0  0  0  0  0  2  1  1  0  0
  4   6   2   3   5   2   3   5  0  0  1  1  0  1  0  1  1  0  0  1  0   0   1  0  0  0  0  0  0  0  0  0  0  0  0  0  0  0  0  0
  4   4   5   6   3   5   4   4  1  2  0  0  1  0  0  0  2  1  0  1  0   0   1  0  2  1  1  0  0  0  0  1  0  0  0  0  0  0  0  0
  2   4   4   3   4   3   1   2  1  0  0  0  0  0  0  1  1  0  0  0  1   1   1  0  2  0  0  0  0  0  0  0  0  0  0  1  0  0  0  0
  5   5   7   9   5   7   3   5  0  0  1  1  1  0  1  0  1  0  0  0  0   1   3  1  0  0  0  2  2  0  0  0  0  1  1  1  0  1  0  0
  2   4   7   4   5   5   5   5  0  0  0  1  1  2  1  1  0  0  1  2  2   2   1  0  0  0  0  0  0  0  0  1  1  1  0  2  0  1  0  0
  2   3   2   1   1   2   4   4  0  1  0  0  0  1  0  0  0  0  1  0  2   1   0  0  0  0  0  0  0  0  1  1  0  0  0  0  0  1  0  0
  5   2   3   3   4   9   4   6  0  0  0  0  0  0  0  0  1  1  0  0  1   2   0  1  0  0  0  1  0  1  0  0  2  1  0  1  0  2  0  0
  8   5   7   6   6   7   6   5  0  2  0  0  1  1  0  0  2  0  0  0  1   3   1  1  1  0  0  0  0  2  0  1  0  0  1  0  0  1  0  0
  5   5   6   6   5   6   7   4  0  0  1  0  0  0  1  0  2  2  1  1  0   1   0  0  1  0  0  0  1  1  0  0  0  1  1  0  0  2  0  0
  7   7  10   4   5   8   7   7  1  1  0  0  0  0  1  1  2  1  2  3  1   0   2  0  2  1  0  1  0  0  1  0  0  3  0  0  0  0  0  0
  8   6   9   6   7   5   7  10  1  1  2  1  1  1  1  3  1  0  0  1  0   2   0  0  3  1  1  1  0  2  0  1  0  1  0  2  0  0  0  0
  2   0   2   2   3   0   2   2  0  0  0  0  0  0  0  1  0  0  1  1  0   0   0  0  1  0  0  0  1  0  0  0  0  0  1  0  0  1  0  0
  5   2   4   6   6   3   6   7  2  0  1  0  0  2  2  0  0  0  0  1  1   2   3  1  0  1  1  0  0  1  0  0  0  0  1  0  0  0  0  0
  4   5   7   6   5   5   8   3  1  0  0  1  0  1  0  0  0  0  0  0  0   1   1  0  1  0  1  0  0  0  1  0  1  1  0  0  0  0  0  0
  3   4   3   5   2   3   4   3  1  0  0  0  0  1  0  0  0  0  0  0  0   0   1  0  1  1  0  1  1  2  0  0  0  0  0  0  0  0  0  0
  3   4   5   2   5   7   3   4  1  0  0  0  0  0  0  2  0  0  1  0  0   1   1  0  0  0  1  0  0  0  0  0  0  2  0  0  0  0  0  0
  3   4   2   4   4   1   5   2  0  0  1  0  0  0  0  2  0  0  0  0  1   0   0  1  0  0  1  0  0  0  0  0  0  0  0  0  0  0  0  0
  6   4   3   5   2   6   9   4  0  1  0  0  0  0  0  0  0  0  1  2  1   0   2  0  1  0  2  0  0  0  1  0  1  1  1  0  0  1  0  0
  2   4   3   5   2   4   5   4  0  0  0  0  0  0  0  0  0  1  0  0  0   1   0  0  0  1  0  0  0  1  0  0  1  1  0  0  0  0  0  0
  4   2   3   2   3   1   3   5  0  2  0  0  0  1  0  0  1  1  0  1  0   0   1  0  0  0  0  0  0  0  0  0  1  1  1  0  0  0  0  0
  1   3   3   7   2   5   4   5  0  0  0  0  0  0  0  0  1  0  2  0  0   0   0  0  0  1  0  0  0  1  1  1  0  1  0  0  0  0  0  0
  6   5   6   6   7   4   5   6  0  0  0  0  0  0  0  1  1  0  1  0  1   3   1  0  0  1  0  2  0  1  1  1  1  0  0  0  0  1  0  0
  3   0   2   3   1   2   1   2  0  0  0  0  0  0  0  1  0  0  0  1  1   0   0  1  1  0  0  0  0  1  0  1  0  0  0  0  0  0  0  0
  0   5   4   4   5   6   4   5  0  1  0  2  0  0  1  1  2  0  1  0  0   0   2  0  0  0  0  0  0  0  0  0  0  0  0  0  0  1  0  0
  0   1   1   2   1   2   1   2  0  0  0  1  0  0  0  0  0  0  0  0  0   0   0  0  0  0  0  0  0  0  0  0  0  0  0  0  0  0  0  0
  3   2   4   2   2   4   6   4  0  0  1  1  0  0  0  1  1  1  2  1  2   0   0  1  0  0  0  0  0  1  0  0  0  1  0  1  0  0  0  0
  0   0   0   0   0   0   0   0  0  0  0  0  0  0  0  0  0  0  0  0  0   0   0  0  0  0  0  0  0  0  0  0  0  0  0  0  0  0  0  0
  0   0   0   0   0   0   0   0  0  0  0  0  0  0  0  0  0  0  0  0  0   0   0  0  0  0  0  0  0  0  0  0  0  0  0  0  0  0  0  0
SKU(72, 174.0, 0.07)
SKU(88, 176.0, 0.08)
SKU(92, 131.0, 0.21)
SKU(97, 170.0, 0.1)
SKU(81, 139.0, 0.13)
SKU(88, 177.0, 0.08)
SKU(95, 201.0, 0.07)
SKU(96, 167.0, 0.11)
SKU(5, 28.0, 0.09)
SKU(11, 32.0, 0.21)
SKU(6, 35.0, 0.11)
SKU(8, 39.0, 0.12)
SKU(8, 29.0, 0.19)
SKU(8, 50.0, 0.07)
SKU(7, 58.0, 0.05)
SKU(14, 61.0, 0.09)
SKU(10, 45.0, 0.08)
SKU(6, 28.0, 0.12)
SKU(12, 25.0, 0.26)
SKU(12, 35.0, 0.17)
SKU(10, 61.0, 0.07)
SKU(14, 38.0, 0.16)
SKU(15, 63.0, 0.1)
SKU(4, 48.0, 0.05)
SKU(10, 42.0, 0.11)
SKU(11, 46.0, 0.09)
SKU(9, 35.0, 0.13)
SKU(11, 36.0, 0.16)
SKU(7, 54.0, 0.06)
SKU(12, 87.0, 0.04)
SKU(7, 23.0, 0.15)
SKU(7, 59.0, 0.06)
SKU(8, 55.0, 0.07)
SKU(13, 83.0, 0.05)
SKU(5, 23.0, 0.12)
SKU(9, 26.0, 0.16)
SKU(6, 64.0, 0.04)
SKU(10, 27.0, 0.14)
SKU(0, 10.0, 0.08)
SKU(0, 9.0, 0.12)

Posicao 1 (Corredor 1, Prateleira -1)
   SKU 6 -> 74
   SKU 7 -> 201

Posicao 2 (Corredor 1, Prateleira -2)
   SKU 4 -> 170
   SKU 15 -> 37
   SKU 34 -> 23

Posicao 3 (Corredor 1, Prateleira -3)
   SKU 17 -> 45
   SKU 25 -> 42
   SKU 29 -> 54

Posicao 4 (Corredor 1, Prateleira -4)
   SKU 11 -> 35

Posicao 10 (Corredor 1, Prateleira -10)
   SKU 3 -> 131

Posicao 11 (Corredor 1, Prateleira 1)
   SKU 2 -> 147
   SKU 6 -> 103

Posicao 12 (Corredor 1, Prateleira 2)
   SKU 5 -> 35
   SKU 8 -> 117
   SKU 37 -> 64

Posicao 13 (Corredor 1, Prateleira 3)
   SKU 10 -> 32
   SKU 19 -> 25
   SKU 22 -> 38

Posicao 21 (Corredor 2, Prateleira -1)
   SKU 1 -> 174
   SKU 2 -> 29
   SKU 8 -> 50

Posicao 22 (Corredor 2, Prateleira -2)
   SKU 14 -> 50
   SKU 27 -> 35
   SKU 38 -> 27

Posicao 23 (Corredor 2, Prateleira -3)
   SKU 13 -> 29
   SKU 24 -> 48

Posicao 31 (Corredor 2, Prateleira 1)
   SKU 5 -> 104
   SKU 30 -> 87
   SKU 34 -> 60

Posicao 32 (Corredor 2, Prateleira 2)
   SKU 12 -> 39
   SKU 16 -> 61
   SKU 28 -> 36

Posicao 33 (Corredor 2, Prateleira 3)
   SKU 9 -> 28

Posicao 41 (Corredor 3, Prateleira -1)
   SKU 21 -> 61
   SKU 23 -> 63
   SKU 32 -> 59

Posicao 42 (Corredor 3, Prateleira -2)
   SKU 18 -> 28
   SKU 36 -> 26

Posicao 51 (Corredor 3, Prateleira 1)
   SKU 20 -> 35
   SKU 26 -> 46
   SKU 33 -> 55

Posicao 61 (Corredor 4, Prateleira -1)
   SKU 31 -> 23

Posicao 71 (Corredor 4, Prateleira 1)
   SKU 15 -> 21
   SKU 35 -> 23

Posicao 100 (Corredor 5, Prateleira 10)
   SKU 39 -> 10
   SKU 40 -> 9

