Rota do Picker 1: [0, 21, 61, 13, 33, 16, 8, 86, 5, 6, 44, 4, 54, 91, 47, 67, 92, 9, 1, 81, 14, 53, 41, 71, 32, 52, 45, 0]
Rota do Picker 2: [0, 41, 32, 15, 6, 1, 81, 14, 34, 46, 71, 21, 61, 13, 53, 52, 35, 66, 0]
Rota do Picker 3: [0, 14, 7, 26, 81, 86, 46, 52, 84, 25, 28, 4, 44, 45, 47, 67, 16, 48, 9, 71, 41, 64, 65, 63, 23, 61, 21, 1, 6, 0]
Rota do Picker 4: [0, 45, 34, 14, 1, 41, 61, 81, 11, 51, 91, 52, 21, 13, 32, 71, 73, 8, 33, 92, 24, 62, 0]
Rota do Picker 5: [0, 1, 21, 41, 13, 15, 32, 71, 61, 34, 93, 81, 72, 91, 54, 73, 53, 92, 52, 33, 16, 14, 0]
Rota do Picker 6: [0, 1, 61, 4, 64, 27, 26, 48, 44, 65, 67, 86, 9, 45, 46, 47, 85, 28, 8, 41, 6, 66, 21, 81, 7, 0]
Rota do Picker 7: [0, 45, 44, 4, 61, 66, 15, 13, 91, 46, 16, 7, 81, 28, 48, 85, 14, 35, 86, 6, 71, 32, 41, 21, 1, 0]
Rota do Picker 8: [0, 1, 41, 61, 81, 13, 6, 71, 91, 9, 21, 32, 16, 28, 65, 47, 92, 8, 45, 86, 66, 33, 93, 46, 67, 4, 44, 14, 0]
Rota do Picker 9: [0, 1, 21, 41, 61, 81, 13, 32, 52, 14, 33, 72, 46, 16, 53, 34, 66, 92, 15, 54, 73, 71, 0]
Rota do Picker 10: [0, 35, 8, 51, 52, 45, 33, 46, 67, 72, 71, 73, 1, 21, 4, 15, 6, 28, 32, 14, 13, 81, 61, 41, 86, 66, 0]
Rota do Picker 11: [0, 1, 21, 41, 71, 34, 14, 81, 61, 32, 13, 53, 8, 35, 52, 15, 16, 9, 72, 0]
Rota do Picker 12: [0, 93, 6, 16, 92, 52, 53, 81, 1, 32, 33, 13, 61, 41, 21, 91, 71, 73, 14, 54, 0]
Rota do Picker 13: [0, 6, 34, 81, 8, 54, 72, 32, 1, 28, 71, 52, 33, 14, 61, 41, 21, 13, 46, 47, 93, 53, 92, 45, 91, 0]

Caso de teste: SLAPRP_Guo_small_O200_alpha0.2_v10.txt

Distancia Total: 2420.0
Quantidade de Pickers: 13
