Rota do Picker 1: [0, 1, 22, 42, 0]
Rota do Picker 2: [0, 23, 46, 25, 5, 21, 41, 61, 81, 17, 37, 56, 73, 52, 72, 92, 18, 33, 24, 4, 3, 83, 43, 8, 26, 6, 7, 63, 62, 22, 1, 0]
Rota do Picker 3: [0, 1, 5, 25, 24, 42, 4, 6, 26, 46, 64, 83, 22, 62, 23, 3, 63, 43, 81, 61, 41, 21, 0]
Rota do Picker 4: [0, 1, 41, 61, 43, 3, 63, 5, 53, 71, 91, 74, 34, 35, 93, 16, 55, 15, 21, 23, 24, 64, 33, 56, 17, 4, 44, 8, 7, 82, 42, 22, 0]
Rota do Picker 5: [0, 1, 61, 21, 41, 3, 23, 43, 63, 42, 82, 22, 4, 6, 7, 16, 35, 15, 53, 26, 45, 25, 27, 5, 44, 24, 0]
Rota do Picker 6: [0, 1, 21, 41, 3, 23, 25, 5, 44, 64, 82, 62, 42, 22, 65, 45, 27, 7, 24, 4, 0]
Rota do Picker 7: [0, 92, 52, 4, 24, 1, 21, 61, 3, 44, 12, 53, 23, 43, 6, 46, 81, 41, 42, 62, 34, 18, 56, 15, 31, 0]

Caso de teste: SLAPRP_Guo_small_O100_alpha0.4_v4.txt

Distancia Total: 760.0
Quantidade de Pickers: 7
