Rota do Picker 1: [0, 1, 21, 26, 45, 48, 30, 3, 61, 22, 2, 8, 46, 18, 50, 62, 27, 5, 10, 41, 9, 83, 42, 0]
Rota do Picker 2: [0, 1, 21, 8, 10, 20, 3, 5, 45, 26, 18, 62, 50, 33, 12, 2, 22, 61, 39, 30, 46, 42, 83, 23, 0]
Rota do Picker 3: [0, 21, 3, 26, 1, 23, 8, 71, 14, 61, 18, 30, 12, 5, 22, 20, 10, 45, 46, 42, 83, 41, 94, 48, 2, 0]
Rota do Picker 4: [0, 48, 20, 11, 83, 3, 62, 22, 2, 21, 1, 24, 26, 50, 40, 42, 45, 46, 8, 39, 43, 0]
Rota do Picker 5: [0, 2, 45, 46, 14, 20, 41, 3, 51, 18, 1, 40, 55, 94, 72, 48, 39, 37, 11, 36, 22, 12, 83, 57, 13, 62, 42, 21, 0]
Rota do Picker 6: [0, 2, 4, 26, 48, 3, 83, 46, 23, 8, 10, 13, 21, 62, 50, 45, 30, 9, 42, 1, 72, 5, 0]
Rota do Picker 7: [0, 2, 22, 42, 62, 51, 71, 36, 0]

Caso de teste: SLAPRP_Guo_small_O100_alpha0.2_v8.txt

Distancia Total: 1368.0
Quantidade de Pickers: 7
