Rota do Picker 1: [0, 8, 9, 47, 28, 67, 69, 30, 45, 48, 50, 10, 46, 26, 7, 1, 2, 0]
Rota do Picker 2: [0, 1, 64, 8, 28, 30, 50, 67, 7, 46, 48, 65, 45, 10, 47, 9, 26, 0]
Rota do Picker 3: [0, 64, 84, 83, 21, 7, 67, 87, 26, 19, 31, 1, 46, 48, 30, 17, 45, 28, 50, 37, 9, 10, 8, 36, 60, 47, 0]
Rota do Picker 4: [0, 36, 46, 10, 48, 37, 19, 2, 7, 8, 40, 60, 30, 12, 13, 28, 9, 47, 45, 26, 67, 87, 0]
Rota do Picker 5: [0, 3, 28, 21, 47, 87, 67, 2, 65, 46, 8, 1, 37, 48, 45, 26, 10, 9, 7, 0]
Rota do Picker 6: [0, 30, 10, 59, 18, 20, 57, 55, 1, 2, 39, 0]
Rota do Picker 7: [0, 84, 1, 64, 67, 2, 21, 30, 28, 3, 83, 31, 65, 69, 10, 8, 47, 45, 37, 26, 36, 19, 48, 9, 46, 7, 60, 0]

Caso de teste: SLAPRP_Guo_small_O100_alpha0.2_v2.txt

Distancia Total: 1192.0
Quantidade de Pickers: 7
