SKUs: 40
Pedidos: 203

Primeiro pedido:
Order(1, [1, 6, 8, 24, 37])

Ultimo pedido:
Order(203, [4, 21])

Location(1, 1, -1, 20)
Location(2, 1, -2, 20)
Location(3, 1, -3, 20)
Location(4, 1, -4, 20)
Location(5, 1, -5, 20)
Location(6, 1, -6, 20)
Location(7, 1, -7, 20)
Location(8, 1, -8, 20)
Location(9, 1, -9, 20)
Location(10, 1, -10, 40)
Location(11, 1, 1, 20)
Location(12, 1, 2, 20)
Location(13, 1, 3, 20)
Location(14, 1, 4, 20)
Location(15, 1, 5, 20)
Location(16, 1, 6, 20)
Location(17, 1, 7, 20)
Location(18, 1, 8, 20)
Location(19, 1, 9, 20)
Location(20, 1, 10, 40)
Location(21, 2, -1, 20)
Location(22, 2, -2, 20)
Location(23, 2, -3, 20)
Location(24, 2, -4, 20)
Location(25, 2, -5, 20)
Location(26, 2, -6, 20)
Location(27, 2, -7, 20)
Location(28, 2, -8, 20)
Location(29, 2, -9, 20)
Location(30, 2, -10, 40)
Location(31, 2, 1, 20)
Location(32, 2, 2, 20)
Location(33, 2, 3, 20)
Location(34, 2, 4, 20)
Location(35, 2, 5, 20)
Location(36, 2, 6, 20)
Location(37, 2, 7, 20)
Location(38, 2, 8, 20)
Location(39, 2, 9, 20)
Location(40, 2, 10, 40)
Location(41, 3, -1, 20)
Location(42, 3, -2, 20)
Location(43, 3, -3, 20)
Location(44, 3, -4, 20)
Location(45, 3, -5, 20)
Location(46, 3, -6, 20)
Location(47, 3, -7, 20)
Location(48, 3, -8, 20)
Location(49, 3, -9, 20)
Location(50, 3, -10, 40)
Location(51, 3, 1, 20)
Location(52, 3, 2, 20)
Location(53, 3, 3, 20)
Location(54, 3, 4, 20)
Location(55, 3, 5, 20)
Location(56, 3, 6, 20)
Location(57, 3, 7, 20)
Location(58, 3, 8, 20)
Location(59, 3, 9, 20)
Location(60, 3, 10, 40)
Location(61, 4, -1, 20)
Location(62, 4, -2, 20)
Location(63, 4, -3, 20)
Location(64, 4, -4, 20)
Location(65, 4, -5, 20)
Location(66, 4, -6, 20)
Location(67, 4, -7, 20)
Location(68, 4, -8, 20)
Location(69, 4, -9, 20)
Location(70, 4, -10, 40)
Location(71, 4, 1, 20)
Location(72, 4, 2, 20)
Location(73, 4, 3, 20)
Location(74, 4, 4, 20)
Location(75, 4, 5, 20)
Location(76, 4, 6, 20)
Location(77, 4, 7, 20)
Location(78, 4, 8, 20)
Location(79, 4, 9, 20)
Location(80, 4, 10, 40)
Location(81, 5, -1, 20)
Location(82, 5, -2, 20)
Location(83, 5, -3, 20)
Location(84, 5, -4, 20)
Location(85, 5, -5, 20)
Location(86, 5, -6, 20)
Location(87, 5, -7, 20)
Location(88, 5, -8, 20)
Location(89, 5, -9, 20)
Location(90, 5, -10, 40)
Location(91, 5, 1, 20)
Location(92, 5, 2, 20)
Location(93, 5, 3, 20)
Location(94, 5, 4, 20)
Location(95, 5, 5, 20)
Location(96, 5, 6, 20)
Location(97, 5, 7, 20)
Location(98, 5, 8, 20)
Location(99, 5, 9, 20)
Location(100, 5, 10, 40)

Frequencias: [83, 99, 77, 108, 78, 104, 94, 89, 7, 4, 8, 9, 7, 8, 7, 7, 12, 8, 13, 11, 12, 10, 7, 13, 16, 5, 12, 14, 9, 9, 6, 8, 10, 4, 11, 8, 10, 11, 0, 0]

Matriz de coocorrencia: 
40×40 Matrix{Int64}:
  0  49  37  49  43  47  45  42  2  4  6  4  4  1  4  1  6  3  4   7   4  2  5  6   7  2  3  4  3  5  0  6  1  0  4  4  5  4  0  0
 49   0  48  62  48  55  52  40  3  3  4  7  5  4  5  3  4  4  7   5   4  6  2  6   5  4  5  6  6  5  3  3  5  2  4  3  7  4  0  0
 37  48   0  43  39  44  44  36  3  1  4  7  3  3  3  3  3  2  4   4   3  2  1  3   7  2  5  3  3  2  4  2  3  1  6  2  3  5  0  0
 49  62  43   0  45  48  51  42  2  3  5  3  2  4  3  2  7  3  6  10  10  7  5  7  13  4  9  5  1  4  2  4  5  2  4  2  7  6  0  0
 43  48  39  45   0  40  41  39  4  0  3  6  4  4  4  2  5  3  8   6   6  3  2  4  10  1  4  5  4  3  2  4  4  4  2  1  5  2  0  0
 47  55  44  48  40   0  50  36  5  2  4  5  3  4  3  3  4  4  7   6   4  5  3  6   5  2  5  5  6  8  2  5  6  1  8  6  6  4  0  0
 45  52  44  51  41  50   0  46  4  2  6  4  6  1  3  4  2  2  7   4   6  4  4  3  11  2  4  7  6  4  4  6  5  1  5  5  5  5  0  0
 42  40  36  42  39  36  46   0  4  2  4  4  2  4  3  3  6  3  6   3   5  4  5  3   8  1  7  6  4  2  4  7  6  2  6  1  4  4  0  0
  2   3   3   2   4   5   4   4  0  0  1  2  0  1  0  1  0  1  0   0   1  0  0  0   1  0  0  0  0  1  0  1  1  0  0  1  0  0  0  0
  4   3   1   3   0   2   2   2  0  0  0  0  1  0  0  0  0  0  0   1   0  0  0  1   0  0  0  0  0  1  0  0  0  0  0  0  0  0  0  0
  6   4   4   5   3   4   6   4  1  0  0  0  0  0  0  0  1  0  0   0   1  0  1  0   1  0  0  0  1  0  0  0  0  0  0  0  0  0  0  0
  4   7   7   3   6   5   4   4  2  0  0  0  0  1  1  0  1  0  0   0   1  0  0  0   1  0  1  2  0  0  0  0  1  0  0  0  0  0  0  0
  4   5   3   2   4   3   6   2  0  1  0  0  0  0  0  0  0  1  1   0   0  0  1  0   0  0  0  0  2  1  0  0  0  0  0  0  0  0  0  0
  1   4   3   4   4   4   1   4  1  0  0  1  0  0  0  1  1  0  1   0   1  2  0  1   0  0  1  2  0  1  0  0  0  1  0  0  0  1  0  0
  4   5   3   3   4   3   3   3  0  0  0  1  0  0  0  0  1  0  0   1   0  0  0  0   0  0  0  0  0  0  1  1  0  0  0  0  0  0  0  0
  1   3   3   2   2   3   4   3  1  0  0  0  0  1  0  0  0  1  2   0   1  1  0  1   1  0  1  1  0  1  1  0  1  1  0  1  0  0  0  0
  6   4   3   7   5   4   2   6  0  0  1  1  0  1  1  0  0  1  1   0   0  0  3  1   2  0  2  1  0  1  0  0  0  0  0  0  0  1  0  0
  3   4   2   3   3   4   2   3  1  0  0  0  1  0  0  1  1  0  1   0   0  0  0  2   2  1  0  0  1  1  0  0  2  1  0  1  0  0  0  0
  4   7   4   6   8   7   7   6  0  0  0  0  1  1  0  2  1  1  0   0   2  0  1  2   0  1  0  1  0  0  1  1  2  2  1  1  2  0  0  0
  7   5   4  10   6   6   4   3  0  1  0  0  0  0  1  0  0  0  0   0   1  0  1  0   0  0  1  0  1  0  0  0  0  0  0  0  1  0  0  0
  4   4   3  10   6   4   6   5  1  0  1  1  0  1  0  1  0  0  2   1   0  0  0  2   4  0  1  2  0  0  0  0  1  1  0  0  1  0  0  0
  2   6   2   7   3   5   4   4  0  0  0  0  0  2  0  1  0  0  0   0   0  0  0  0   1  2  0  1  0  0  1  0  0  0  1  0  2  1  0  0
  5   2   1   5   2   3   4   5  0  0  1  0  1  0  0  0  3  0  1   1   0  0  0  0   0  0  0  0  0  0  0  1  0  0  1  0  0  0  0  0
  6   6   3   7   4   6   3   3  0  1  0  0  0  1  0  1  1  2  2   0   2  0  0  0   1  1  0  1  0  1  0  0  0  1  2  1  2  0  0  0
  7   5   7  13  10   5  11   8  1  0  1  1  0  0  0  1  2  2  0   0   4  1  0  1   0  0  1  2  0  2  0  0  2  1  0  0  0  1  0  0
  2   4   2   4   1   2   2   1  0  0  0  0  0  0  0  0  0  1  1   0   0  2  0  1   0  0  0  0  0  0  0  0  0  0  0  0  2  0  0  0
  3   5   5   9   4   5   4   7  0  0  0  1  0  1  0  1  2  0  0   1   1  0  0  0   1  0  0  0  0  0  0  0  2  0  0  0  0  1  0  0
  4   6   3   5   5   5   7   6  0  0  0  2  0  2  0  1  1  0  1   0   2  1  0  1   2  0  0  0  0  0  0  0  1  1  0  0  0  0  0  0
  3   6   3   1   4   6   6   4  0  0  1  0  2  0  0  0  0  1  0   1   0  0  0  0   0  0  0  0  0  1  1  0  0  0  1  0  0  0  0  0
  5   5   2   4   3   8   4   2  1  1  0  0  1  1  0  1  1  1  0   0   0  0  0  1   2  0  0  0  1  0  0  0  2  0  0  1  0  0  0  0
  0   3   4   2   2   2   4   4  0  0  0  0  0  0  1  1  0  0  1   0   0  1  0  0   0  0  0  0  1  0  0  0  0  0  1  0  0  0  0  0
  6   3   2   4   4   5   6   7  1  0  0  0  0  0  1  0  0  0  1   0   0  0  1  0   0  0  0  0  0  0  0  0  0  0  0  0  0  1  0  0
  1   5   3   5   4   6   5   6  1  0  0  1  0  0  0  1  0  2  2   0   1  0  0  0   2  0  2  1  0  2  0  0  0  1  0  0  0  1  0  0
  0   2   1   2   4   1   1   2  0  0  0  0  0  1  0  1  0  1  2   0   1  0  0  1   1  0  0  1  0  0  0  0  1  0  0  0  0  0  0  0
  4   4   6   4   2   8   5   6  0  0  0  0  0  0  0  0  0  0  1   0   0  1  1  2   0  0  0  0  1  0  1  0  0  0  0  0  0  1  0  0
  4   3   2   2   1   6   5   1  1  0  0  0  0  0  0  1  0  1  1   0   0  0  0  1   0  0  0  0  0  1  0  0  0  0  0  0  0  0  0  0
  5   7   3   7   5   6   5   4  0  0  0  0  0  0  0  0  0  0  2   1   1  2  0  2   0  2  0  0  0  0  0  0  0  0  0  0  0  0  0  0
  4   4   5   6   2   4   5   4  0  0  0  0  0  1  0  0  1  0  0   0   0  1  0  0   1  0  1  0  0  0  0  1  1  0  1  0  0  0  0  0
  0   0   0   0   0   0   0   0  0  0  0  0  0  0  0  0  0  0  0   0   0  0  0  0   0  0  0  0  0  0  0  0  0  0  0  0  0  0  0  0
  0   0   0   0   0   0   0   0  0  0  0  0  0  0  0  0  0  0  0   0   0  0  0  0   0  0  0  0  0  0  0  0  0  0  0  0  0  0  0  0
SKU(83, 189.0, 0.07)
SKU(99, 192.0, 0.08)
SKU(77, 118.0, 0.21)
SKU(108, 183.0, 0.1)
SKU(78, 134.0, 0.13)
SKU(104, 202.0, 0.08)
SKU(94, 200.0, 0.07)
SKU(89, 156.0, 0.11)
SKU(7, 39.0, 0.09)
SKU(4, 17.0, 0.21)
SKU(8, 39.0, 0.11)
SKU(9, 42.0, 0.12)
SKU(7, 27.0, 0.19)
SKU(8, 48.0, 0.07)
SKU(7, 60.0, 0.05)
SKU(7, 42.0, 0.09)
SKU(12, 51.0, 0.08)
SKU(8, 34.0, 0.12)
SKU(13, 27.0, 0.26)
SKU(11, 33.0, 0.17)
SKU(12, 64.0, 0.07)
SKU(10, 31.0, 0.16)
SKU(7, 44.0, 0.1)
SKU(13, 84.0, 0.05)
SKU(16, 53.0, 0.11)
SKU(5, 33.0, 0.09)
SKU(12, 42.0, 0.13)
SKU(14, 40.0, 0.16)
SKU(9, 62.0, 0.06)
SKU(9, 77.0, 0.04)
SKU(6, 20.0, 0.15)
SKU(8, 61.0, 0.06)
SKU(10, 62.0, 0.07)
SKU(4, 45.0, 0.05)
SKU(11, 36.0, 0.12)
SKU(8, 25.0, 0.16)
SKU(10, 81.0, 0.04)
SKU(11, 28.0, 0.14)
SKU(0, 10.0, 0.08)
SKU(0, 9.0, 0.12)

extremidades das matrizes:
S_hat: (-0.12151795948467958, 0.7861355657405628)
S_hat * P: (-0.11296499707548008, 0.6756783598433316)
W * S_hat: (-0.06198213077061377, 1.2528482760853235)
W * S_hat * P: (0.0, 1.0776592740436826)
correlacao{S_hat, S_hat_hat} = 0.9651847632305334

Posicao 1 (Corredor 1, Prateleira -1)
   SKU 2 -> 75
   SKU 7 -> 200

Posicao 2 (Corredor 1, Prateleira -2)
   SKU 5 -> 37
   SKU 8 -> 130
   SKU 30 -> 22

Posicao 3 (Corredor 1, Prateleira -3)
   SKU 17 -> 51
   SKU 25 -> 53
   SKU 33 -> 62

Posicao 11 (Corredor 1, Prateleira 1)
   SKU 2 -> 117
   SKU 6 -> 133

Posicao 12 (Corredor 1, Prateleira 2)
   SKU 5 -> 97
   SKU 24 -> 84
   SKU 37 -> 79

Posicao 13 (Corredor 1, Prateleira 3)
   SKU 20 -> 33
   SKU 23 -> 44
   SKU 35 -> 36

Posicao 21 (Corredor 2, Prateleira -1)
   SKU 1 -> 166
   SKU 6 -> 69
   SKU 8 -> 26

Posicao 22 (Corredor 2, Prateleira -2)
   SKU 3 -> 67
   SKU 30 -> 55
   SKU 32 -> 61

Posicao 23 (Corredor 2, Prateleira -3)
   SKU 9 -> 39
   SKU 11 -> 39
   SKU 16 -> 42

Posicao 31 (Corredor 2, Prateleira 1)
   SKU 1 -> 23
   SKU 4 -> 183
   SKU 37 -> 2

Posicao 32 (Corredor 2, Prateleira 2)
   SKU 3 -> 51
   SKU 21 -> 64
   SKU 29 -> 62

Posicao 33 (Corredor 2, Prateleira 3)
   SKU 13 -> 27
   SKU 31 -> 20
   SKU 38 -> 28

Posicao 41 (Corredor 3, Prateleira -1)
   SKU 19 -> 27
   SKU 27 -> 42
   SKU 28 -> 40

Posicao 42 (Corredor 3, Prateleira -2)
   SKU 18 -> 34
   SKU 22 -> 31
   SKU 34 -> 45

Posicao 51 (Corredor 3, Prateleira 1)
   SKU 12 -> 42
   SKU 14 -> 48
   SKU 15 -> 60

Posicao 52 (Corredor 3, Prateleira 2)
   SKU 10 -> 17
   SKU 26 -> 33
   SKU 36 -> 25

Posicao 100 (Corredor 5, Prateleira 10)
   SKU 39 -> 10
   SKU 40 -> 9

