Rota do Picker 1: [0, 1, 0]
Rota do Picker 2: [0, 1, 0]
Rota do Picker 3: [0, 1, 0]
Rota do Picker 4: [0, 1, 21, 25, 65, 26, 27, 42, 41, 22, 24, 44, 45, 5, 4, 64, 3, 43, 7, 74, 14, 81, 61, 62, 82, 23, 18, 0]
Rota do Picker 5: [0, 1, 21, 4, 24, 5, 65, 44, 83, 63, 2, 3, 23, 43, 45, 8, 46, 6, 35, 18, 36, 32, 61, 41, 0]
Rota do Picker 6: [0, 1, 3, 23, 7, 4, 44, 63, 83, 43, 25, 65, 26, 6, 82, 62, 42, 22, 41, 81, 61, 21, 73, 35, 0]
Rota do Picker 7: [0, 42, 22, 1, 41, 82, 62, 46, 7, 5, 25, 43, 63, 45, 44, 24, 4, 23, 3, 21, 0]
Rota do Picker 8: [0, 1, 81, 21, 3, 23, 4, 64, 61, 41, 8, 46, 26, 16, 36, 13, 73, 11, 33, 83, 43, 5, 17, 53, 24, 42, 62, 82, 22, 0]
Rota do Picker 9: [0, 72, 92, 1, 21, 41, 61, 81, 12, 18, 91, 71, 23, 3, 6, 25, 4, 64, 43, 26, 63, 42, 62, 0]

Caso de teste: SLAPRP_Guo_small_O100_alpha0.3_v4.txt

Distancia Total: 738.0
Quantidade de Pickers: 9
