Rota do Picker 1: [0, 21, 41, 32, 53, 93, 4, 0]
Rota do Picker 2: [0, 37, 17, 12, 16, 33, 13, 55, 77, 95, 75, 53, 76, 73, 56, 38, 18, 14, 92, 52, 32, 34, 35, 15, 21, 19, 41, 1, 0]
Rota do Picker 3: [0, 25, 18, 61, 14, 33, 13, 41, 21, 1, 35, 15, 54, 34, 52, 32, 12, 55, 96, 53, 73, 4, 62, 43, 3, 0]
Rota do Picker 4: [0, 1, 41, 61, 13, 33, 62, 82, 21, 3, 14, 34, 63, 5, 94, 51, 31, 22, 6, 42, 44, 24, 32, 4, 0]
Rota do Picker 5: [0, 34, 61, 94, 17, 52, 43, 23, 3, 41, 1, 32, 33, 13, 21, 18, 12, 53, 0]

Caso de teste: SLAPRP_Guo_small_O50_alpha0.3_v10.txt

Distancia Total: 630.0
Quantidade de Pickers: 5
