Rota do Picker 1: [0, 21, 26, 1, 45, 43, 44, 7, 81, 46, 64, 65, 83, 62, 82, 5, 63, 23, 61, 41, 74, 0]
Rota do Picker 2: [0, 26, 27, 5, 61, 41, 21, 1, 25, 64, 45, 65, 44, 7, 62, 43, 23, 6, 82, 8, 81, 63, 0]
Rota do Picker 3: [0, 74, 46, 63, 8, 5, 43, 23, 61, 41, 21, 25, 81, 62, 26, 27, 7, 1, 82, 6, 65, 24, 45, 44, 64, 0]
Rota do Picker 4: [0, 18, 35, 12, 81, 61, 41, 21, 1, 33, 73, 0]
Rota do Picker 5: [0, 4, 63, 44, 83, 64, 45, 43, 61, 5, 82, 62, 81, 41, 18, 46, 25, 23, 21, 1, 74, 56, 0]
Rota do Picker 6: [0, 1, 21, 41, 43, 26, 56, 18, 27, 44, 81, 61, 0]
Rota do Picker 7: [0, 21, 41, 61, 81, 23, 43, 7, 74, 44, 45, 25, 62, 63, 83, 65, 6, 42, 26, 1, 5, 82, 64, 0]

Caso de teste: SLAPRP_Guo_small_O100_alpha0.3_v1.txt

Distancia Total: 946.0
Quantidade de Pickers: 7
