Rota do Picker 1: [0, 84, 22, 42, 12, 55, 74, 94, 20, 18, 37, 39, 40, 41, 2, 14, 36, 52, 27, 4, 26, 46, 9, 10, 45, 0]
Rota do Picker 2: [0, 22, 26, 9, 45, 85, 30, 34, 40, 20, 11, 14, 33, 93, 1, 21, 46, 19, 18, 12, 52, 47, 42, 61, 41, 0]
Rota do Picker 3: [0, 22, 42, 46, 26, 27, 9, 45, 33, 36, 12, 52, 55, 37, 39, 40, 18, 76, 96, 19, 30, 10, 4, 1, 0]
Rota do Picker 4: [0, 26, 46, 9, 85, 45, 42, 22, 27, 47, 30, 50, 61, 33, 36, 76, 20, 21, 1, 2, 23, 74, 52, 31, 0]
Rota do Picker 5: [0, 3, 10, 50, 9, 27, 62, 42, 22, 26, 30, 45, 85, 76, 93, 32, 12, 2, 75, 20, 40, 34, 33, 31, 23, 61, 1, 0]
Rota do Picker 6: [0, 22, 26, 46, 3, 23, 42, 41, 61, 55, 36, 19, 32, 62, 52, 10, 27, 45, 4, 84, 94, 51, 31, 11, 34, 76, 37, 18, 74, 12, 21, 0]
Rota do Picker 7: [0, 22, 84, 26, 46, 27, 47, 45, 37, 18, 55, 72, 52, 12, 2, 1, 39, 60, 96, 36, 51, 31, 11, 0]
Rota do Picker 8: [0, 46, 42, 4, 11, 51, 1, 14, 18, 26, 27, 47, 2, 23, 85, 33, 93, 12, 52, 10, 9, 45, 22, 41, 0]
Rota do Picker 9: [0, 52, 12, 0]
Rota do Picker 10: [0, 42, 22, 21, 41, 12, 72, 14, 55, 93, 34, 26, 4, 45, 9, 46, 30, 3, 2, 1, 61, 71, 20, 18, 52, 0]
Rota do Picker 11: [0, 42, 22, 12, 52, 74, 33, 93, 36, 96, 18, 55, 41, 1, 72, 26, 30, 10, 84, 3, 11, 31, 0]
Rota do Picker 12: [0, 42, 22, 0]
Rota do Picker 13: [0, 3, 23, 2, 22, 42, 19, 20, 40, 36, 76, 37, 18, 94, 74, 12, 52, 31, 93, 33, 1, 97, 14, 55, 51, 11, 0]

Caso de teste: SLAPRP_Guo_small_O200_alpha0.4_v6.txt

Distancia Total: 1808.0
Quantidade de Pickers: 13
