Rota do Picker 1: [0, 1, 0]
Rota do Picker 2: [0, 1, 0]
Rota do Picker 3: [0, 1, 21, 41, 61, 42, 62, 82, 22, 63, 83, 65, 45, 7, 18, 16, 32, 0]
Rota do Picker 4: [0, 5, 64, 21, 41, 32, 92, 51, 16, 36, 14, 34, 15, 35, 55, 65, 45, 42, 62, 26, 56, 17, 73, 57, 37, 61, 1, 0]
Rota do Picker 5: [0, 4, 43, 23, 61, 41, 62, 22, 42, 82, 64, 24, 5, 6, 21, 1, 76, 16, 14, 35, 18, 32, 26, 51, 91, 0]
Rota do Picker 6: [0, 1, 41, 32, 34, 55, 15, 37, 14, 54, 74, 5, 7, 4, 23, 63, 83, 21, 61, 81, 64, 44, 82, 62, 42, 0]
Rota do Picker 7: [0, 1, 21, 45, 82, 41, 61, 42, 62, 17, 13, 16, 35, 15, 32, 25, 5, 34, 14, 94, 71, 91, 51, 0]
Rota do Picker 8: [0, 1, 41, 61, 21, 4, 56, 55, 36, 32, 14, 15, 74, 94, 54, 92, 25, 5, 42, 83, 43, 23, 0]
Rota do Picker 9: [0, 1, 21, 41, 23, 63, 32, 14, 35, 75, 74, 54, 71, 51, 31, 16, 37, 57, 81, 61, 82, 62, 42, 43, 3, 0]
Rota do Picker 10: [0, 72, 32, 41, 21, 81, 61, 1, 14, 34, 36, 17, 57, 54, 25, 6, 7, 56, 76, 13, 53, 73, 93, 44, 4, 65, 5, 24, 82, 42, 45, 0]
Rota do Picker 11: [0, 12, 32, 52, 92, 72, 15, 34, 14, 54, 94, 55, 75, 17, 37, 83, 63, 43, 3, 23, 7, 6, 21, 61, 41, 1, 0]
Rota do Picker 12: [0, 1, 21, 41, 61, 81, 62, 82, 6, 46, 16, 17, 35, 51, 4, 23, 43, 3, 42, 22, 5, 18, 73, 53, 33, 13, 0]
Rota do Picker 13: [0, 21, 81, 54, 94, 14, 6, 7, 64, 24, 4, 25, 16, 74, 34, 18, 92, 72, 32, 53, 37, 36, 17, 61, 41, 1, 0]
Rota do Picker 14: [0, 1, 21, 61, 41, 81, 4, 64, 14, 34, 74, 54, 13, 73, 92, 32, 0]

Caso de teste: SLAPRP_Guo_small_O200_alpha0.2_v1.txt

Distancia Total: 1418.0
Quantidade de Pickers: 14
