Rota do Picker 1: [0, 22, 7, 46, 50, 17, 40, 20, 64, 45, 85, 9, 10, 26, 84, 2, 19, 37, 93, 31, 23, 3, 41, 21, 0]
Rota do Picker 2: [0, 7, 74, 31, 41, 21, 1, 11, 32, 17, 39, 59, 20, 22, 10, 52, 19, 93, 33, 13, 40, 97, 37, 36, 94, 14, 0]
Rota do Picker 3: [0, 31, 22, 42, 33, 20, 40, 39, 17, 11, 36, 96, 37, 97, 14, 94, 2, 4, 46, 26, 30, 52, 45, 85, 50, 10, 9, 8, 7, 3, 41, 21, 64, 0]
Rota do Picker 4: [0, 21, 45, 46, 64, 1, 42, 9, 30, 2, 41, 61, 10, 7, 36, 31, 11, 97, 93, 17, 37, 71, 33, 3, 22, 0]
Rota do Picker 5: [0, 21, 41, 31, 84, 45, 46, 50, 10, 7, 1, 17, 37, 39, 96, 22, 42, 97, 20, 23, 13, 30, 9, 8, 93, 33, 0]

Caso de teste: SLAPRP_Guo_small_O100_alpha0.4_v10.txt

Distancia Total: 962.0
Quantidade de Pickers: 5
