Rota do Picker 1: [0, 21, 45, 27, 47, 9, 3, 46, 10, 8, 30, 26, 50, 7, 22, 2, 0]
Rota do Picker 2: [0, 10, 18, 17, 15, 32, 12, 60, 7, 40, 45, 26, 2, 22, 42, 4, 47, 20, 57, 3, 76, 53, 13, 52, 1, 0]
Rota do Picker 3: [0, 57, 13, 42, 8, 1, 21, 26, 51, 71, 47, 10, 40, 72, 52, 11, 34, 15, 9, 27, 7, 23, 46, 2, 22, 31, 76, 65, 45, 32, 12, 24, 60, 0]
Rota do Picker 4: [0, 45, 47, 23, 14, 22, 42, 62, 8, 9, 12, 20, 50, 26, 27, 7, 10, 2, 30, 18, 4, 13, 11, 40, 71, 65, 3, 43, 21, 0]
Rota do Picker 5: [0, 47, 14, 52, 32, 2, 12, 13, 37, 18, 15, 10, 24, 23, 62, 42, 78, 21, 34, 71, 51, 60, 72, 57, 97, 1, 11, 40, 20, 17, 45, 27, 7, 0]
Rota do Picker 6: [0, 21, 45, 26, 76, 34, 24, 7, 9, 8, 2, 62, 10, 60, 13, 71, 65, 1, 46, 20, 12, 32, 27, 22, 42, 3, 41, 52, 4, 47, 30, 78, 0]

Caso de teste: SLAPRP_Guo_small_O100_alpha0.3_v3.txt

Distancia Total: 1428.0
Quantidade de Pickers: 6
