Rota do Picker 1: [0, 1, 81, 0]
Rota do Picker 2: [0, 46, 8, 64, 41, 21, 23, 82, 62, 22, 5, 45, 65, 25, 7, 6, 26, 63, 43, 81, 61, 1, 0]
Rota do Picker 3: [0, 1, 22, 62, 6, 64, 25, 5, 3, 41, 21, 61, 45, 7, 46, 43, 23, 83, 0]
Rota do Picker 4: [0, 1, 3, 43, 83, 65, 64, 23, 41, 21, 81, 61, 44, 45, 25, 26, 5, 7, 27, 62, 42, 22, 0]
Rota do Picker 5: [0, 82, 23, 1, 21, 41, 61, 43, 63, 83, 5, 25, 24, 6, 26, 62, 42, 22, 3, 44, 7, 0]
Rota do Picker 6: [0, 1, 5, 65, 25, 45, 22, 62, 26, 81, 61, 41, 21, 43, 63, 8, 7, 23, 3, 0]
Rota do Picker 7: [0, 3, 83, 43, 23, 6, 46, 8, 27, 42, 22, 62, 25, 5, 41, 21, 81, 61, 1, 0]
Rota do Picker 8: [0, 1, 21, 41, 61, 81, 43, 23, 63, 5, 45, 25, 46, 26, 6, 3, 82, 0]
Rota do Picker 9: [0, 1, 3, 2, 22, 62, 5, 45, 64, 84, 44, 6, 46, 7, 8, 23, 43, 63, 83, 81, 61, 41, 21, 0]
Rota do Picker 10: [0, 1, 21, 44, 61, 41, 5, 25, 26, 22, 42, 82, 43, 23, 3, 64, 6, 0]
Rota do Picker 11: [0, 21, 41, 5, 27, 82, 62, 22, 6, 46, 26, 45, 65, 44, 25, 83, 43, 23, 3, 61, 1, 0]
Rota do Picker 12: [0, 3, 23, 1, 21, 41, 61, 22, 11, 71, 14, 37, 56, 0]
Rota do Picker 13: [0, 1, 25, 44, 62, 42, 22, 5, 65, 45, 8, 6, 26, 3, 61, 21, 41, 23, 43, 63, 27, 75, 0]

Caso de teste: SLAPRP_Guo_small_O200_alpha0.2_v4.txt

Distancia Total: 1004.0
Quantidade de Pickers: 13
