Rota do Picker 1: [0, 23, 63, 6, 5, 54, 73, 93, 13, 81, 61, 41, 3, 43, 83, 24, 44, 8, 7, 65, 45, 64, 62, 42, 22, 21, 1, 0]
Rota do Picker 2: [0, 3, 4, 5, 25, 23, 1, 61, 7, 44, 64, 27, 46, 42, 62, 82, 43, 63, 41, 21, 0]
Rota do Picker 3: [0, 62, 42, 41, 21, 1, 3, 23, 26, 43, 63, 92, 52, 36, 17, 35, 75, 18, 37, 14, 34, 81, 61, 72, 54, 24, 4, 5, 45, 6, 71, 91, 0]
Rota do Picker 4: [0, 1, 81, 41, 61, 5, 7, 25, 6, 82, 62, 42, 4, 64, 24, 83, 43, 23, 3, 21, 44, 0]
Rota do Picker 5: [0, 1, 8, 3, 23, 75, 37, 34, 74, 93, 92, 72, 22, 42, 82, 62, 5, 6, 26, 46, 27, 7, 24, 4, 45, 25, 63, 43, 21, 0]
Rota do Picker 6: [0, 1, 21, 41, 3, 83, 23, 43, 63, 5, 46, 25, 27, 7, 65, 45, 4, 44, 62, 82, 42, 22, 0]
Rota do Picker 7: [0, 21, 2, 5, 7, 8, 42, 22, 43, 63, 84, 44, 24, 6, 46, 26, 4, 64, 45, 23, 3, 41, 1, 0]
Rota do Picker 8: [0, 1, 13, 14, 34, 74, 32, 12, 52, 72, 15, 37, 55, 36, 61, 41, 21, 3, 83, 63, 43, 23, 4, 44, 5, 25, 62, 82, 42, 22, 0]
Rota do Picker 9: [0, 21, 61, 41, 81, 5, 25, 26, 6, 27, 82, 42, 44, 64, 43, 23, 3, 62, 22, 24, 4, 1, 0]
Rota do Picker 10: [0, 1, 41, 21, 64, 24, 4, 25, 26, 83, 43, 23, 7, 5, 62, 42, 22, 81, 61, 6, 3, 0]
Rota do Picker 11: [0, 1, 62, 8, 6, 43, 23, 61, 21, 41, 3, 42, 5, 45, 65, 44, 75, 35, 16, 17, 0]
Rota do Picker 12: [0, 11, 62, 22, 1, 21, 61, 81, 41, 7, 3, 23, 42, 0]

Caso de teste: SLAPRP_Guo_small_O200_alpha0.2_v4.txt

Distancia Total: 1210.0
Quantidade de Pickers: 12
