Rota do Picker 1: [0, 45, 87, 27, 7, 50, 65, 48, 9, 30, 10, 28, 8, 26, 46, 20, 60, 97, 0]
Rota do Picker 2: [0, 7, 8, 26, 46, 27, 3, 64, 47, 9, 30, 48, 28, 20, 60, 51, 11, 45, 2, 1, 21, 50, 10, 69, 41, 0]
Rota do Picker 3: [0, 27, 9, 10, 48, 8, 28, 30, 50, 45, 65, 26, 46, 87, 19, 20, 40, 60, 2, 21, 0]
Rota do Picker 4: [0, 1, 28, 48, 9, 10, 45, 26, 46, 60, 40, 20, 74, 11, 55, 59, 57, 97, 41, 64, 65, 30, 8, 3, 27, 7, 2, 0]
Rota do Picker 5: [0, 21, 46, 26, 7, 30, 50, 9, 89, 69, 27, 45, 48, 8, 3, 2, 0]
Rota do Picker 6: [0, 51, 65, 3, 40, 20, 30, 10, 26, 48, 8, 9, 46, 7, 27, 45, 19, 97, 57, 41, 21, 1, 0]
Rota do Picker 7: [0, 46, 26, 10, 30, 48, 8, 3, 45, 65, 1, 41, 28, 89, 7, 2, 37, 40, 20, 9, 47, 27, 21, 0]
Rota do Picker 8: [0, 21, 41, 83, 7, 46, 26, 50, 65, 45, 28, 48, 8, 27, 47, 87, 3, 22, 2, 0]
Rota do Picker 9: [0, 27, 45, 50, 9, 7, 8, 48, 30, 69, 47, 87, 26, 46, 2, 97, 40, 11, 51, 0]
Rota do Picker 10: [0, 55, 20, 19, 11, 3, 7, 47, 26, 46, 9, 10, 8, 27, 87, 65, 45, 21, 0]
Rota do Picker 11: [0, 51, 65, 26, 28, 8, 2, 45, 89, 69, 7, 3, 1, 41, 30, 50, 9, 11, 18, 39, 19, 74, 13, 40, 59, 57, 55, 0]

Caso de teste: SLAPRP_Guo_small_O200_alpha0.3_v5.txt

Distancia Total: 1442.0
Quantidade de Pickers: 11
