Rota do Picker 1: [0, 21, 74, 94, 18, 11, 13, 55, 17, 20, 97, 37, 34, 96, 14, 52, 32, 12, 31, 75, 1, 57, 0]
Rota do Picker 2: [0, 32, 27, 13, 61, 41, 84, 66, 69, 12, 93, 14, 52, 9, 3, 42, 4, 1, 34, 55, 47, 48, 8, 22, 21, 23, 43, 46, 7, 10, 20, 2, 26, 45, 78, 11, 31, 71, 0]
Rota do Picker 3: [0, 28, 1, 21, 10, 24, 22, 42, 8, 49, 89, 48, 27, 52, 23, 43, 9, 69, 45, 66, 46, 26, 7, 3, 84, 0]
Rota do Picker 4: [0, 55, 4, 10, 9, 27, 7, 84, 45, 48, 28, 66, 46, 3, 47, 89, 22, 24, 49, 69, 43, 1, 21, 8, 23, 26, 0]
Rota do Picker 5: [0, 8, 74, 93, 33, 37, 20, 3, 83, 32, 13, 97, 51, 52, 31, 57, 10, 34, 12, 17, 96, 78, 55, 22, 1, 42, 75, 94, 76, 11, 2, 21, 4, 0]
Rota do Picker 6: [0, 21, 20, 10, 27, 23, 22, 42, 3, 48, 1, 84, 45, 46, 2, 52, 69, 49, 47, 83, 9, 78, 4, 66, 26, 8, 7, 28, 0]
Rota do Picker 7: [0, 11, 43, 46, 45, 10, 61, 41, 93, 33, 89, 69, 9, 8, 7, 48, 66, 26, 3, 22, 2, 4, 14, 49, 21, 23, 42, 1, 47, 55, 0]
Rota do Picker 8: [0, 41, 74, 94, 47, 0]
Rota do Picker 9: [0, 11, 13, 74, 94, 46, 47, 48, 1, 9, 93, 12, 66, 42, 22, 62, 34, 7, 83, 43, 23, 31, 78, 21, 51, 71, 8, 32, 26, 20, 0]
Rota do Picker 10: [0, 66, 89, 47, 4, 8, 27, 28, 23, 48, 46, 9, 45, 10, 69, 49, 26, 7, 21, 0]
Rota do Picker 11: [0, 23, 48, 28, 8, 49, 9, 46, 26, 27, 7, 45, 89, 10, 69, 4, 0]
Rota do Picker 12: [0, 71, 32, 12, 1, 11, 51, 55, 74, 94, 7, 31, 17, 37, 8, 48, 78, 83, 23, 26, 0]
Rota do Picker 13: [0, 22, 23, 84, 69, 9, 7, 41, 21, 10, 45, 66, 26, 8, 43, 2, 42, 47, 49, 46, 3, 48, 1, 27, 32, 0]
Rota do Picker 14: [0, 69, 1, 4, 3, 32, 9, 21, 46, 23, 48, 10, 49, 84, 20, 7, 34, 27, 47, 43, 83, 45, 66, 26, 8, 22, 2, 0]

Caso de teste: SLAPRP_Guo_small_O200_alpha0.2_v8.txt

Distancia Total: 2694.0
Quantidade de Pickers: 14
