SKUs: 40
Pedidos: 100

Primeiro pedido:
Order(1, [8, 36])

Ultimo pedido:
Order(100, [3, 6, 7, 28])

Location(1, 1, -1, 20)
Location(2, 1, -2, 20)
Location(3, 1, -3, 20)
Location(4, 1, -4, 20)
Location(5, 1, -5, 20)
Location(6, 1, -6, 20)
Location(7, 1, -7, 20)
Location(8, 1, -8, 20)
Location(9, 1, -9, 20)
Location(10, 1, -10, 40)
Location(11, 1, 1, 20)
Location(12, 1, 2, 20)
Location(13, 1, 3, 20)
Location(14, 1, 4, 20)
Location(15, 1, 5, 20)
Location(16, 1, 6, 20)
Location(17, 1, 7, 20)
Location(18, 1, 8, 20)
Location(19, 1, 9, 20)
Location(20, 1, 10, 40)
Location(21, 2, -1, 20)
Location(22, 2, -2, 20)
Location(23, 2, -3, 20)
Location(24, 2, -4, 20)
Location(25, 2, -5, 20)
Location(26, 2, -6, 20)
Location(27, 2, -7, 20)
Location(28, 2, -8, 20)
Location(29, 2, -9, 20)
Location(30, 2, -10, 40)
Location(31, 2, 1, 20)
Location(32, 2, 2, 20)
Location(33, 2, 3, 20)
Location(34, 2, 4, 20)
Location(35, 2, 5, 20)
Location(36, 2, 6, 20)
Location(37, 2, 7, 20)
Location(38, 2, 8, 20)
Location(39, 2, 9, 20)
Location(40, 2, 10, 40)
Location(41, 3, -1, 20)
Location(42, 3, -2, 20)
Location(43, 3, -3, 20)
Location(44, 3, -4, 20)
Location(45, 3, -5, 20)
Location(46, 3, -6, 20)
Location(47, 3, -7, 20)
Location(48, 3, -8, 20)
Location(49, 3, -9, 20)
Location(50, 3, -10, 40)
Location(51, 3, 1, 20)
Location(52, 3, 2, 20)
Location(53, 3, 3, 20)
Location(54, 3, 4, 20)
Location(55, 3, 5, 20)
Location(56, 3, 6, 20)
Location(57, 3, 7, 20)
Location(58, 3, 8, 20)
Location(59, 3, 9, 20)
Location(60, 3, 10, 40)
Location(61, 4, -1, 20)
Location(62, 4, -2, 20)
Location(63, 4, -3, 20)
Location(64, 4, -4, 20)
Location(65, 4, -5, 20)
Location(66, 4, -6, 20)
Location(67, 4, -7, 20)
Location(68, 4, -8, 20)
Location(69, 4, -9, 20)
Location(70, 4, -10, 40)
Location(71, 4, 1, 20)
Location(72, 4, 2, 20)
Location(73, 4, 3, 20)
Location(74, 4, 4, 20)
Location(75, 4, 5, 20)
Location(76, 4, 6, 20)
Location(77, 4, 7, 20)
Location(78, 4, 8, 20)
Location(79, 4, 9, 20)
Location(80, 4, 10, 40)
Location(81, 5, -1, 20)
Location(82, 5, -2, 20)
Location(83, 5, -3, 20)
Location(84, 5, -4, 20)
Location(85, 5, -5, 20)
Location(86, 5, -6, 20)
Location(87, 5, -7, 20)
Location(88, 5, -8, 20)
Location(89, 5, -9, 20)
Location(90, 5, -10, 40)
Location(91, 5, 1, 20)
Location(92, 5, 2, 20)
Location(93, 5, 3, 20)
Location(94, 5, 4, 20)
Location(95, 5, 5, 20)
Location(96, 5, 6, 20)
Location(97, 5, 7, 20)
Location(98, 5, 8, 20)
Location(99, 5, 9, 20)
Location(100, 5, 10, 40)

Frequencias: [42, 43, 34, 38, 39, 47, 33, 49, 9, 1, 2, 5, 4, 4, 7, 2, 1, 2, 5, 6, 7, 4, 3, 4, 3, 2, 4, 5, 3, 3, 3, 4, 8, 4, 5, 3, 4, 6, 0, 0]

Matriz de coocorrencia: 
40×40 Matrix{Int64}:
  0  20  12  19  21  22  14  21  4  0  0  3  1  1  1  0  0  0  4  3  0  2  1  2  3  1  1  1  2  3  2  2  3  3  2  1  2  2  0  0
 20   0  16  16  22  23  18  23  6  0  0  3  1  2  3  1  1  1  2  2  4  2  1  3  3  0  1  2  1  2  0  2  1  3  2  0  3  1  0  0
 12  16   0  12  13  17  14  14  3  0  1  2  2  2  3  1  0  1  3  2  5  1  2  3  0  0  1  4  1  2  1  0  1  1  1  2  1  2  0  0
 19  16  12   0  18  14  15  18  3  1  1  0  1  1  5  0  0  0  2  3  0  2  1  0  0  2  3  3  1  1  1  1  3  3  2  1  1  2  0  0
 21  22  13  18   0  23  16  20  4  0  1  5  3  1  5  1  0  1  3  3  1  1  1  3  2  0  1  4  1  2  1  2  3  2  2  1  2  3  0  0
 22  23  17  14  23   0  20  23  5  0  1  2  1  3  4  1  1  1  2  2  3  3  3  3  0  0  2  4  2  3  1  3  4  1  3  2  3  2  0  0
 14  18  14  15  16  20   0  15  5  0  0  2  1  3  5  0  1  1  2  3  3  0  0  1  0  0  0  3  1  1  2  0  1  1  0  0  2  2  0  0
 21  23  14  18  20  23  15   0  3  0  2  2  2  1  4  2  1  0  4  2  3  2  1  1  3  1  2  3  2  0  2  2  5  3  2  2  2  4  0  0
  4   6   3   3   4   5   5   3  0  0  0  1  0  1  1  0  0  0  1  1  0  0  0  0  0  0  0  0  1  0  0  0  0  0  0  0  0  1  0  0
  0   0   0   1   0   0   0   0  0  0  0  0  0  0  0  0  0  0  0  0  0  0  0  0  0  0  0  0  0  0  0  0  0  0  0  0  0  0  0  0
  0   0   1   1   1   1   0   2  0  0  0  0  0  0  1  0  0  0  0  0  0  0  0  0  0  0  0  0  0  0  0  0  1  0  0  1  0  1  0  0
  3   3   2   0   5   2   2   2  1  0  0  0  1  0  1  0  0  0  0  1  0  0  0  0  1  0  0  0  0  0  0  0  0  0  0  0  0  0  0  0
  1   1   2   1   3   1   1   2  0  0  0  1  0  0  1  0  0  0  0  0  0  0  0  1  0  0  0  0  0  0  0  0  0  0  0  0  0  0  0  0
  1   2   2   1   1   3   3   1  1  0  0  0  0  0  0  0  0  0  0  0  1  0  0  0  0  0  0  1  0  1  0  0  1  0  0  0  1  0  0  0
  1   3   3   5   5   4   5   4  1  0  1  1  1  0  0  0  0  0  0  0  0  0  0  1  0  0  0  1  0  0  1  0  1  0  1  0  0  1  0  0
  0   1   1   0   1   1   0   2  0  0  0  0  0  0  0  0  0  0  0  1  1  0  1  0  0  0  1  0  0  0  0  0  0  0  0  0  0  1  0  0
  0   1   0   0   0   1   1   1  0  0  0  0  0  0  0  0  0  0  0  0  0  0  0  0  0  0  0  0  0  0  0  0  0  0  0  0  0  0  0  0
  0   1   1   0   1   1   1   0  0  0  0  0  0  0  0  0  0  0  0  0  2  0  0  0  0  0  0  0  0  0  0  0  0  0  0  0  0  0  0  0
  4   2   3   2   3   2   2   4  1  0  0  0  0  0  0  0  0  0  0  0  0  0  0  0  0  0  0  0  0  0  1  0  1  1  0  0  0  0  0  0
  3   2   2   3   3   2   3   2  1  0  0  1  0  0  0  1  0  0  0  0  0  0  0  0  0  0  1  0  0  0  0  0  0  0  0  0  0  1  0  0
  0   4   5   0   1   3   3   3  0  0  0  0  0  1  0  1  0  2  0  0  0  0  1  0  0  0  0  0  0  0  0  0  1  0  0  0  0  0  0  0
  2   2   1   2   1   3   0   2  0  0  0  0  0  0  0  0  0  0  0  0  0  0  0  0  0  0  1  0  0  0  0  0  0  0  0  0  0  0  0  0
  1   1   2   1   1   3   0   1  0  0  0  0  0  0  0  1  0  0  0  0  1  0  0  0  0  0  0  0  0  0  0  0  0  0  1  1  0  0  0  0
  2   3   3   0   3   3   1   1  0  0  0  0  1  0  1  0  0  0  0  0  0  0  0  0  0  0  0  0  0  1  0  0  0  0  1  0  0  0  0  0
  3   3   0   0   2   0   0   3  0  0  0  1  0  0  0  0  0  0  0  0  0  0  0  0  0  0  0  0  0  0  0  0  1  1  0  0  0  0  0  0
  1   0   0   2   0   0   0   1  0  0  0  0  0  0  0  0  0  0  0  0  0  0  0  0  0  0  1  0  0  0  0  0  0  0  1  0  0  0  0  0
  1   1   1   3   1   2   0   2  0  0  0  0  0  0  0  1  0  0  0  1  0  1  0  0  0  1  0  0  0  0  0  0  1  0  1  0  0  1  0  0
  1   2   4   3   4   4   3   3  0  0  0  0  0  1  1  0  0  0  0  0  0  0  0  0  0  0  0  0  0  0  0  1  0  0  1  0  1  0  0  0
  2   1   1   1   1   2   1   2  1  0  0  0  0  0  0  0  0  0  0  0  0  0  0  0  0  0  0  0  0  0  0  0  0  0  0  0  0  0  0  0
  3   2   2   1   2   3   1   0  0  0  0  0  0  1  0  0  0  0  0  0  0  0  0  1  0  0  0  0  0  0  0  0  0  0  0  0  0  0  0  0
  2   0   1   1   1   1   2   2  0  0  0  0  0  0  1  0  0  0  1  0  0  0  0  0  0  0  0  0  0  0  0  0  0  0  0  0  0  0  0  0
  2   2   0   1   2   3   0   2  0  0  0  0  0  0  0  0  0  0  0  0  0  0  0  0  0  0  0  1  0  0  0  0  1  0  0  0  0  1  0  0
  3   1   1   3   3   4   1   5  0  0  1  0  0  1  1  0  0  0  1  0  1  0  0  0  1  0  1  0  0  0  0  1  0  0  0  0  0  2  0  0
  3   3   1   3   2   1   1   3  0  0  0  0  0  0  0  0  0  0  1  0  0  0  0  0  1  0  0  0  0  0  0  0  0  0  0  0  0  0  0  0
  2   2   1   2   2   3   0   2  0  0  0  0  0  0  1  0  0  0  0  0  0  0  1  1  0  1  1  1  0  0  0  0  0  0  0  0  1  0  0  0
  1   0   2   1   1   2   0   2  0  0  1  0  0  0  0  0  0  0  0  0  0  0  1  0  0  0  0  0  0  0  0  0  0  0  0  0  0  0  0  0
  2   3   1   1   2   3   2   2  0  0  0  0  0  1  0  0  0  0  0  0  0  0  0  0  0  0  0  1  0  0  0  0  0  0  1  0  0  0  0  0
  2   1   2   2   3   2   2   4  1  0  1  0  0  0  1  1  0  0  0  1  0  0  0  0  0  0  1  0  0  0  0  1  2  0  0  0  0  0  0  0
  0   0   0   0   0   0   0   0  0  0  0  0  0  0  0  0  0  0  0  0  0  0  0  0  0  0  0  0  0  0  0  0  0  0  0  0  0  0  0  0
  0   0   0   0   0   0   0   0  0  0  0  0  0  0  0  0  0  0  0  0  0  0  0  0  0  0  0  0  0  0  0  0  0  0  0  0  0  0  0  0
SKU(42, 206.0, 0.07)
SKU(43, 190.0, 0.08)
SKU(34, 88.0, 0.21)
SKU(38, 144.0, 0.1)
SKU(39, 127.0, 0.13)
SKU(47, 192.0, 0.08)
SKU(33, 166.0, 0.07)
SKU(49, 163.0, 0.11)
SKU(9, 77.0, 0.09)
SKU(1, 16.0, 0.21)
SKU(2, 33.0, 0.11)
SKU(5, 47.0, 0.12)
SKU(4, 31.0, 0.19)
SKU(4, 53.0, 0.07)
SKU(7, 108.0, 0.05)
SKU(2, 35.0, 0.09)
SKU(1, 27.0, 0.08)
SKU(2, 32.0, 0.12)
SKU(5, 27.0, 0.26)
SKU(6, 40.0, 0.17)
SKU(7, 76.0, 0.07)
SKU(4, 30.0, 0.16)
SKU(3, 46.0, 0.1)
SKU(4, 78.0, 0.05)
SKU(3, 41.0, 0.11)
SKU(2, 39.0, 0.09)
SKU(4, 41.0, 0.13)
SKU(5, 38.0, 0.16)
SKU(3, 60.0, 0.06)
SKU(3, 83.0, 0.04)
SKU(3, 26.0, 0.15)
SKU(4, 70.0, 0.06)
SKU(8, 86.0, 0.07)
SKU(4, 77.0, 0.05)
SKU(5, 38.0, 0.12)
SKU(3, 25.0, 0.16)
SKU(4, 83.0, 0.04)
SKU(6, 37.0, 0.14)
SKU(0, 20.0, 0.08)
SKU(0, 16.0, 0.12)

extremidades das matrizes:
S_hat: (-0.11360633468659331, 0.779395037383262)
S_hat * P: (-0.10979852448219944, 0.7532715964255313)
W * S_hat: (0.0, 1.2444635647721451)
W * S_hat * P: (0.0, 1.2027521489957225)
correlacao{S_hat, S_hat_hat} = 0.9859158078160717

Posicao 1 (Corredor 1, Prateleira -1)
   SKU 1 -> 64
   SKU 2 -> 2
   SKU 6 -> 192

Posicao 2 (Corredor 1, Prateleira -2)
   SKU 4 -> 92
   SKU 5 -> 83

Posicao 3 (Corredor 1, Prateleira -3)
   SKU 12 -> 47
   SKU 30 -> 83
   SKU 34 -> 77

Posicao 11 (Corredor 1, Prateleira 1)
   SKU 1 -> 142
   SKU 2 -> 124
   SKU 7 -> 2

Posicao 12 (Corredor 1, Prateleira 2)
   SKU 3 -> 43
   SKU 5 -> 44
   SKU 15 -> 105

Posicao 13 (Corredor 1, Prateleira 3)
   SKU 23 -> 46
   SKU 27 -> 41
   SKU 29 -> 60

Posicao 21 (Corredor 2, Prateleira -1)
   SKU 2 -> 64
   SKU 7 -> 164
   SKU 8 -> 30

Posicao 22 (Corredor 2, Prateleira -2)
   SKU 3 -> 45
   SKU 24 -> 78
   SKU 33 -> 86

Posicao 23 (Corredor 2, Prateleira -3)
   SKU 13 -> 31
   SKU 19 -> 27
   SKU 25 -> 41

Posicao 31 (Corredor 2, Prateleira 1)
   SKU 4 -> 52
   SKU 8 -> 133
   SKU 15 -> 3

Posicao 32 (Corredor 2, Prateleira 2)
   SKU 9 -> 77
   SKU 21 -> 76
   SKU 37 -> 83

Posicao 33 (Corredor 2, Prateleira 3)
   SKU 26 -> 39
   SKU 31 -> 26
   SKU 36 -> 25

Posicao 41 (Corredor 3, Prateleira -1)
   SKU 14 -> 53
   SKU 28 -> 38
   SKU 32 -> 70

Posicao 42 (Corredor 3, Prateleira -2)
   SKU 11 -> 33
   SKU 16 -> 35
   SKU 22 -> 30

Posicao 51 (Corredor 3, Prateleira 1)
   SKU 20 -> 40
   SKU 35 -> 38
   SKU 38 -> 37

Posicao 52 (Corredor 3, Prateleira 2)
   SKU 10 -> 16
   SKU 17 -> 27
   SKU 18 -> 32

Posicao 94 (Corredor 5, Prateleira 4)
   SKU 39 -> 20

Posicao 98 (Corredor 5, Prateleira 8)
   SKU 40 -> 16

