Rota do Picker 1: [0, 11, 55, 18, 37, 59, 30, 1, 13, 39, 65, 2, 20, 98, 60, 40, 51, 17, 36, 31, 77, 7, 32, 93, 74, 75, 0]
Rota do Picker 2: [0, 11, 74, 94, 7, 65, 2, 55, 93, 47, 40, 39, 37, 18, 31, 21, 10, 98, 45, 20, 75, 13, 64, 17, 0]
Rota do Picker 3: [0, 83, 22, 10, 30, 50, 8, 3, 47, 48, 64, 26, 89, 45, 46, 69, 9, 87, 27, 7, 17, 0]
Rota do Picker 4: [0, 1, 64, 27, 9, 37, 17, 89, 7, 87, 10, 45, 19, 48, 50, 36, 65, 83, 3, 69, 20, 30, 8, 46, 26, 2, 0]
Rota do Picker 5: [0, 17, 50, 21, 26, 46, 22, 1, 89, 47, 87, 45, 27, 65, 3, 64, 2, 7, 8, 48, 9, 10, 69, 19, 83, 85, 30, 36, 0]
Rota do Picker 6: [0, 64, 8, 27, 20, 17, 48, 2, 36, 26, 3, 1, 7, 30, 46, 22, 83, 50, 37, 45, 19, 89, 65, 21, 87, 69, 9, 47, 0]
Rota do Picker 7: [0, 2, 22, 7, 8, 46, 17, 20, 3, 50, 47, 9, 45, 36, 19, 26, 37, 27, 1, 30, 0]
Rota do Picker 8: [0, 26, 9, 47, 37, 69, 8, 17, 87, 30, 10, 2, 36, 50, 51, 19, 65, 48, 1, 7, 46, 45, 27, 64, 3, 83, 0]
Rota do Picker 9: [0, 2, 37, 46, 7, 27, 87, 45, 21, 50, 69, 22, 10, 8, 65, 47, 26, 9, 85, 64, 83, 1, 89, 0]
Rota do Picker 10: [0, 7, 27, 9, 10, 69, 46, 45, 64, 87, 30, 8, 48, 26, 50, 47, 0]
Rota do Picker 11: [0, 51, 74, 10, 64, 3, 83, 85, 1, 46, 36, 17, 87, 47, 21, 69, 48, 65, 22, 7, 50, 20, 30, 19, 37, 45, 27, 9, 8, 26, 0]
Rota do Picker 12: [0, 47, 26, 27, 8, 45, 7, 85, 48, 2, 46, 9, 89, 50, 10, 64, 22, 30, 87, 69, 0]

Caso de teste: SLAPRP_Guo_small_O200_alpha0.3_v2.txt

Distancia Total: 2794.0
Quantidade de Pickers: 12
