Rota do Picker 1: [0, 1, 8, 28, 9, 30, 70, 18, 20, 97, 37, 27, 50, 7, 64, 2, 26, 46, 45, 0]
Rota do Picker 2: [0, 21, 2, 46, 27, 67, 87, 9, 86, 26, 7, 10, 30, 65, 8, 50, 18, 76, 37, 28, 48, 45, 64, 41, 0]
Rota do Picker 3: [0, 79, 38, 18, 3, 27, 67, 30, 10, 9, 7, 46, 26, 86, 50, 8, 45, 2, 36, 60, 20, 87, 28, 1, 0]
Rota do Picker 4: [0, 55, 37, 27, 65, 45, 26, 46, 8, 28, 9, 30, 64, 7, 21, 18, 76, 60, 20, 50, 10, 1, 0]
Rota do Picker 5: [0, 65, 45, 2, 8, 9, 60, 40, 18, 27, 7, 10, 87, 86, 46, 38, 20, 11, 0]
Rota do Picker 6: [0, 55, 83, 86, 9, 8, 28, 48, 10, 70, 27, 7, 26, 46, 89, 65, 45, 1, 76, 11, 51, 98, 39, 79, 59, 36, 18, 37, 40, 60, 20, 64, 2, 0]
Rota do Picker 7: [0, 21, 8, 28, 10, 87, 86, 9, 26, 45, 46, 0]

Caso de teste: SLAPRP_Guo_small_O100_alpha0.2_v10.txt

Distancia Total: 1058.0
Quantidade de Pickers: 7
