Rota do Picker 1: [0, 1, 21, 4, 24, 7, 63, 83, 3, 23, 81, 25, 64, 5, 46, 45, 27, 26, 62, 41, 61, 43, 8, 6, 65, 0]
Rota do Picker 2: [0, 21, 11, 14, 61, 81, 12, 18, 73, 32, 1, 41, 24, 62, 82, 44, 3, 43, 23, 0]
Rota do Picker 3: [0, 5, 62, 43, 64, 82, 4, 46, 23, 3, 44, 21, 41, 61, 81, 26, 1, 24, 63, 0]
Rota do Picker 4: [0, 25, 83, 21, 81, 23, 5, 45, 24, 4, 44, 63, 82, 26, 46, 65, 64, 43, 3, 61, 41, 1, 7, 0]
Rota do Picker 5: [0, 1, 61, 82, 24, 4, 22, 2, 41, 64, 62, 43, 3, 21, 46, 44, 65, 6, 83, 5, 23, 63, 25, 81, 0]
Rota do Picker 6: [0, 65, 63, 6, 4, 62, 26, 82, 27, 45, 23, 81, 64, 7, 83, 43, 3, 1, 5, 8, 46, 44, 24, 61, 41, 21, 0]

Caso de teste: SLAPRP_Guo_small_O100_alpha0.3_v4.txt

Distancia Total: 830.0
Quantidade de Pickers: 6
