Rota do Picker 1: [0, 21, 81, 46, 87, 3, 23, 24, 62, 7, 9, 63, 43, 26, 4, 41, 1, 5, 8, 15, 76, 0]
Rota do Picker 2: [0, 14, 43, 10, 8, 26, 4, 5, 42, 61, 21, 41, 1, 3, 23, 9, 83, 63, 7, 62, 13, 0]
Rota do Picker 3: [0, 46, 8, 43, 42, 1, 23, 24, 10, 26, 7, 15, 34, 13, 87, 62, 5, 61, 21, 0]
Rota do Picker 4: [0, 46, 26, 61, 21, 41, 8, 87, 23, 63, 83, 4, 24, 42, 0]
Rota do Picker 5: [0, 23, 7, 9, 15, 34, 14, 46, 26, 43, 42, 21, 1, 61, 20, 55, 72, 52, 11, 51, 32, 71, 18, 57, 37, 13, 0]
Rota do Picker 6: [0, 14, 20, 5, 62, 42, 10, 9, 8, 7, 87, 46, 26, 24, 43, 23, 21, 1, 61, 3, 0]
Rota do Picker 7: [0, 46, 9, 8, 7, 87, 10, 26, 43, 23, 21, 61, 41, 83, 20, 76, 1, 14, 0]
Rota do Picker 8: [0, 1, 21, 23, 7, 8, 9, 10, 87, 46, 26, 83, 43, 3, 4, 24, 13, 33, 0]
Rota do Picker 9: [0, 81, 61, 41, 15, 34, 14, 46, 26, 7, 83, 43, 23, 10, 9, 8, 42, 21, 0]
Rota do Picker 10: [0, 13, 10, 26, 23, 41, 21, 8, 9, 3, 43, 14, 18, 55, 1, 0]
Rota do Picker 11: [0, 21, 81, 43, 26, 46, 3, 83, 62, 76, 33, 13, 7, 5, 42, 87, 1, 23, 24, 0]
Rota do Picker 12: [0, 21, 41, 23, 83, 3, 43, 34, 14, 76, 87, 46, 26, 5, 24, 9, 8, 81, 1, 0]

Caso de teste: SLAPRP_Guo_small_O200_alpha0.2_v6.txt

Distancia Total: 1388.0
Quantidade de Pickers: 12
