Rota do Picker 1: [0, 74, 77, 47, 37, 33, 11, 21, 7, 76, 18, 22, 50, 94, 17, 31, 1, 10, 48, 42, 27, 87, 9, 26, 83, 20, 67, 19, 8, 84, 30, 0]
Rota do Picker 2: [0, 3, 22, 67, 1, 10, 8, 84, 48, 2, 20, 30, 46, 32, 9, 7, 41, 21, 33, 87, 27, 26, 83, 23, 47, 0]
Rota do Picker 3: [0, 1, 7, 9, 48, 26, 45, 20, 23, 83, 46, 8, 84, 10, 50, 4, 2, 22, 87, 47, 27, 21, 41, 0]
Rota do Picker 4: [0, 21, 31, 26, 27, 67, 89, 7, 87, 47, 10, 46, 30, 8, 48, 83, 9, 4, 0]
Rota do Picker 5: [0, 31, 36, 12, 74, 57, 33, 20, 40, 18, 19, 75, 94, 76, 77, 14, 37, 17, 11, 0]
Rota do Picker 6: [0, 31, 1, 74, 94, 57, 7, 19, 42, 21, 12, 20, 30, 97, 33, 93, 11, 50, 77, 76, 18, 17, 22, 2, 41, 0]

Caso de teste: SLAPRP_Guo_small_O100_alpha0.2_v2.txt

Distancia Total: 1250.0
Quantidade de Pickers: 6
