Rota do Picker 1: [0, 22, 45, 48, 10, 27, 46, 26, 65, 50, 9, 8, 7, 87, 47, 30, 97, 76, 1, 0]
Rota do Picker 2: [0, 3, 48, 45, 9, 27, 7, 21, 1, 41, 26, 46, 8, 28, 30, 10, 37, 97, 18, 20, 11, 0]
Rota do Picker 3: [0, 1, 55, 18, 20, 59, 32, 57, 37, 47, 27, 10, 2, 41, 21, 3, 84, 45, 89, 69, 9, 8, 48, 7, 30, 28, 46, 75, 11, 0]
Rota do Picker 4: [0, 1, 26, 46, 45, 65, 27, 87, 37, 13, 51, 28, 47, 9, 10, 8, 7, 21, 0]
Rota do Picker 5: [0, 32, 26, 48, 50, 10, 47, 7, 45, 84, 69, 30, 8, 9, 46, 28, 60, 37, 11, 55, 74, 94, 97, 2, 1, 83, 0]
Rota do Picker 6: [0, 11, 28, 89, 69, 9, 7, 50, 30, 8, 48, 26, 46, 27, 45, 65, 2, 0]
Rota do Picker 7: [0, 32, 13, 21, 9, 69, 48, 50, 10, 2, 1, 87, 47, 7, 46, 26, 8, 27, 57, 20, 36, 45, 65, 41, 64, 84, 0]
Rota do Picker 8: [0, 11, 57, 77, 76, 74, 55, 20, 39, 10, 28, 8, 45, 65, 7, 27, 47, 50, 48, 9, 46, 26, 1, 21, 0]
Rota do Picker 9: [0, 1, 45, 27, 46, 26, 21, 8, 7, 9, 69, 89, 28, 48, 10, 2, 74, 96, 76, 97, 57, 59, 39, 11, 60, 55, 18, 37, 41, 0]
Rota do Picker 10: [0, 51, 40, 18, 57, 94, 74, 21, 22, 1, 8, 10, 9, 47, 64, 84, 7, 30, 50, 48, 46, 27, 87, 26, 3, 32, 0]
Rota do Picker 11: [0, 18, 37, 55, 51, 0]
Rota do Picker 12: [0, 2, 7, 27, 3, 9, 89, 0]

Caso de teste: SLAPRP_Guo_small_O200_alpha0.4_v8.txt

Distancia Total: 1570.0
Quantidade de Pickers: 12
