Rota do Picker 1: [0, 41, 60, 27, 50, 10, 45, 9, 8, 46, 26, 22, 1, 3, 83, 7, 12, 48, 21, 2, 64, 47, 67, 19, 87, 69, 40, 0]
Rota do Picker 2: [0, 10, 41, 30, 60, 75, 13, 55, 40, 39, 36, 12, 22, 74, 97, 98, 18, 21, 1, 7, 57, 94, 93, 11, 2, 45, 0]
Rota do Picker 3: [0, 2, 26, 41, 3, 13, 69, 36, 50, 21, 48, 8, 45, 46, 1, 20, 30, 10, 9, 87, 67, 27, 7, 0]
Rota do Picker 4: [0, 69, 68, 48, 7, 83, 3, 45, 50, 9, 8, 26, 1, 67, 46, 64, 87, 27, 22, 30, 2, 10, 0]
Rota do Picker 5: [0, 1, 21, 26, 8, 10, 48, 89, 9, 27, 7, 50, 45, 69, 30, 46, 67, 87, 0]
Rota do Picker 6: [0, 64, 27, 20, 41, 2, 48, 50, 69, 89, 7, 47, 87, 9, 46, 26, 8, 30, 45, 10, 0]
Rota do Picker 7: [0, 26, 27, 20, 40, 32, 93, 75, 57, 2, 12, 74, 18, 98, 77, 21, 13, 36, 55, 59, 41, 60, 96, 19, 7, 39, 11, 0]
Rota do Picker 8: [0, 69, 2, 22, 8, 45, 46, 87, 7, 50, 9, 47, 27, 26, 83, 3, 0]
Rota do Picker 9: [0, 40, 9, 8, 45, 1, 7, 27, 67, 10, 60, 36, 20, 89, 26, 83, 3, 19, 46, 2, 21, 87, 64, 84, 68, 0]
Rota do Picker 10: [0, 1, 11, 55, 75, 74, 93, 7, 30, 0]
Rota do Picker 11: [0, 21, 89, 50, 27, 2, 64, 83, 47, 26, 1, 22, 45, 20, 10, 9, 87, 32, 67, 46, 8, 7, 3, 36, 0]
Rota do Picker 12: [0, 9, 19, 47, 48, 60, 8, 67, 2, 21, 26, 10, 36, 7, 87, 41, 40, 20, 30, 46, 27, 45, 1, 0]
Rota do Picker 13: [0, 84, 48, 67, 36, 60, 9, 45, 20, 30, 64, 69, 41, 3, 83, 47, 7, 10, 2, 19, 50, 87, 8, 40, 27, 46, 26, 12, 13, 94, 0]

Caso de teste: SLAPRP_Guo_small_O200_alpha0.2_v4.txt

Distancia Total: 2682.0
Quantidade de Pickers: 13
