Rota do Picker 1: [0, 1, 41, 3, 82, 13, 33, 53, 39, 24, 76, 57, 34, 16, 14, 5, 96, 21, 73, 61, 81, 0]
Rota do Picker 2: [0, 21, 41, 5, 24, 13, 33, 73, 1, 81, 3, 53, 75, 61, 14, 34, 54, 63, 37, 38, 4, 91, 76, 71, 0]
Rota do Picker 3: [0, 21, 61, 71, 18, 38, 19, 54, 14, 41, 77, 73, 33, 13, 1, 3, 34, 57, 4, 37, 75, 95, 91, 36, 20, 53, 76, 16, 96, 0]
Rota do Picker 4: [0, 1, 21, 41, 61, 14, 36, 76, 24, 18, 33, 81, 5, 75, 34, 54, 25, 91, 71, 73, 53, 13, 4, 63, 38, 3, 77, 0]
Rota do Picker 5: [0, 1, 21, 81, 13, 53, 73, 37, 61, 76, 58, 38, 3, 34, 39, 62, 57, 18, 33, 36, 16, 54, 14, 20, 41, 0]
Rota do Picker 6: [0, 1, 16, 54, 75, 18, 62, 57, 5, 63, 34, 61, 71, 91, 33, 21, 4, 14, 41, 81, 3, 13, 53, 73, 0]
Rota do Picker 7: [0, 41, 81, 34, 54, 61, 73, 82, 5, 63, 91, 71, 33, 13, 4, 1, 14, 3, 21, 36, 43, 20, 62, 53, 0]
Rota do Picker 8: [0, 1, 21, 4, 71, 91, 3, 43, 62, 13, 53, 41, 75, 24, 14, 25, 73, 81, 61, 5, 23, 82, 0]
Rota do Picker 9: [0, 38, 96, 36, 14, 82, 5, 81, 21, 25, 20, 73, 53, 33, 13, 41, 1, 4, 43, 57, 3, 76, 18, 37, 0]
Rota do Picker 10: [0, 1, 21, 13, 33, 19, 76, 81, 18, 37, 36, 57, 34, 20, 94, 58, 38, 77, 39, 73, 53, 41, 96, 16, 54, 14, 0]
Rota do Picker 11: [0, 34, 96, 16, 36, 3, 57, 21, 76, 38, 71, 75, 20, 61, 13, 33, 53, 73, 18, 1, 41, 14, 54, 19, 94, 0]

Caso de teste: SLAPRP_Guo_small_O200_alpha0.3_v1.txt

Distancia Total: 2134.0
Quantidade de Pickers: 11
