Rota do Picker 1: [0, 2, 21, 8, 46, 81, 22, 9, 10, 18, 3, 43, 45, 7, 27, 1, 34, 28, 41, 26, 23, 62, 42, 87, 24, 15, 0]
Rota do Picker 2: [0, 43, 87, 46, 1, 21, 23, 26, 28, 8, 5, 2, 10, 27, 45, 4, 42, 62, 7, 3, 0]
Rota do Picker 3: [0, 26, 46, 4, 28, 8, 21, 81, 45, 10, 9, 23, 3, 7, 27, 2, 87, 63, 43, 0]
Rota do Picker 4: [0, 1, 2, 23, 46, 27, 76, 21, 41, 61, 63, 43, 83, 3, 8, 10, 18, 24, 45, 7, 26, 62, 42, 15, 52, 72, 4, 0]
Rota do Picker 5: [0, 46, 76, 0]
Rota do Picker 6: [0, 21, 3, 8, 28, 14, 23, 63, 7, 46, 18, 27, 9, 1, 62, 42, 41, 45, 2, 26, 24, 34, 43, 81, 4, 96, 10, 0]
Rota do Picker 7: [0, 34, 8, 76, 4, 18, 15, 27, 26, 2, 20, 14, 46, 23, 3, 21, 81, 32, 0]
Rota do Picker 8: [0, 28, 62, 42, 10, 76, 14, 41, 1, 5, 7, 33, 52, 18, 43, 26, 24, 4, 3, 21, 34, 13, 46, 8, 2, 23, 27, 20, 0]
Rota do Picker 9: [0, 1, 26, 14, 11, 34, 31, 72, 52, 7, 46, 43, 62, 81, 18, 8, 23, 21, 13, 83, 3, 4, 32, 51, 71, 2, 5, 41, 91, 0]
Rota do Picker 10: [0, 2, 23, 31, 51, 18, 1, 71, 46, 20, 26, 52, 72, 0]
Rota do Picker 11: [0, 15, 87, 76, 5, 62, 42, 45, 10, 30, 20, 43, 1, 21, 7, 13, 28, 18, 27, 8, 46, 26, 23, 2, 14, 3, 0]
Rota do Picker 12: [0, 45, 24, 62, 63, 42, 81, 71, 91, 4, 43, 14, 28, 1, 41, 2, 23, 7, 27, 26, 46, 18, 20, 21, 8, 52, 72, 33, 0]
Rota do Picker 13: [0, 18, 71, 51, 3, 15, 76, 21, 43, 23, 61, 2, 31, 55, 34, 5, 20, 96, 46, 13, 33, 12, 41, 17, 57, 37, 52, 32, 11, 72, 91, 14, 0]
Rota do Picker 14: [0, 43, 24, 5, 21, 11, 8, 46, 26, 2, 81, 1, 3, 23, 27, 18, 9, 87, 45, 63, 7, 4, 10, 42, 62, 28, 0]

Caso de teste: SLAPRP_Guo_small_O200_alpha0.2_v6.txt

Distancia Total: 2566.0
Quantidade de Pickers: 14
