SKUs: 40
Pedidos: 52

Primeiro pedido:
Order(1, [1, 3, 6, 8, 19, 23, 32, 35])

Ultimo pedido:
Order(52, [5, 8])

Location(1, 1, -1, 20)
Location(2, 1, -2, 20)
Location(3, 1, -3, 20)
Location(4, 1, -4, 20)
Location(5, 1, -5, 20)
Location(6, 1, -6, 20)
Location(7, 1, -7, 20)
Location(8, 1, -8, 20)
Location(9, 1, -9, 20)
Location(10, 1, -10, 40)
Location(11, 1, 1, 20)
Location(12, 1, 2, 20)
Location(13, 1, 3, 20)
Location(14, 1, 4, 20)
Location(15, 1, 5, 20)
Location(16, 1, 6, 20)
Location(17, 1, 7, 20)
Location(18, 1, 8, 20)
Location(19, 1, 9, 20)
Location(20, 1, 10, 40)
Location(21, 2, -1, 20)
Location(22, 2, -2, 20)
Location(23, 2, -3, 20)
Location(24, 2, -4, 20)
Location(25, 2, -5, 20)
Location(26, 2, -6, 20)
Location(27, 2, -7, 20)
Location(28, 2, -8, 20)
Location(29, 2, -9, 20)
Location(30, 2, -10, 40)
Location(31, 2, 1, 20)
Location(32, 2, 2, 20)
Location(33, 2, 3, 20)
Location(34, 2, 4, 20)
Location(35, 2, 5, 20)
Location(36, 2, 6, 20)
Location(37, 2, 7, 20)
Location(38, 2, 8, 20)
Location(39, 2, 9, 20)
Location(40, 2, 10, 40)
Location(41, 3, -1, 20)
Location(42, 3, -2, 20)
Location(43, 3, -3, 20)
Location(44, 3, -4, 20)
Location(45, 3, -5, 20)
Location(46, 3, -6, 20)
Location(47, 3, -7, 20)
Location(48, 3, -8, 20)
Location(49, 3, -9, 20)
Location(50, 3, -10, 40)
Location(51, 3, 1, 20)
Location(52, 3, 2, 20)
Location(53, 3, 3, 20)
Location(54, 3, 4, 20)
Location(55, 3, 5, 20)
Location(56, 3, 6, 20)
Location(57, 3, 7, 20)
Location(58, 3, 8, 20)
Location(59, 3, 9, 20)
Location(60, 3, 10, 40)
Location(61, 4, -1, 20)
Location(62, 4, -2, 20)
Location(63, 4, -3, 20)
Location(64, 4, -4, 20)
Location(65, 4, -5, 20)
Location(66, 4, -6, 20)
Location(67, 4, -7, 20)
Location(68, 4, -8, 20)
Location(69, 4, -9, 20)
Location(70, 4, -10, 40)
Location(71, 4, 1, 20)
Location(72, 4, 2, 20)
Location(73, 4, 3, 20)
Location(74, 4, 4, 20)
Location(75, 4, 5, 20)
Location(76, 4, 6, 20)
Location(77, 4, 7, 20)
Location(78, 4, 8, 20)
Location(79, 4, 9, 20)
Location(80, 4, 10, 40)
Location(81, 5, -1, 20)
Location(82, 5, -2, 20)
Location(83, 5, -3, 20)
Location(84, 5, -4, 20)
Location(85, 5, -5, 20)
Location(86, 5, -6, 20)
Location(87, 5, -7, 20)
Location(88, 5, -8, 20)
Location(89, 5, -9, 20)
Location(90, 5, -10, 40)
Location(91, 5, 1, 20)
Location(92, 5, 2, 20)
Location(93, 5, 3, 20)
Location(94, 5, 4, 20)
Location(95, 5, 5, 20)
Location(96, 5, 6, 20)
Location(97, 5, 7, 20)
Location(98, 5, 8, 20)
Location(99, 5, 9, 20)
Location(100, 5, 10, 40)

Frequencias: [20, 20, 21, 20, 28, 21, 27, 28, 4, 2, 2, 2, 2, 4, 3, 7, 2, 3, 4, 2, 4, 2, 4, 5, 3, 6, 5, 1, 2, 3, 2, 3, 4, 4, 5, 2, 4, 3, 0, 0]

Matriz de coocorrencia: 
40×40 Matrix{Int64}:
  0   9   9   8  12  11  12  11  2  2  2  1  1  2  0  4  0  2  1  1  2  0  2  1  1  3  3  1  2  2  0  1  1  1  2  0  1  2  0  0
  9   0   9   6  11  10  10  12  1  1  0  1  2  1  0  2  0  1  1  1  2  1  1  0  1  1  1  1  0  3  1  1  1  1  2  2  4  2  0  0
  9   9   0  10  12  11  11  13  2  1  0  1  1  0  1  1  1  1  2  1  1  0  3  0  2  0  1  1  1  0  0  1  3  2  3  0  1  0  0  0
  8   6  10   0  10   7  12   9  1  1  1  1  1  1  0  1  0  2  1  2  2  0  1  2  1  4  2  0  1  1  1  0  3  2  0  0  1  0  0  0
 12  11  12  10   0  12  15  16  2  1  2  0  0  2  2  4  2  2  2  2  3  0  2  4  2  5  4  1  0  3  0  2  3  3  4  1  2  1  0  0
 11  10  11   7  12   0  11  10  1  1  1  1  0  1  0  2  0  1  3  0  2  1  2  1  1  1  3  1  1  0  1  1  1  2  3  1  1  2  0  0
 12  10  11  12  15  11   0  10  1  2  0  1  1  1  1  2  1  2  2  1  1  0  2  3  1  4  3  1  1  2  0  1  0  1  4  1  3  1  0  0
 11  12  13   9  16  10  10   0  2  1  1  2  1  2  1  3  0  1  3  1  4  1  2  1  1  4  2  1  1  2  1  1  3  4  1  2  0  2  0  0
  2   1   2   1   2   1   1   2  0  0  1  0  0  0  0  1  0  0  0  1  0  0  0  0  0  0  1  0  0  0  0  0  0  0  0  0  0  1  0  0
  2   1   1   1   1   1   2   1  0  0  0  1  0  0  0  0  0  0  0  0  0  0  0  0  0  0  0  0  1  0  0  0  0  0  1  0  1  0  0  0
  2   0   0   1   2   1   0   1  1  0  0  0  0  1  0  1  0  0  0  0  0  0  0  0  0  1  1  0  0  0  0  0  1  0  0  0  0  1  0  0
  1   1   1   1   0   1   1   2  0  1  0  0  0  0  0  0  0  0  0  0  0  0  0  0  0  0  0  0  1  0  0  0  0  0  0  0  0  0  0  0
  1   2   1   1   0   0   1   1  0  0  0  0  0  0  0  0  0  1  0  0  1  0  1  0  0  0  0  0  0  0  0  0  0  0  0  0  1  1  0  0
  2   1   0   1   2   1   1   2  0  0  1  0  0  0  0  2  0  0  0  0  1  0  0  1  1  1  0  0  1  0  0  0  1  0  0  0  1  0  0  0
  0   0   1   0   2   0   1   1  0  0  0  0  0  0  0  1  2  0  0  0  0  1  0  1  1  0  0  0  0  0  0  1  0  0  1  0  0  0  0  0
  4   2   1   1   4   2   2   3  1  0  1  0  0  2  1  0  0  0  0  0  0  1  0  1  1  1  2  0  1  1  0  0  0  0  0  0  1  1  0  0
  0   0   1   0   2   0   1   0  0  0  0  0  0  0  2  0  0  0  0  0  0  0  0  1  1  0  0  0  0  0  0  1  0  0  1  0  0  0  0  0
  2   1   1   2   2   1   2   1  0  0  0  0  1  0  0  0  0  0  0  0  0  0  2  1  0  1  1  0  0  0  0  0  0  0  0  0  1  0  0  0
  1   1   2   1   2   3   2   3  0  0  0  0  0  0  0  0  0  0  0  0  0  0  2  0  0  0  0  0  0  0  1  1  0  1  1  1  0  1  0  0
  1   1   1   2   2   0   1   1  1  0  0  0  0  0  0  0  0  0  0  0  0  0  0  0  0  0  0  0  0  1  0  0  0  0  0  0  0  0  0  0
  2   2   1   2   3   2   1   4  0  0  0  0  1  1  0  0  0  0  0  0  0  0  0  1  0  1  0  0  0  0  0  0  0  2  0  0  0  1  0  0
  0   1   0   0   0   1   0   1  0  0  0  0  0  0  1  1  0  0  0  0  0  0  0  0  0  0  0  0  0  0  0  0  0  0  0  0  0  0  0  0
  2   1   3   1   2   2   2   2  0  0  0  0  1  0  0  0  0  2  2  0  0  0  0  1  0  0  0  0  0  0  0  1  0  1  1  0  1  0  0  0
  1   0   0   2   4   1   3   1  0  0  0  0  0  1  1  1  1  1  0  0  1  0  1  0  0  1  0  0  0  0  0  1  0  0  0  0  0  0  0  0
  1   1   2   1   2   1   1   1  0  0  0  0  0  1  1  1  1  0  0  0  0  0  0  0  0  0  0  0  1  0  0  0  1  0  1  0  0  0  0  0
  3   1   0   4   5   1   4   4  0  0  1  0  0  1  0  1  0  1  0  0  1  0  0  1  0  0  1  0  0  0  0  1  1  1  1  0  1  0  0  0
  3   1   1   2   4   3   3   2  1  0  1  0  0  0  0  2  0  1  0  0  0  0  0  0  0  1  0  0  0  1  0  0  0  0  0  0  0  1  0  0
  1   1   1   0   1   1   1   1  0  0  0  0  0  0  0  0  0  0  0  0  0  0  0  0  0  0  0  0  0  0  0  0  0  0  0  0  0  0  0  0
  2   0   1   1   0   1   1   1  0  1  0  1  0  1  0  1  0  0  0  0  0  0  0  0  1  0  0  0  0  0  0  0  0  0  0  0  0  0  0  0
  2   3   0   1   3   0   2   2  0  0  0  0  0  0  0  1  0  0  0  1  0  0  0  0  0  0  1  0  0  0  0  0  0  0  0  1  0  0  0  0
  0   1   0   1   0   1   0   1  0  0  0  0  0  0  0  0  0  0  1  0  0  0  0  0  0  0  0  0  0  0  0  0  0  0  0  1  0  1  0  0
  1   1   1   0   2   1   1   1  0  0  0  0  0  0  1  0  1  0  1  0  0  0  1  1  0  1  0  0  0  0  0  0  0  0  2  0  1  0  0  0
  1   1   3   3   3   1   0   3  0  0  1  0  0  1  0  0  0  0  0  0  0  0  0  0  1  1  0  0  0  0  0  0  0  0  0  0  0  0  0  0
  1   1   2   2   3   2   1   4  0  0  0  0  0  0  0  0  0  0  1  0  2  0  1  0  0  1  0  0  0  0  0  0  0  0  0  0  0  0  0  0
  2   2   3   0   4   3   4   1  0  1  0  0  0  0  1  0  1  0  1  0  0  0  1  0  1  1  0  0  0  0  0  2  0  0  0  0  2  0  0  0
  0   2   0   0   1   1   1   2  0  0  0  0  0  0  0  0  0  0  1  0  0  0  0  0  0  0  0  0  0  1  1  0  0  0  0  0  0  1  0  0
  1   4   1   1   2   1   3   0  0  1  0  0  1  1  0  1  0  1  0  0  0  0  1  0  0  1  0  0  0  0  0  1  0  0  2  0  0  0  0  0
  2   2   0   0   1   2   1   2  1  0  1  0  1  0  0  1  0  0  1  0  1  0  0  0  0  0  1  0  0  0  1  0  0  0  0  1  0  0  0  0
  0   0   0   0   0   0   0   0  0  0  0  0  0  0  0  0  0  0  0  0  0  0  0  0  0  0  0  0  0  0  0  0  0  0  0  0  0  0  0  0
  0   0   0   0   0   0   0   0  0  0  0  0  0  0  0  0  0  0  0  0  0  0  0  0  0  0  0  0  0  0  0  0  0  0  0  0  0  0  0  0
SKU(20, 172.0, 0.07)
SKU(20, 146.0, 0.08)
SKU(21, 78.0, 0.21)
SKU(20, 129.0, 0.1)
SKU(28, 122.0, 0.13)
SKU(21, 156.0, 0.08)
SKU(27, 185.0, 0.07)
SKU(28, 135.0, 0.11)
SKU(4, 71.0, 0.09)
SKU(2, 21.0, 0.21)
SKU(2, 41.0, 0.11)
SKU(2, 38.0, 0.12)
SKU(2, 30.0, 0.19)
SKU(4, 73.0, 0.07)
SKU(3, 86.0, 0.05)
SKU(7, 75.0, 0.09)
SKU(2, 55.0, 0.08)
SKU(3, 46.0, 0.12)
SKU(4, 26.0, 0.26)
SKU(2, 19.0, 0.17)
SKU(4, 82.0, 0.07)
SKU(2, 33.0, 0.16)
SKU(4, 55.0, 0.1)
SKU(5, 108.0, 0.05)
SKU(3, 42.0, 0.11)
SKU(6, 76.0, 0.09)
SKU(5, 59.0, 0.13)
SKU(1, 23.0, 0.16)
SKU(2, 69.0, 0.06)
SKU(3, 101.0, 0.04)
SKU(2, 30.0, 0.15)
SKU(3, 73.0, 0.06)
SKU(4, 74.0, 0.07)
SKU(4, 104.0, 0.05)
SKU(5, 44.0, 0.12)
SKU(2, 24.0, 0.16)
SKU(4, 102.0, 0.04)
SKU(3, 32.0, 0.14)
SKU(0, 26.0, 0.08)
SKU(0, 19.0, 0.12)

extremidades das matrizes:
S_hat: (-0.13639107299810654, 0.7795214225257809)
S_hat * P: (-0.1429169183546848, 0.8168188507498062)
W * S_hat: (0.0, 1.2433143043678287)
W * S_hat * P: (0.0, 1.3028026323175712)
correlacao{S_hat, S_hat_hat} = 0.9861560360134003

Posicao 1 (Corredor 1, Prateleira -1)
   SKU 1 -> 100
   SKU 7 -> 185

Posicao 2 (Corredor 1, Prateleira -2)
   SKU 4 -> 108
   SKU 30 -> 100
   SKU 34 -> 104

Posicao 3 (Corredor 1, Prateleira -3)
   SKU 23 -> 55
   SKU 27 -> 59
   SKU 35 -> 44

Posicao 4 (Corredor 1, Prateleira -4)
   SKU 30 -> 1

Posicao 11 (Corredor 1, Prateleira 1)
   SKU 1 -> 72
   SKU 2 -> 31
   SKU 6 -> 156

Posicao 12 (Corredor 1, Prateleira 2)
   SKU 2 -> 77
   SKU 3 -> 40
   SKU 24 -> 108

Posicao 13 (Corredor 1, Prateleira 3)
   SKU 17 -> 55
   SKU 19 -> 26
   SKU 38 -> 32

Posicao 21 (Corredor 2, Prateleira -1)
   SKU 2 -> 38
   SKU 5 -> 16
   SKU 8 -> 135

Posicao 22 (Corredor 2, Prateleira -2)
   SKU 16 -> 75
   SKU 21 -> 82
   SKU 26 -> 76

Posicao 23 (Corredor 2, Prateleira -3)
   SKU 11 -> 41
   SKU 12 -> 38
   SKU 13 -> 30

Posicao 31 (Corredor 2, Prateleira 1)
   SKU 4 -> 21
   SKU 5 -> 106
   SKU 37 -> 102

Posicao 32 (Corredor 2, Prateleira 2)
   SKU 3 -> 38
   SKU 14 -> 73
   SKU 33 -> 74

Posicao 41 (Corredor 3, Prateleira -1)
   SKU 9 -> 71
   SKU 15 -> 86
   SKU 32 -> 73

Posicao 42 (Corredor 3, Prateleira -2)
   SKU 10 -> 21
   SKU 20 -> 19
   SKU 36 -> 24

Posicao 51 (Corredor 3, Prateleira 1)
   SKU 18 -> 46
   SKU 25 -> 42
   SKU 29 -> 69

Posicao 52 (Corredor 3, Prateleira 2)
   SKU 22 -> 33
   SKU 28 -> 23
   SKU 31 -> 30

Posicao 96 (Corredor 5, Prateleira 6)
   SKU 40 -> 19

Posicao 97 (Corredor 5, Prateleira 7)
   SKU 39 -> 26

