Rota do Picker 1: [0, 64, 8, 48, 27, 19, 20, 30, 7, 87, 9, 46, 17, 1, 22, 26, 47, 4, 21, 3, 41, 10, 69, 2, 45, 83, 0]
Rota do Picker 2: [0, 13, 93, 74, 94, 18, 37, 57, 7, 32, 55, 20, 19, 77, 59, 98, 33, 52, 97, 17, 41, 40, 39, 75, 12, 0]
Rota do Picker 3: [0, 26, 27, 87, 17, 4, 20, 45, 46, 7, 83, 3, 19, 9, 64, 47, 32, 22, 1, 96, 48, 8, 2, 21, 40, 0]
Rota do Picker 4: [0, 64, 47, 46, 41, 89, 48, 8, 26, 2, 69, 21, 22, 17, 45, 30, 9, 87, 27, 7, 0]
Rota do Picker 5: [0, 30, 26, 41, 9, 27, 7, 64, 4, 47, 87, 46, 48, 8, 83, 2, 45, 10, 0]
Rota do Picker 6: [0, 64, 8, 48, 27, 30, 89, 69, 7, 26, 46, 9, 87, 10, 45, 0]
Rota do Picker 7: [0, 10, 2, 26, 41, 84, 64, 4, 69, 47, 83, 22, 1, 7, 27, 87, 30, 45, 21, 8, 48, 9, 46, 0]
Rota do Picker 8: [0, 21, 26, 46, 8, 48, 45, 17, 52, 2, 9, 10, 69, 22, 41, 89, 19, 47, 1, 3, 83, 7, 27, 87, 30, 20, 0]
Rota do Picker 9: [0, 41, 12, 74, 94, 75, 19, 10, 26, 13, 57, 7, 2, 17, 84, 21, 32, 93, 18, 39, 20, 83, 40, 55, 52, 98, 0]
Rota do Picker 10: [0, 1, 26, 9, 48, 45, 46, 8, 89, 69, 64, 47, 10, 7, 27, 87, 30, 0]
Rota do Picker 11: [0, 7, 19, 9, 64, 17, 27, 8, 26, 1, 48, 20, 46, 45, 2, 41, 10, 0]
Rota do Picker 12: [0, 7, 27, 20, 17, 47, 2, 41, 21, 1, 19, 45, 87, 9, 46, 8, 48, 94, 12, 10, 3, 26, 30, 83, 64, 0]

Caso de teste: SLAPRP_Guo_small_O200_alpha0.4_v1.txt

Distancia Total: 2294.0
Quantidade de Pickers: 12
