Rota do Picker 1: [0, 1, 10, 81, 46, 26, 23, 27, 45, 9, 22, 21, 41, 2, 3, 4, 24, 42, 0]
Rota do Picker 2: [0, 27, 45, 22, 41, 1, 15, 62, 9, 26, 24, 21, 20, 5, 42, 23, 83, 81, 33, 4, 61, 3, 46, 2, 17, 0]
Rota do Picker 3: [0, 1, 21, 41, 27, 40, 20, 10, 24, 26, 94, 53, 33, 36, 34, 83, 3, 45, 17, 0]
Rota do Picker 4: [0, 41, 43, 21, 24, 62, 10, 2, 61, 5, 27, 4, 42, 33, 3, 83, 15, 14, 45, 9, 46, 26, 22, 1, 0]
Rota do Picker 5: [0, 3, 45, 27, 34, 36, 61, 40, 15, 53, 24, 62, 51, 10, 17, 9, 97, 46, 21, 1, 33, 14, 26, 5, 22, 2, 43, 83, 0]
Rota do Picker 6: [0, 42, 41, 33, 3, 9, 27, 21, 62, 4, 10, 34, 23, 83, 24, 17, 97, 40, 1, 2, 26, 45, 91, 22, 5, 46, 36, 0]
Rota do Picker 7: [0, 21, 23, 83, 24, 26, 46, 9, 1, 45, 2, 42, 62, 41, 81, 10, 27, 22, 0]
Rota do Picker 8: [0, 97, 40, 36, 91, 45, 46, 26, 94, 51, 21, 1, 81, 17, 39, 2, 33, 53, 37, 5, 41, 12, 55, 18, 14, 34, 20, 15, 61, 22, 0]
Rota do Picker 9: [0, 1, 42, 62, 26, 46, 40, 21, 61, 22, 9, 36, 34, 10, 45, 41, 2, 33, 24, 5, 97, 53, 27, 91, 17, 0]
Rota do Picker 10: [0, 22, 26, 46, 10, 34, 97, 24, 33, 5, 62, 2, 81, 45, 41, 9, 42, 1, 21, 27, 0]
Rota do Picker 11: [0, 5, 42, 2, 81, 4, 10, 45, 46, 26, 24, 62, 9, 27, 22, 21, 1, 36, 0]
Rota do Picker 12: [0, 24, 2, 61, 91, 81, 42, 33, 41, 62, 45, 52, 4, 15, 9, 27, 46, 26, 22, 21, 1, 23, 83, 5, 36, 0]
Rota do Picker 13: [0, 21, 81, 14, 33, 26, 10, 61, 22, 62, 34, 5, 45, 15, 36, 27, 24, 46, 53, 17, 97, 43, 37, 51, 42, 83, 23, 41, 1, 0]

Caso de teste: SLAPRP_Guo_small_O200_alpha0.2_v9.txt

Distancia Total: 2488.0
Quantidade de Pickers: 13
