Rota do Picker 1: [0, 1, 21, 61, 81, 4, 44, 84, 64, 46, 86, 66, 28, 24, 8, 65, 15, 53, 13, 14, 34, 52, 92, 72, 0]
Rota do Picker 2: [0, 1, 21, 61, 81, 6, 26, 46, 45, 52, 53, 13, 25, 27, 64, 44, 4, 15, 54, 0]
Rota do Picker 3: [0, 26, 28, 35, 55, 16, 72, 52, 14, 17, 66, 47, 27, 7, 8, 44, 4, 81, 61, 21, 1, 0]
Rota do Picker 4: [0, 1, 21, 61, 81, 45, 85, 4, 44, 84, 64, 7, 27, 8, 82, 22, 5, 15, 17, 16, 24, 46, 66, 43, 93, 73, 13, 52, 6, 0]
Rota do Picker 5: [0, 1, 21, 4, 44, 24, 84, 81, 6, 26, 41, 61, 14, 23, 52, 72, 33, 73, 13, 16, 53, 54, 35, 0]
Rota do Picker 6: [0, 26, 1, 21, 61, 81, 4, 44, 47, 7, 46, 6, 9, 73, 14, 54, 52, 93, 13, 0]

Caso de teste: SLAPRP_Guo_small_O100_alpha0.2_v2.txt

Distancia Total: 708.0
Quantidade de Pickers: 6
