Rota do Picker 1: [0, 41, 26, 46, 8, 9, 10, 30, 87, 11, 93, 18, 98, 40, 60, 67, 27, 7, 2, 1, 36, 96, 20, 39, 13, 57, 19, 75, 55, 74, 32, 0]
Rota do Picker 2: [0, 1, 26, 8, 9, 50, 45, 7, 47, 67, 46, 19, 20, 40, 60, 10, 30, 87, 27, 2, 0]
Rota do Picker 3: [0, 1, 45, 27, 10, 7, 67, 87, 9, 69, 40, 60, 20, 36, 41, 21, 84, 8, 48, 68, 26, 46, 2, 0]
Rota do Picker 4: [0, 11, 18, 39, 40, 57, 7, 47, 27, 46, 26, 83, 3, 41, 1, 21, 45, 67, 50, 8, 69, 9, 22, 2, 12, 19, 97, 74, 0]
Rota do Picker 5: [0, 1, 2, 26, 8, 27, 50, 87, 7, 69, 89, 9, 46, 47, 67, 48, 45, 3, 83, 20, 0]
Rota do Picker 6: [0, 7, 8, 9, 46, 26, 45, 1, 21, 3, 22, 27, 87, 10, 50, 2, 41, 40, 55, 39, 18, 36, 12, 0]
Rota do Picker 7: [0, 21, 26, 46, 8, 68, 47, 9, 30, 50, 7, 27, 87, 45, 11, 36, 96, 18, 20, 57, 77, 0]
Rota do Picker 8: [0, 1, 45, 8, 48, 9, 46, 26, 30, 10, 68, 69, 89, 84, 83, 3, 64, 27, 87, 7, 19, 20, 0]
Rota do Picker 9: [0, 1, 21, 26, 8, 10, 27, 36, 94, 48, 9, 69, 50, 32, 75, 77, 74, 12, 19, 59, 39, 57, 55, 93, 13, 2, 22, 45, 7, 98, 18, 11, 0]
Rota do Picker 10: [0, 1, 45, 8, 47, 27, 46, 64, 2, 48, 30, 50, 10, 7, 3, 9, 26, 41, 0]
Rota do Picker 11: [0, 8, 45, 9, 7, 27, 67, 87, 10, 30, 69, 47, 36, 19, 20, 40, 46, 26, 2, 0]
Rota do Picker 12: [0, 18, 40, 57, 12, 32, 3, 26, 8, 48, 67, 46, 2, 21, 7, 27, 0]

Caso de teste: SLAPRP_Guo_small_O200_alpha0.2_v4.txt

Distancia Total: 1724.0
Quantidade de Pickers: 12
