Rota do Picker 1: [0, 41, 61, 23, 43, 7, 26, 6, 64, 21, 45, 8, 27, 65, 83, 81, 63, 25, 42, 44, 24, 4, 1, 0]
Rota do Picker 2: [0, 26, 42, 83, 23, 3, 27, 65, 21, 41, 4, 24, 64, 43, 45, 6, 63, 44, 81, 1, 61, 8, 82, 56, 0]
Rota do Picker 3: [0, 6, 62, 42, 44, 63, 23, 24, 43, 82, 4, 81, 61, 41, 21, 1, 56, 0]
Rota do Picker 4: [0, 21, 41, 32, 1, 61, 81, 4, 43, 45, 83, 22, 44, 23, 7, 46, 25, 65, 82, 62, 26, 24, 42, 0]
Rota do Picker 5: [0, 24, 42, 41, 23, 61, 21, 1, 4, 81, 63, 83, 62, 44, 43, 82, 64, 0]
Rota do Picker 6: [0, 1, 21, 43, 81, 82, 62, 42, 61, 56, 27, 23, 4, 41, 6, 45, 44, 24, 63, 83, 64, 0]
Rota do Picker 7: [0, 1, 23, 26, 82, 25, 44, 24, 8, 61, 41, 43, 65, 4, 21, 42, 3, 64, 6, 83, 7, 46, 0]
Rota do Picker 8: [0, 1, 4, 23, 43, 8, 83, 26, 44, 63, 27, 25, 24, 45, 64, 61, 46, 5, 21, 7, 6, 41, 0]
Rota do Picker 9: [0, 63, 43, 3, 81, 23, 24, 4, 61, 41, 21, 1, 83, 65, 82, 46, 25, 42, 6, 44, 0]
Rota do Picker 10: [0, 61, 31, 15, 35, 16, 56, 37, 74, 0]
Rota do Picker 11: [0, 63, 42, 45, 21, 1, 41, 61, 23, 43, 7, 82, 81, 4, 24, 64, 44, 8, 26, 62, 6, 65, 0]
Rota do Picker 12: [0, 81, 61, 56, 43, 23, 4, 41, 21, 1, 0]
Rota do Picker 13: [0, 46, 3, 41, 43, 64, 8, 81, 4, 42, 21, 61, 23, 6, 1, 24, 65, 7, 83, 26, 63, 82, 62, 25, 44, 45, 0]

Caso de teste: SLAPRP_Guo_small_O200_alpha0.4_v1.txt

Distancia Total: 1652.0
Quantidade de Pickers: 13
