Rota do Picker 1: [0, 1, 0]
Rota do Picker 2: [0, 1, 0]
Rota do Picker 3: [0, 1, 4, 0]
Rota do Picker 4: [0, 82, 62, 42, 24, 4, 84, 6, 26, 16, 55, 64, 56, 36, 17, 54, 14, 81, 61, 21, 1, 34, 52, 0]
Rota do Picker 5: [0, 1, 42, 62, 44, 83, 21, 81, 4, 65, 24, 84, 63, 82, 6, 54, 75, 37, 5, 26, 27, 7, 61, 91, 0]
Rota do Picker 6: [0, 1, 61, 24, 44, 17, 54, 14, 82, 62, 4, 25, 37, 16, 45, 5, 42, 21, 0]
Rota do Picker 7: [0, 1, 21, 54, 75, 55, 27, 62, 82, 42, 24, 44, 4, 81, 5, 6, 61, 63, 91, 0]
Rota do Picker 8: [0, 23, 44, 64, 83, 15, 36, 5, 21, 61, 81, 42, 62, 82, 24, 4, 7, 1, 16, 56, 54, 75, 53, 0]
Rota do Picker 9: [0, 1, 21, 61, 4, 24, 63, 13, 17, 56, 36, 25, 5, 45, 41, 81, 42, 62, 8, 16, 55, 14, 84, 0]

Caso de teste: SLAPRP_Guo_small_O100_alpha0.2_v9.txt

Distancia Total: 846.0
Quantidade de Pickers: 9
