Rota do Picker 1: [0, 1, 0]
Rota do Picker 2: [0, 26, 0]
Rota do Picker 3: [0, 11, 51, 12, 33, 53, 14, 37, 17, 20, 40, 94, 32, 52, 77, 1, 21, 15, 34, 13, 19, 61, 0]
Rota do Picker 4: [0, 11, 12, 52, 17, 75, 91, 71, 21, 32, 15, 72, 37, 77, 19, 24, 62, 22, 9, 43, 23, 2, 8, 5, 1, 0]
Rota do Picker 5: [0, 1, 26, 46, 23, 3, 43, 83, 8, 9, 47, 4, 45, 14, 94, 20, 37, 17, 12, 41, 21, 22, 42, 62, 40, 2, 30, 61, 13, 11, 0]
Rota do Picker 6: [0, 1, 22, 23, 12, 93, 18, 77, 37, 17, 61, 41, 24, 21, 14, 33, 13, 94, 11, 0]
Rota do Picker 7: [0, 23, 26, 46, 45, 15, 34, 33, 93, 10, 8, 27, 24, 22, 42, 62, 14, 19, 2, 1, 4, 83, 43, 36, 94, 40, 20, 77, 17, 52, 32, 12, 11, 0]
Rota do Picker 8: [0, 32, 12, 23, 3, 24, 10, 8, 27, 26, 46, 4, 15, 75, 21, 1, 33, 93, 53, 14, 94, 18, 19, 37, 17, 11, 22, 2, 89, 9, 0]
Rota do Picker 9: [0, 21, 61, 12, 32, 11, 17, 37, 77, 19, 52, 72, 94, 34, 93, 53, 33, 10, 9, 83, 23, 1, 43, 0]
Rota do Picker 10: [0, 12, 32, 72, 11, 8, 46, 26, 43, 23, 2, 62, 22, 1, 41, 21, 3, 45, 5, 87, 27, 47, 4, 19, 20, 94, 0]
Rota do Picker 11: [0, 11, 31, 1, 22, 32, 72, 12, 52, 93, 13, 20, 18, 37, 17, 94, 34, 14, 5, 45, 27, 47, 87, 4, 61, 21, 2, 3, 46, 26, 41, 33, 53, 0]
Rota do Picker 12: [0, 1, 2, 22, 11, 36, 77, 15, 53, 33, 24, 10, 9, 8, 45, 4, 21, 61, 32, 52, 14, 17, 37, 20, 18, 13, 72, 12, 0]

Caso de teste: SLAPRP_Guo_small_O200_alpha0.3_v3.txt

Distancia Total: 1494.0
Quantidade de Pickers: 12
