Rota do Picker 1: [0, 1, 0]
Rota do Picker 2: [0, 1, 21, 61, 22, 42, 62, 44, 46, 3, 81, 41, 23, 43, 5, 65, 45, 25, 6, 26, 75, 0]
Rota do Picker 3: [0, 1, 21, 41, 61, 22, 42, 62, 25, 46, 63, 43, 83, 26, 27, 7, 65, 5, 23, 3, 0]
Rota do Picker 4: [0, 1, 41, 26, 6, 82, 22, 63, 83, 43, 3, 45, 5, 23, 61, 21, 0]
Rota do Picker 5: [0, 1, 5, 25, 26, 43, 63, 81, 21, 22, 42, 62, 82, 65, 45, 44, 64, 3, 23, 61, 41, 0]
Rota do Picker 6: [0, 21, 41, 23, 43, 63, 5, 45, 44, 64, 22, 62, 82, 6, 26, 7, 27, 8, 3, 61, 1, 0]
Rota do Picker 7: [0, 1, 21, 41, 61, 22, 42, 62, 82, 26, 6, 25, 5, 83, 63, 43, 23, 3, 0]
Rota do Picker 8: [0, 1, 21, 41, 22, 42, 62, 3, 23, 43, 83, 5, 46, 6, 27, 26, 81, 61, 4, 25, 45, 0]
Rota do Picker 9: [0, 8, 3, 7, 64, 6, 26, 43, 63, 23, 44, 27, 46, 2, 62, 42, 22, 25, 45, 5, 61, 41, 21, 1, 0]
Rota do Picker 10: [0, 21, 1, 41, 61, 22, 42, 5, 6, 44, 3, 25, 45, 82, 62, 64, 43, 23, 63, 83, 0]
Rota do Picker 11: [0, 1, 21, 41, 61, 3, 23, 83, 64, 22, 42, 82, 43, 8, 7, 27, 6, 26, 5, 0]
Rota do Picker 12: [0, 3, 1, 21, 22, 42, 41, 61, 81, 24, 44, 65, 25, 45, 6, 63, 43, 62, 82, 26, 5, 23, 7, 75, 73, 33, 13, 51, 11, 0]

Caso de teste: SLAPRP_Guo_small_O200_alpha0.3_v2.txt

Distancia Total: 938.0
Quantidade de Pickers: 12
