Rota do Picker 1: [0, 45, 7, 27, 47, 26, 46, 9, 10, 50, 30, 8, 23, 3, 55, 20, 94, 11, 0]
Rota do Picker 2: [0, 11, 31, 32, 18, 19, 47, 67, 46, 26, 45, 1, 21, 51, 93, 74, 94, 55, 50, 30, 10, 27, 7, 2, 22, 0]
Rota do Picker 3: [0, 84, 8, 46, 26, 45, 50, 10, 7, 27, 20, 40, 22, 2, 65, 13, 12, 94, 74, 14, 52, 32, 1, 37, 55, 33, 0]
Rota do Picker 4: [0, 1, 21, 22, 42, 26, 46, 8, 9, 45, 23, 10, 67, 27, 55, 19, 52, 0]
Rota do Picker 5: [0, 22, 42, 8, 27, 55, 94, 18, 19, 74, 14, 11, 26, 20, 60, 23, 9, 67, 47, 7, 30, 10, 77, 37, 51, 31, 41, 1, 12, 32, 52, 50, 46, 45, 3, 0]
Rota do Picker 6: [0, 10, 30, 7, 21, 41, 61, 33, 74, 94, 26, 46, 42, 22, 84, 8, 14, 52, 32, 19, 18, 27, 1, 55, 93, 11, 0]
Rota do Picker 7: [0, 1, 20, 13, 33, 74, 94, 18, 32, 11, 31, 12, 55, 60, 19, 2, 22, 42, 26, 46, 66, 9, 8, 45, 30, 10, 27, 67, 47, 7, 71, 21, 0]

Caso de teste: SLAPRP_Guo_small_O100_alpha0.3_v8.txt

Distancia Total: 1118.0
Quantidade de Pickers: 7
