Rota do Picker 1: [0, 1, 61, 22, 62, 63, 41, 3, 43, 81, 26, 65, 21, 15, 84, 64, 44, 23, 83, 25, 8, 7, 45, 82, 24, 4, 42, 5, 0]
Rota do Picker 2: [0, 42, 63, 43, 23, 44, 5, 3, 21, 1, 8, 22, 2, 82, 7, 25, 81, 61, 6, 46, 41, 4, 24, 45, 62, 26, 0]
Rota do Picker 3: [0, 1, 21, 41, 22, 62, 27, 65, 23, 82, 44, 8, 3, 61, 25, 4, 24, 64, 7, 26, 16, 63, 43, 83, 6, 5, 42, 45, 0]
Rota do Picker 4: [0, 1, 21, 41, 61, 24, 44, 51, 81, 4, 3, 33, 56, 42, 5, 43, 2, 82, 6, 63, 23, 62, 22, 0]
Rota do Picker 5: [0, 41, 3, 81, 56, 61, 22, 72, 92, 93, 74, 16, 73, 37, 91, 71, 1, 54, 34, 17, 36, 15, 21, 35, 11, 4, 0]
Rota do Picker 6: [0, 42, 44, 23, 3, 21, 83, 24, 4, 61, 41, 1, 43, 5, 46, 64, 6, 2, 26, 82, 62, 27, 63, 81, 22, 25, 45, 0]
Rota do Picker 7: [0, 1, 21, 41, 3, 23, 63, 62, 8, 2, 22, 4, 24, 44, 83, 25, 7, 27, 81, 26, 65, 84, 82, 42, 6, 5, 43, 0]
Rota do Picker 8: [0, 23, 3, 5, 46, 27, 45, 42, 43, 8, 41, 21, 62, 64, 83, 6, 24, 4, 84, 44, 26, 7, 61, 1, 25, 63, 82, 0]
Rota do Picker 9: [0, 42, 64, 21, 25, 63, 23, 46, 82, 3, 45, 44, 8, 27, 6, 5, 41, 1, 62, 84, 7, 83, 43, 24, 4, 61, 0]
Rota do Picker 10: [0, 1, 21, 41, 32, 14, 26, 61, 3, 23, 43, 52, 16, 72, 92, 46, 36, 56, 24, 5, 62, 42, 22, 45, 81, 4, 64, 63, 25, 65, 33, 93, 74, 0]
Rota do Picker 11: [0, 46, 72, 41, 3, 23, 42, 62, 24, 43, 45, 27, 65, 82, 63, 44, 2, 22, 83, 64, 4, 81, 61, 21, 1, 25, 75, 0]
Rota do Picker 12: [0, 1, 41, 22, 42, 6, 7, 24, 25, 81, 83, 27, 5, 43, 23, 3, 21, 4, 44, 46, 63, 8, 61, 26, 65, 64, 0]
Rota do Picker 13: [0, 1, 21, 41, 4, 16, 81, 61, 3, 23, 43, 14, 17, 0]

Caso de teste: SLAPRP_Guo_small_O200_alpha0.2_v10.txt

Distancia Total: 2146.0
Quantidade de Pickers: 13
