Rota do Picker 1: [0, 55, 1, 35, 21, 4, 15, 73, 54, 63, 3, 16, 34, 14, 61, 33, 41, 81, 53, 47, 0]
Rota do Picker 2: [0, 43, 26, 6, 1, 27, 84, 44, 24, 3, 23, 34, 42, 62, 82, 47, 45, 63, 46, 65, 7, 64, 25, 5, 61, 41, 21, 0]
Rota do Picker 3: [0, 1, 21, 41, 61, 81, 14, 52, 72, 26, 34, 15, 5, 16, 44, 4, 8, 35, 53, 24, 0]
Rota do Picker 4: [0, 1, 21, 61, 81, 73, 41, 63, 43, 66, 54, 47, 34, 6, 53, 46, 35, 71, 91, 24, 25, 5, 26, 93, 52, 8, 23, 3, 7, 14, 11, 0]
Rota do Picker 5: [0, 1, 41, 61, 5, 25, 45, 15, 6, 26, 34, 52, 44, 24, 21, 63, 43, 85, 54, 3, 23, 64, 4, 93, 47, 7, 84, 0]
Rota do Picker 6: [0, 41, 61, 5, 25, 26, 46, 86, 3, 23, 63, 83, 8, 65, 84, 47, 27, 21, 6, 4, 2, 52, 44, 28, 66, 24, 64, 9, 7, 82, 62, 1, 0]

Caso de teste: SLAPRP_Guo_small_O100_alpha0.4_v8.txt

Distancia Total: 1116.0
Quantidade de Pickers: 6
