Rota do Picker 1: [0, 4, 14, 96, 76, 20, 18, 10, 8, 46, 26, 43, 23, 2, 27, 7, 45, 63, 21, 0]
Rota do Picker 2: [0, 42, 62, 7, 27, 46, 45, 8, 28, 10, 9, 21, 1, 83, 23, 2, 43, 63, 26, 18, 0]
Rota do Picker 3: [0, 2, 23, 27, 87, 7, 8, 10, 45, 46, 26, 21, 1, 18, 20, 76, 96, 52, 72, 32, 55, 0]
Rota do Picker 4: [0, 2, 23, 43, 26, 46, 8, 81, 21, 1, 41, 62, 24, 18, 34, 14, 42, 0]
Rota do Picker 5: [0, 34, 13, 28, 8, 4, 62, 42, 21, 81, 24, 46, 26, 27, 7, 3, 11, 31, 14, 15, 33, 72, 52, 2, 43, 23, 1, 51, 71, 0]
Rota do Picker 6: [0, 1, 46, 7, 28, 18, 13, 15, 24, 4, 63, 23, 45, 10, 9, 41, 81, 21, 2, 26, 8, 11, 0]
Rota do Picker 7: [0, 21, 13, 15, 18, 76, 24, 45, 9, 3, 83, 32, 42, 7, 10, 46, 87, 4, 43, 1, 27, 26, 8, 23, 2, 0]
Rota do Picker 8: [0, 20, 17, 55, 13, 41, 21, 23, 3, 83, 43, 81, 1, 2, 8, 10, 5, 15, 14, 18, 71, 51, 42, 62, 4, 24, 52, 72, 91, 31, 37, 57, 32, 11, 33, 27, 7, 0]
Rota do Picker 9: [0, 21, 14, 18, 76, 32, 4, 2, 24, 34, 5, 45, 27, 8, 46, 26, 43, 23, 3, 0]
Rota do Picker 10: [0, 21, 41, 14, 20, 30, 10, 2, 3, 1, 31, 71, 13, 11, 57, 37, 55, 15, 32, 12, 72, 52, 34, 27, 8, 46, 26, 23, 62, 42, 0]
Rota do Picker 11: [0, 31, 51, 14, 18, 13, 4, 26, 43, 21, 61, 41, 1, 28, 8, 42, 62, 3, 5, 34, 76, 55, 91, 71, 46, 23, 2, 0]
Rota do Picker 12: [0, 21, 81, 1, 23, 3, 4, 26, 46, 45, 8, 22, 0]

Caso de teste: SLAPRP_Guo_small_O200_alpha0.2_v6.txt

Distancia Total: 1588.0
Quantidade de Pickers: 12
