Rota do Picker 1: [0, 21, 41, 61, 23, 5, 6, 82, 26, 83, 25, 65, 7, 1, 27, 43, 8, 45, 0]
Rota do Picker 2: [0, 1, 21, 41, 61, 11, 14, 93, 0]
Rota do Picker 3: [0, 1, 21, 41, 61, 43, 7, 18, 23, 81, 62, 63, 0]
Rota do Picker 4: [0, 1, 21, 41, 61, 23, 43, 82, 7, 45, 5, 65, 83, 42, 2, 6, 81, 27, 25, 26, 63, 0]
Rota do Picker 5: [0, 82, 6, 83, 63, 46, 44, 23, 43, 5, 81, 61, 41, 21, 1, 24, 64, 0]
Rota do Picker 6: [0, 63, 46, 8, 7, 25, 81, 26, 82, 64, 45, 21, 44, 5, 1, 27, 6, 43, 23, 61, 41, 65, 0]
Rota do Picker 7: [0, 1, 21, 41, 64, 25, 5, 62, 42, 81, 7, 43, 23, 61, 8, 6, 27, 45, 44, 26, 46, 82, 0]

Caso de teste: SLAPRP_Guo_small_O100_alpha0.3_v2.txt

Distancia Total: 742.0
Quantidade de Pickers: 7
