Rota do Picker 1: [0, 48, 10, 65, 3, 2, 9, 28, 8, 45, 7, 26, 46, 27, 47, 50, 30, 89, 23, 0]
Rota do Picker 2: [0, 26, 46, 74, 96, 45, 65, 9, 50, 13, 21, 27, 41, 11, 8, 28, 51, 55, 7, 30, 2, 1, 40, 42, 47, 10, 33, 48, 12, 89, 3, 93, 22, 0]
Rota do Picker 3: [0, 9, 89, 27, 45, 74, 20, 10, 48, 28, 8, 3, 47, 30, 33, 93, 23, 2, 26, 46, 42, 65, 51, 0]
Rota do Picker 4: [0, 40, 9, 46, 26, 21, 2, 74, 14, 30, 28, 8, 10, 50, 20, 1, 11, 33, 27, 60, 41, 48, 42, 59, 45, 47, 65, 4, 87, 96, 55, 7, 0]
Rota do Picker 5: [0, 51, 26, 74, 11, 40, 20, 55, 14, 65, 45, 27, 7, 8, 48, 22, 60, 0]
Rota do Picker 6: [0, 1, 26, 46, 27, 28, 87, 23, 21, 48, 89, 7, 42, 65, 3, 10, 30, 50, 13, 45, 8, 9, 74, 0]
Rota do Picker 7: [0, 42, 47, 21, 55, 48, 8, 7, 13, 26, 14, 22, 1, 30, 10, 33, 89, 65, 74, 27, 28, 9, 46, 45, 0]
Rota do Picker 8: [0, 1, 22, 42, 8, 20, 60, 27, 40, 51, 78, 76, 96, 33, 18, 77, 41, 59, 37, 30, 57, 97, 21, 13, 39, 75, 55, 11, 45, 71, 14, 46, 26, 94, 74, 32, 12, 0]
Rota do Picker 9: [0, 26, 46, 13, 74, 42, 55, 94, 10, 30, 47, 45, 65, 14, 96, 8, 28, 48, 40, 59, 27, 76, 9, 21, 87, 41, 20, 52, 60, 22, 1, 0]
Rota do Picker 10: [0, 1, 12, 32, 40, 59, 78, 18, 96, 20, 52, 21, 60, 39, 13, 97, 94, 74, 11, 57, 2, 75, 77, 37, 33, 55, 14, 0]
Rota do Picker 11: [0, 2, 26, 46, 45, 55, 65, 59, 37, 48, 10, 94, 33, 30, 23, 93, 4, 41, 12, 50, 40, 20, 28, 8, 42, 22, 74, 13, 9, 47, 27, 7, 21, 14, 11, 0]
Rota do Picker 12: [0, 3, 30, 74, 50, 65, 45, 8, 48, 13, 27, 28, 9, 46, 26, 21, 23, 60, 10, 7, 33, 1, 0]
Rota do Picker 13: [0, 60, 59, 48, 28, 55, 26, 51, 74, 94, 8, 40, 1, 37, 45, 46, 21, 41, 13, 93, 27, 14, 33, 47, 87, 65, 7, 20, 0]

Caso de teste: SLAPRP_Guo_small_O200_alpha0.2_v7.txt

Distancia Total: 3308.0
Quantidade de Pickers: 13
