Rota do Picker 1: [0, 7, 55, 10, 9, 27, 45, 8, 48, 30, 4, 1, 50, 89, 2, 87, 0]
Rota do Picker 2: [0, 9, 19, 0]
Rota do Picker 3: [0, 48, 84, 40, 20, 27, 42, 30, 60, 87, 22, 10, 19, 4, 31, 41, 8, 2, 7, 55, 9, 45, 21, 1, 0]
Rota do Picker 4: [0, 19, 83, 23, 48, 8, 41, 4, 2, 1, 84, 42, 22, 21, 89, 65, 20, 55, 45, 9, 87, 27, 7, 0]
Rota do Picker 5: [0, 57, 31, 13, 77, 40, 19, 74, 51, 21, 94, 75, 1, 96, 79, 37, 12, 2, 42, 60, 20, 55, 10, 7, 41, 45, 46, 22, 32, 0]
Rota do Picker 6: [0, 42, 87, 46, 21, 1, 22, 50, 8, 48, 10, 27, 60, 40, 55, 45, 30, 9, 7, 2, 41, 0]
Rota do Picker 7: [0, 2, 42, 7, 8, 48, 9, 50, 55, 4, 45, 10, 87, 27, 22, 21, 20, 30, 46, 84, 0]
Rota do Picker 8: [0, 10, 8, 19, 23, 7, 27, 87, 50, 20, 40, 41, 2, 45, 55, 21, 0]

Caso de teste: SLAPRP_Guo_small_O100_alpha0.2_v5.txt

Distancia Total: 1410.0
Quantidade de Pickers: 8
