Rota do Picker 1: [0, 51, 31, 22, 2, 1, 3, 23, 12, 32, 52, 13, 33, 41, 21, 0]
Rota do Picker 2: [0, 11, 31, 13, 32, 12, 2, 42, 22, 4, 23, 33, 41, 21, 1, 0]
Rota do Picker 3: [0, 11, 13, 32, 12, 1, 41, 21, 2, 22, 3, 51, 31, 0]
Rota do Picker 4: [0, 1, 31, 11, 12, 52, 32, 33, 21, 41, 3, 2, 42, 22, 0]
Rota do Picker 5: [0, 13, 33, 52, 32, 12, 3, 42, 22, 2, 23, 21, 51, 31, 11, 1, 0]
Rota do Picker 6: [0, 1, 21, 41, 11, 12, 32, 52, 31, 22, 42, 2, 3, 0]
Rota do Picker 7: [0, 23, 3, 22, 2, 21, 41, 1, 11, 31, 32, 12, 13, 0]
Rota do Picker 8: [0, 1, 41, 31, 51, 2, 22, 23, 3, 21, 11, 32, 12, 0]
Rota do Picker 9: [0, 21, 1, 12, 32, 13, 11, 3, 2, 22, 42, 23, 51, 31, 0]
Rota do Picker 10: [0, 2, 1, 21, 31, 32, 33, 52, 12, 42, 22, 3, 23, 11, 51, 0]
Rota do Picker 11: [0, 21, 41, 1, 3, 4, 42, 11, 52, 51, 31, 13, 12, 22, 2, 0]
Rota do Picker 12: [0, 2, 1, 21, 41, 3, 23, 11, 31, 12, 0]

Caso de teste: SLAPRP_Guo_small_O200_alpha0.2_v1.txt

Distancia Total: 552.0
Quantidade de Pickers: 12
