Rota do Picker 1: [0, 25, 43, 61, 83, 44, 21, 45, 5, 23, 41, 1, 6, 64, 63, 8, 82, 7, 81, 62, 0]
Rota do Picker 2: [0, 1, 41, 61, 23, 43, 5, 21, 83, 64, 46, 62, 26, 63, 81, 82, 45, 25, 0]
Rota do Picker 3: [0, 21, 61, 23, 7, 64, 56, 1, 5, 41, 63, 43, 83, 82, 81, 24, 62, 0]
Rota do Picker 4: [0, 82, 63, 27, 25, 26, 7, 23, 41, 83, 43, 1, 65, 5, 61, 81, 46, 6, 45, 64, 21, 8, 0]
Rota do Picker 5: [0, 21, 41, 13, 17, 36, 32, 0]
Rota do Picker 6: [0, 43, 63, 5, 56, 82, 81, 62, 22, 23, 61, 41, 21, 1, 0]
Rota do Picker 7: [0, 1, 21, 23, 83, 25, 44, 5, 41, 26, 43, 81, 63, 45, 46, 7, 6, 64, 61, 8, 62, 0]

Caso de teste: SLAPRP_Guo_small_O100_alpha0.4_v7.txt

Distancia Total: 836.0
Quantidade de Pickers: 7
