Rota do Picker 1: [0, 5, 72, 45, 31, 44, 55, 73, 26, 7, 17, 12, 4, 81, 15, 32, 23, 1, 21, 41, 22, 42, 3, 18, 61, 24, 64, 54, 74, 33, 0]
Rota do Picker 2: [0, 3, 32, 15, 44, 84, 55, 23, 16, 63, 1, 21, 72, 7, 17, 14, 62, 42, 61, 41, 0]
Rota do Picker 3: [0, 3, 23, 83, 35, 95, 43, 32, 73, 25, 19, 33, 13, 15, 75, 64, 34, 55, 37, 18, 14, 21, 74, 42, 22, 6, 4, 17, 62, 54, 91, 71, 81, 61, 41, 1, 0]
Rota do Picker 4: [0, 12, 35, 19, 36, 33, 13, 1, 15, 55, 17, 14, 75, 5, 53, 4, 21, 61, 32, 71, 91, 37, 34, 73, 93, 18, 83, 56, 16, 74, 54, 43, 3, 41, 0]
Rota do Picker 5: [0, 1, 21, 41, 3, 23, 6, 32, 56, 61, 43, 44, 62, 81, 83, 42, 4, 24, 64, 0]
Rota do Picker 6: [0, 1, 3, 32, 44, 61, 21, 23, 62, 83, 45, 84, 26, 25, 5, 43, 64, 6, 24, 63, 42, 7, 4, 41, 0]
Rota do Picker 7: [0, 55, 15, 25, 5, 91, 71, 32, 61, 41, 21, 1, 3, 23, 4, 24, 73, 0]

Caso de teste: SLAPRP_Guo_small_O100_alpha0.2_v4.txt

Distancia Total: 1292.0
Quantidade de Pickers: 7
