Rota do Picker 1: [0, 1, 18, 56, 43, 77, 20, 75, 54, 36, 55, 35, 15, 71, 34, 14, 76, 16, 73, 53, 13, 41, 21, 81, 74, 38, 4, 3, 17, 39, 0]
Rota do Picker 2: [0, 43, 15, 35, 75, 39, 1, 13, 16, 56, 36, 93, 41, 20, 19, 73, 33, 21, 71, 17, 76, 94, 34, 14, 96, 61, 74, 38, 54, 18, 77, 0]
Rota do Picker 3: [0, 1, 41, 3, 43, 13, 33, 93, 61, 73, 75, 53, 81, 36, 16, 91, 4, 21, 0]
Rota do Picker 4: [0, 81, 17, 61, 41, 34, 14, 74, 71, 55, 38, 36, 15, 4, 5, 20, 93, 75, 33, 16, 73, 53, 13, 3, 21, 1, 0]
Rota do Picker 5: [0, 18, 55, 35, 15, 71, 61, 38, 93, 41, 19, 97, 37, 75, 96, 57, 39, 76, 36, 16, 5, 56, 77, 17, 73, 53, 33, 13, 1, 21, 14, 34, 54, 20, 58, 0]
Rota do Picker 6: [0, 43, 33, 36, 23, 39, 24, 94, 54, 41, 38, 74, 34, 14, 63, 21, 5, 13, 73, 93, 16, 56, 1, 61, 15, 35, 55, 81, 3, 53, 57, 97, 71, 0]
Rota do Picker 7: [0, 1, 21, 3, 17, 76, 91, 19, 4, 75, 41, 53, 5, 55, 15, 71, 81, 57, 16, 54, 34, 14, 43, 24, 93, 73, 33, 13, 61, 95, 0]
Rota do Picker 8: [0, 53, 54, 34, 14, 41, 76, 1, 71, 17, 77, 56, 16, 13, 21, 38, 93, 18, 20, 36, 96, 73, 33, 19, 15, 3, 74, 57, 75, 0]
Rota do Picker 9: [0, 1, 21, 22, 14, 3, 43, 4, 54, 74, 71, 91, 0]
Rota do Picker 10: [0, 1, 24, 14, 74, 5, 19, 18, 43, 20, 36, 33, 58, 41, 39, 35, 93, 34, 21, 75, 71, 15, 95, 96, 16, 73, 53, 13, 3, 61, 0]
Rota do Picker 11: [0, 1, 21, 41, 14, 34, 76, 93, 81, 54, 74, 91, 17, 36, 55, 71, 57, 18, 3, 15, 35, 38, 20, 56, 24, 16, 73, 33, 13, 61, 53, 0]
Rota do Picker 12: [0, 1, 13, 33, 93, 16, 95, 15, 61, 77, 76, 36, 97, 43, 19, 18, 74, 3, 41, 53, 73, 81, 4, 56, 20, 17, 54, 34, 14, 21, 0]
Rota do Picker 13: [0, 1, 4, 14, 24, 23, 63, 71, 41, 61, 43, 93, 13, 5, 3, 21, 81, 0]

Caso de teste: SLAPRP_Guo_small_O200_alpha0.4_v5.txt

Distancia Total: 2640.0
Quantidade de Pickers: 13
