Rota do Picker 1: [0, 85, 60, 89, 51, 69, 10, 17, 28, 3, 7, 47, 87, 37, 1, 64, 84, 48, 78, 21, 8, 30, 50, 20, 13, 19, 45, 27, 9, 46, 26, 0]
Rota do Picker 2: [0, 8, 28, 48, 31, 26, 46, 47, 9, 89, 1, 51, 69, 7, 10, 87, 85, 30, 21, 45, 27, 0]
Rota do Picker 3: [0, 55, 2, 28, 19, 60, 31, 47, 17, 36, 96, 59, 78, 97, 40, 51, 57, 39, 74, 94, 49, 20, 18, 37, 21, 1, 0]
Rota do Picker 4: [0, 40, 78, 45, 27, 21, 37, 47, 46, 8, 7, 9, 13, 36, 3, 85, 97, 20, 26, 48, 28, 55, 39, 49, 19, 60, 51, 17, 96, 0]
Rota do Picker 5: [0, 7, 8, 26, 46, 9, 89, 51, 60, 21, 3, 27, 48, 17, 20, 47, 50, 2, 78, 1, 64, 45, 13, 10, 11, 85, 84, 37, 69, 31, 0]
Rota do Picker 6: [0, 21, 26, 46, 8, 9, 31, 20, 48, 47, 69, 11, 7, 45, 50, 60, 28, 40, 1, 89, 10, 30, 27, 17, 78, 0]
Rota do Picker 7: [0, 20, 9, 7, 60, 28, 8, 26, 46, 45, 78, 30, 1, 69, 50, 97, 87, 31, 48, 64, 47, 37, 83, 40, 85, 27, 17, 13, 21, 0]
Rota do Picker 8: [0, 47, 87, 26, 45, 50, 30, 28, 9, 85, 21, 10, 48, 46, 8, 27, 7, 2, 37, 0]
Rota do Picker 9: [0, 10, 30, 26, 45, 48, 8, 28, 9, 46, 50, 69, 7, 89, 47, 49, 27, 87, 0]
Rota do Picker 10: [0, 27, 10, 8, 46, 26, 50, 7, 69, 51, 47, 30, 9, 49, 89, 48, 31, 45, 0]
Rota do Picker 11: [0, 30, 1, 21, 47, 87, 85, 89, 28, 48, 10, 51, 45, 27, 46, 26, 69, 9, 8, 7, 0]

Caso de teste: SLAPRP_Guo_small_O200_alpha0.4_v2.txt

Distancia Total: 2640.0
Quantidade de Pickers: 11
