Rota do Picker 1: [0, 1, 21, 41, 23, 42, 11, 13, 31, 51, 32, 52, 12, 22, 2, 0]
Rota do Picker 2: [0, 11, 31, 51, 32, 12, 33, 13, 3, 41, 21, 1, 42, 22, 2, 0]
Rota do Picker 3: [0, 2, 31, 11, 41, 21, 1, 3, 23, 12, 32, 52, 13, 33, 0]
Rota do Picker 4: [0, 11, 51, 2, 1, 41, 21, 12, 33, 13, 23, 3, 32, 31, 0]
Rota do Picker 5: [0, 1, 21, 12, 32, 23, 3, 2, 22, 42, 11, 31, 51, 0]
Rota do Picker 6: [0, 12, 21, 1, 2, 22, 42, 11, 31, 23, 3, 0]
Rota do Picker 7: [0, 12, 52, 32, 51, 11, 31, 13, 3, 22, 2, 1, 41, 21, 0]
Rota do Picker 8: [0, 41, 1, 21, 2, 22, 42, 3, 12, 52, 51, 31, 11, 0]
Rota do Picker 9: [0, 1, 31, 11, 12, 32, 52, 13, 42, 22, 2, 23, 3, 41, 21, 0]
Rota do Picker 10: [0, 2, 22, 32, 52, 12, 11, 31, 51, 23, 3, 42, 41, 21, 1, 0]
Rota do Picker 11: [0, 2, 1, 3, 23, 11, 51, 31, 42, 22, 21, 41, 33, 13, 32, 12, 0]
Rota do Picker 12: [0, 1, 21, 11, 31, 2, 22, 41, 3, 13, 32, 12, 51, 0]

Caso de teste: SLAPRP_Guo_small_O200_alpha0.3_v7.txt

Distancia Total: 542.0
Quantidade de Pickers: 12
