Rota do Picker 1: [0, 1, 21, 42, 62, 82, 13, 55, 75, 36, 16, 25, 81, 61, 41, 4, 24, 44, 17, 37, 7, 64, 0]
Rota do Picker 2: [0, 41, 81, 13, 36, 64, 24, 63, 93, 73, 16, 17, 56, 82, 42, 1, 21, 61, 4, 26, 62, 0]
Rota do Picker 3: [0, 41, 61, 1, 21, 4, 44, 8, 7, 24, 64, 62, 42, 33, 15, 75, 16, 13, 0]
Rota do Picker 4: [0, 1, 61, 62, 44, 4, 25, 18, 36, 17, 13, 6, 21, 41, 42, 16, 55, 54, 0]
Rota do Picker 5: [0, 21, 41, 61, 81, 1, 4, 24, 11, 56, 75, 45, 65, 5, 31, 54, 18, 42, 2, 62, 82, 55, 17, 15, 93, 13, 36, 16, 0]
Rota do Picker 6: [0, 13, 41, 1, 22, 42, 27, 7, 61, 21, 0]

Caso de teste: SLAPRP_Guo_small_O100_alpha0.4_v5.txt

Distancia Total: 658.0
Quantidade de Pickers: 6
