Rota do Picker 1: [0, 2, 8, 26, 45, 3, 7, 10, 30, 9, 23, 12, 11, 22, 61, 21, 41, 4, 66, 76, 96, 36, 32, 55, 34, 1, 0]
Rota do Picker 2: [0, 55, 2, 1, 21, 41, 7, 8, 30, 45, 68, 50, 10, 26, 3, 23, 66, 43, 0]
Rota do Picker 3: [0, 7, 8, 1, 21, 26, 62, 2, 61, 41, 3, 10, 30, 50, 66, 42, 4, 20, 55, 14, 23, 52, 11, 51, 96, 76, 97, 77, 32, 12, 0]
Rota do Picker 4: [0, 8, 10, 9, 7, 43, 36, 76, 78, 40, 14, 1, 3, 23, 45, 71, 51, 55, 32, 12, 21, 41, 61, 30, 42, 2, 0]
Rota do Picker 5: [0, 41, 32, 40, 20, 36, 42, 22, 2, 21, 1, 45, 30, 7, 8, 9, 10, 55, 12, 66, 26, 3, 0]
Rota do Picker 6: [0, 2, 1, 21, 24, 26, 45, 43, 3, 9, 7, 4, 61, 41, 14, 34, 31, 51, 71, 0]

Caso de teste: SLAPRP_Guo_small_O100_alpha0.4_v6.txt

Distancia Total: 840.0
Quantidade de Pickers: 6
