Rota do Picker 1: [0, 45, 46, 69, 9, 7, 50, 10, 48, 8, 76, 36, 87, 47, 27, 0]
Rota do Picker 2: [0, 26, 48, 50, 87, 47, 9, 64, 2, 1, 21, 7, 27, 46, 10, 8, 28, 3, 45, 83, 36, 76, 0]
Rota do Picker 3: [0, 45, 46, 9, 30, 48, 68, 87, 84, 64, 60, 40, 20, 8, 26, 10, 7, 27, 47, 67, 50, 0]
Rota do Picker 4: [0, 17, 20, 60, 26, 30, 84, 9, 69, 48, 45, 46, 87, 67, 27, 7, 21, 1, 0]
Rota do Picker 5: [0, 45, 26, 46, 87, 27, 7, 10, 30, 69, 9, 2, 1, 13, 94, 74, 55, 92, 11, 98, 36, 37, 77, 39, 20, 18, 93, 12, 21, 76, 75, 0]
Rota do Picker 6: [0, 21, 83, 30, 50, 26, 8, 68, 48, 45, 7, 27, 67, 87, 47, 69, 9, 10, 46, 1, 12, 0]

Caso de teste: SLAPRP_Guo_small_O100_alpha0.4_v7.txt

Distancia Total: 812.0
Quantidade de Pickers: 6
