Rota do Picker 1: [0, 1, 21, 22, 42, 41, 11, 52, 12, 32, 23, 3, 2, 31, 51, 13, 0]
Rota do Picker 2: [0, 13, 3, 42, 2, 22, 31, 51, 32, 52, 12, 11, 21, 1, 0]
Rota do Picker 3: [0, 2, 3, 23, 51, 31, 52, 12, 13, 11, 21, 41, 42, 22, 1, 0]
Rota do Picker 4: [0, 1, 21, 41, 2, 11, 51, 31, 12, 52, 32, 13, 0]
Rota do Picker 5: [0, 11, 31, 51, 12, 22, 2, 23, 3, 52, 32, 41, 21, 1, 0]
Rota do Picker 6: [0, 51, 31, 11, 23, 3, 1, 41, 21, 2, 22, 42, 32, 0]
Rota do Picker 7: [0, 13, 12, 32, 51, 31, 11, 22, 2, 1, 21, 0]
Rota do Picker 8: [0, 13, 12, 21, 1, 41, 3, 22, 2, 42, 51, 31, 11, 0]
Rota do Picker 9: [0, 23, 22, 42, 2, 1, 21, 41, 12, 32, 11, 51, 31, 0]
Rota do Picker 10: [0, 21, 41, 1, 3, 23, 2, 11, 31, 51, 52, 32, 12, 13, 0]
Rota do Picker 11: [0, 32, 12, 51, 31, 11, 2, 3, 1, 21, 41, 22, 0]
Rota do Picker 12: [0, 1, 12, 11, 31, 51, 32, 13, 42, 22, 2, 0]
Rota do Picker 13: [0, 31, 51, 11, 13, 12, 23, 3, 1, 2, 41, 21, 0]

Caso de teste: SLAPRP_Guo_small_O200_alpha0.3_v6.txt

Distancia Total: 532.0
Quantidade de Pickers: 13
