Rota do Picker 1: [0, 1, 41, 5, 24, 81, 26, 63, 43, 65, 61, 21, 7, 44, 2, 83, 27, 25, 23, 4, 22, 82, 64, 42, 0]
Rota do Picker 2: [0, 1, 21, 4, 24, 53, 5, 62, 83, 43, 45, 25, 42, 41, 22, 61, 23, 46, 63, 82, 27, 81, 8, 0]
Rota do Picker 3: [0, 1, 21, 41, 61, 14, 81, 53, 44, 83, 43, 5, 22, 64, 62, 63, 42, 82, 4, 6, 25, 23, 55, 0]
Rota do Picker 4: [0, 6, 42, 65, 26, 82, 3, 44, 24, 4, 46, 31, 1, 5, 45, 22, 21, 41, 61, 81, 7, 8, 23, 43, 25, 83, 0]
Rota do Picker 5: [0, 41, 61, 81, 14, 92, 75, 1, 37, 55, 18, 16, 73, 36, 17, 11, 13, 53, 72, 91, 71, 21, 0]
Rota do Picker 6: [0, 1, 41, 23, 5, 25, 7, 24, 42, 62, 22, 4, 43, 26, 21, 82, 81, 65, 46, 64, 8, 3, 45, 27, 83, 61, 6, 44, 0]

Caso de teste: SLAPRP_Guo_small_O100_alpha0.4_v6.txt

Distancia Total: 970.0
Quantidade de Pickers: 6
