Rota do Picker 1: [0, 7, 14, 13, 81, 61, 21, 1, 5, 65, 44, 43, 63, 83, 64, 35, 36, 16, 53, 0]
Rota do Picker 2: [0, 1, 21, 43, 6, 25, 45, 7, 47, 8, 28, 5, 13, 33, 73, 53, 16, 55, 83, 63, 81, 61, 0]
Rota do Picker 3: [0, 1, 21, 34, 74, 16, 85, 65, 45, 5, 44, 64, 4, 91, 6, 46, 72, 15, 55, 93, 73, 53, 13, 81, 61, 23, 0]
Rota do Picker 4: [0, 61, 1, 21, 81, 33, 15, 8, 7, 43, 63, 83, 44, 25, 27, 45, 73, 53, 14, 34, 47, 6, 5, 0]
Rota do Picker 5: [0, 61, 21, 5, 25, 43, 63, 93, 73, 53, 33, 13, 81, 1, 45, 65, 6, 44, 24, 27, 17, 36, 74, 34, 35, 16, 0]
Rota do Picker 6: [0, 14, 21, 1, 3, 43, 81, 61, 17, 55, 15, 33, 13, 93, 51, 53, 16, 34, 44, 6, 7, 5, 28, 8, 25, 22, 0]

Caso de teste: SLAPRP_Guo_small_O100_alpha0.2_v1.txt

Distancia Total: 760.0
Quantidade de Pickers: 6
