Rota do Picker 1: [0, 12, 65, 87, 30, 31, 70, 1, 26, 27, 28, 18, 37, 36, 45, 67, 68, 60, 89, 10, 46, 9, 8, 7, 2, 21, 50, 40, 0]
Rota do Picker 2: [0, 21, 7, 27, 9, 20, 46, 36, 68, 17, 67, 97, 10, 28, 29, 2, 30, 70, 45, 18, 31, 1, 8, 87, 60, 50, 76, 0]
Rota do Picker 3: [0, 2, 45, 9, 60, 20, 40, 37, 30, 26, 21, 7, 10, 31, 17, 19, 89, 69, 50, 36, 96, 8, 27, 46, 76, 18, 47, 67, 80, 70, 0]
Rota do Picker 4: [0, 80, 60, 27, 26, 1, 59, 76, 7, 46, 2, 9, 20, 0]
Rota do Picker 5: [0, 8, 40, 28, 50, 70, 45, 60, 18, 9, 7, 26, 27, 17, 87, 97, 1, 69, 20, 10, 37, 96, 76, 30, 46, 2, 21, 80, 0]
Rota do Picker 6: [0, 1, 45, 27, 87, 70, 60, 89, 29, 18, 9, 50, 30, 10, 8, 65, 7, 47, 21, 67, 12, 68, 28, 46, 26, 0]
Rota do Picker 7: [0, 7, 8, 10, 27, 45, 30, 46, 50, 65, 70, 68, 67, 87, 28, 89, 26, 47, 9, 0]
Rota do Picker 8: [0, 7, 27, 26, 46, 17, 18, 20, 9, 10, 37, 97, 40, 8, 28, 19, 70, 45, 80, 68, 2, 76, 60, 59, 1, 99, 0]
Rota do Picker 9: [0, 8, 27, 67, 46, 9, 45, 18, 87, 68, 65, 26, 30, 7, 50, 10, 70, 31, 0]
Rota do Picker 10: [0, 8, 45, 76, 60, 27, 17, 96, 59, 99, 95, 12, 1, 97, 2, 80, 20, 7, 21, 87, 19, 37, 9, 40, 70, 30, 94, 18, 74, 46, 26, 67, 28, 0]
Rota do Picker 11: [0, 7, 67, 87, 60, 99, 17, 26, 10, 8, 28, 46, 9, 76, 18, 45, 40, 89, 20, 2, 70, 47, 12, 30, 27, 1, 0]
Rota do Picker 12: [0, 27, 46, 17, 45, 30, 87, 67, 47, 7, 2, 70, 18, 10, 21, 26, 1, 50, 69, 76, 28, 29, 9, 8, 0]
Rota do Picker 13: [0, 9, 1, 20, 45, 27, 46, 7, 87, 36, 67, 97, 70, 40, 30, 12, 50, 47, 26, 28, 10, 18, 37, 2, 76, 29, 8, 17, 69, 89, 0]
Rota do Picker 14: [0, 21, 27, 9, 18, 40, 0]

Caso de teste: SLAPRP_Guo_small_O200_alpha0.3_v7.txt

Distancia Total: 3728.0
Quantidade de Pickers: 14
