Rota do Picker 1: [0, 1, 0]
Rota do Picker 2: [0, 1, 0]
Rota do Picker 3: [0, 1, 0]
Rota do Picker 4: [0, 1, 21, 61, 81, 16, 35, 15, 55, 26, 66, 6, 14, 84, 44, 24, 47, 27, 5, 63, 43, 23, 4, 0]
Rota do Picker 5: [0, 62, 14, 34, 15, 17, 74, 73, 53, 23, 25, 47, 7, 5, 46, 66, 6, 26, 85, 65, 4, 24, 44, 16, 36, 54, 51, 31, 83, 63, 43, 61, 21, 1, 0]
Rota do Picker 6: [0, 1, 21, 61, 43, 44, 64, 4, 24, 54, 73, 7, 27, 52, 17, 16, 36, 66, 46, 6, 5, 23, 3, 26, 14, 0]
Rota do Picker 7: [0, 1, 21, 61, 81, 54, 14, 36, 17, 83, 43, 23, 24, 4, 65, 85, 6, 44, 84, 64, 46, 63, 3, 93, 53, 73, 16, 72, 0]
Rota do Picker 8: [0, 1, 21, 61, 4, 24, 44, 6, 7, 8, 5, 25, 45, 65, 54, 74, 55, 15, 36, 73, 93, 53, 33, 23, 3, 63, 0]
Rota do Picker 9: [0, 22, 42, 5, 24, 44, 7, 45, 4, 64, 15, 16, 36, 35, 26, 46, 27, 62, 82, 17, 34, 74, 14, 23, 3, 83, 43, 21, 1, 0]
Rota do Picker 10: [0, 6, 4, 24, 44, 43, 83, 15, 55, 35, 16, 92, 72, 5, 85, 45, 53, 33, 54, 74, 26, 8, 63, 23, 61, 21, 1, 0]
Rota do Picker 11: [0, 1, 4, 22, 24, 44, 6, 26, 65, 85, 45, 5, 25, 7, 9, 66, 71, 51, 33, 53, 14, 46, 3, 23, 63, 36, 35, 15, 32, 81, 61, 21, 0]
Rota do Picker 12: [0, 1, 21, 61, 81, 66, 4, 24, 44, 64, 6, 8, 84, 22, 5, 25, 41, 15, 55, 16, 63, 43, 23, 0]
Rota do Picker 13: [0, 1, 23, 3, 4, 24, 44, 5, 25, 7, 8, 26, 6, 46, 34, 74, 14, 13, 32, 72, 27, 47, 33, 73, 93, 92, 52, 61, 81, 21, 0]
Rota do Picker 14: [0, 33, 17, 91, 71, 51, 73, 83, 63, 43, 23, 6, 3, 53, 14, 16, 15, 1, 21, 42, 82, 4, 64, 0]
Rota do Picker 15: [0, 1, 21, 4, 24, 44, 64, 23, 43, 15, 14, 53, 33, 42, 3, 45, 85, 65, 8, 5, 81, 61, 0]

Caso de teste: SLAPRP_Guo_small_O200_alpha0.2_v2.txt

Distancia Total: 1554.0
Quantidade de Pickers: 15
