Rota do Picker 1: [0, 1, 0]
Rota do Picker 2: [0, 32, 23, 64, 44, 4, 3, 41, 1, 21, 92, 73, 54, 74, 35, 15, 18, 45, 5, 62, 42, 0]
Rota do Picker 3: [0, 32, 36, 56, 43, 45, 25, 3, 21, 41, 23, 18, 74, 94, 92, 65, 5, 42, 62, 82, 17, 35, 8, 81, 61, 1, 15, 31, 0]
Rota do Picker 4: [0, 1, 21, 41, 4, 24, 32, 36, 56, 37, 17, 42, 62, 82, 5, 35, 16, 94, 34, 3, 7, 63, 43, 61, 0]
Rota do Picker 5: [0, 1, 41, 61, 81, 16, 54, 74, 36, 18, 14, 32, 21, 25, 45, 65, 26, 7, 5, 56, 17, 23, 43, 3, 0]
Rota do Picker 6: [0, 1, 22, 42, 82, 62, 21, 41, 61, 81, 32, 72, 84, 64, 44, 4, 5, 25, 3, 23, 91, 17, 18, 37, 0]
Rota do Picker 7: [0, 92, 36, 94, 74, 7, 6, 26, 4, 3, 23, 43, 63, 35, 75, 17, 56, 32, 62, 42, 41, 21, 1, 25, 0]
Rota do Picker 8: [0, 1, 21, 81, 61, 3, 4, 6, 5, 23, 82, 62, 42, 41, 94, 73, 33, 93, 74, 14, 75, 55, 35, 17, 13, 0]
Rota do Picker 9: [0, 12, 32, 52, 37, 18, 75, 54, 74, 36, 16, 8, 7, 6, 4, 44, 15, 3, 43, 25, 5, 61, 41, 21, 1, 0]
Rota do Picker 10: [0, 12, 32, 14, 74, 13, 33, 16, 36, 15, 55, 35, 6, 26, 82, 42, 22, 84, 23, 7, 64, 3, 45, 25, 1, 81, 61, 41, 21, 0]
Rota do Picker 11: [0, 1, 41, 71, 91, 56, 54, 34, 63, 43, 24, 64, 45, 3, 92, 32, 6, 26, 62, 42, 61, 21, 0]
Rota do Picker 12: [0, 1, 21, 4, 24, 42, 62, 22, 65, 5, 8, 26, 43, 63, 23, 3, 41, 61, 81, 56, 36, 54, 12, 32, 71, 51, 0]

Caso de teste: SLAPRP_Guo_small_O200_alpha0.3_v5.txt

Distancia Total: 1364.0
Quantidade de Pickers: 12
