Rota do Picker 1: [0, 3, 2, 8, 9, 69, 89, 50, 7, 27, 45, 76, 96, 60, 36, 17, 1, 12, 55, 37, 57, 52, 30, 10, 46, 23, 21, 13, 0]
Rota do Picker 2: [0, 26, 46, 8, 9, 3, 55, 13, 12, 77, 36, 50, 30, 1, 41, 7, 27, 47, 17, 20, 60, 37, 10, 28, 45, 21, 0]
Rota do Picker 3: [0, 45, 26, 46, 7, 10, 30, 9, 47, 27, 3, 2, 22, 42, 97, 37, 17, 89, 69, 8, 1, 61, 41, 11, 74, 94, 0]
Rota do Picker 4: [0, 26, 47, 27, 61, 36, 17, 57, 37, 20, 60, 96, 4, 42, 22, 52, 13, 7, 28, 8, 9, 30, 50, 10, 46, 3, 1, 21, 41, 23, 45, 55, 0]
Rota do Picker 5: [0, 20, 40, 60, 21, 2, 45, 8, 28, 9, 37, 55, 46, 26, 7, 23, 3, 1, 0]
Rota do Picker 6: [0, 17, 57, 20, 40, 27, 7, 30, 21, 1, 4, 46, 26, 9, 10, 83, 23, 3, 13, 12, 74, 97, 36, 55, 45, 22, 2, 0]

Caso de teste: SLAPRP_Guo_small_O100_alpha0.3_v4.txt

Distancia Total: 982.0
Quantidade de Pickers: 6
