Rota do Picker 1: [0, 1, 2, 65, 26, 67, 64, 30, 70, 45, 27, 22, 21, 47, 8, 76, 87, 46, 50, 10, 9, 7, 20, 0]
Rota do Picker 2: [0, 1, 2, 64, 27, 10, 37, 20, 45, 9, 8, 46, 26, 67, 47, 21, 70, 65, 96, 87, 50, 30, 7, 36, 89, 0]
Rota do Picker 3: [0, 50, 30, 26, 1, 67, 47, 65, 37, 36, 70, 96, 64, 2, 27, 87, 9, 57, 20, 45, 46, 8, 7, 21, 0]
Rota do Picker 4: [0, 30, 67, 26, 2, 7, 9, 70, 27, 50, 87, 46, 10, 8, 45, 0]
Rota do Picker 5: [0, 76, 27, 26, 20, 37, 83, 45, 46, 9, 7, 64, 36, 87, 2, 0]
Rota do Picker 6: [0, 12, 74, 57, 7, 77, 60, 18, 55, 75, 93, 0]
Rota do Picker 7: [0, 47, 9, 26, 70, 87, 27, 8, 45, 10, 50, 67, 89, 46, 30, 7, 0]

Caso de teste: SLAPRP_Guo_small_O100_alpha0.4_v8.txt

Distancia Total: 1192.0
Quantidade de Pickers: 7
