Rota do Picker 1: [0, 7, 27, 26, 46, 10, 50, 96, 2, 45, 67, 47, 21, 84, 64, 87, 65, 83, 30, 69, 9, 8, 1, 0]
Rota do Picker 2: [0, 60, 26, 67, 9, 37, 1, 17, 69, 64, 65, 46, 2, 84, 21, 87, 30, 45, 96, 19, 8, 47, 27, 7, 50, 20, 0]
Rota do Picker 3: [0, 69, 21, 47, 27, 50, 89, 84, 64, 1, 30, 46, 87, 67, 26, 10, 83, 45, 9, 8, 7, 0]
Rota do Picker 4: [0, 67, 87, 26, 46, 30, 69, 10, 3, 45, 50, 9, 8, 47, 27, 7, 2, 0]
Rota do Picker 5: [0, 7, 55, 12, 60, 20, 50, 47, 83, 3, 37, 2, 77, 76, 40, 98, 18, 64, 38, 93, 94, 74, 75, 11, 19, 17, 27, 26, 0]
Rota do Picker 6: [0, 8, 10, 84, 37, 20, 57, 7, 9, 17, 30, 3, 2, 26, 46, 19, 38, 45, 96, 87, 47, 64, 1, 60, 50, 27, 83, 21, 0]
Rota do Picker 7: [0, 7, 27, 9, 69, 46, 45, 17, 26, 8, 89, 47, 37, 10, 87, 2, 38, 30, 84, 64, 65, 1, 21, 3, 20, 0]

Caso de teste: SLAPRP_Guo_small_O100_alpha0.2_v3.txt

Distancia Total: 1576.0
Quantidade de Pickers: 7
