Rota do Picker 1: [0, 1, 21, 6, 64, 35, 3, 4, 46, 62, 14, 61, 83, 26, 24, 81, 41, 63, 44, 84, 37, 7, 23, 5, 25, 0]
Rota do Picker 2: [0, 21, 41, 61, 3, 43, 62, 36, 5, 45, 35, 46, 26, 23, 81, 25, 17, 37, 84, 55, 83, 1, 63, 14, 4, 24, 16, 0]
Rota do Picker 3: [0, 56, 4, 81, 23, 15, 36, 16, 14, 62, 18, 21, 41, 3, 63, 35, 54, 1, 61, 24, 74, 0]
Rota do Picker 4: [0, 1, 41, 4, 44, 62, 14, 74, 17, 35, 61, 21, 94, 16, 56, 45, 54, 25, 36, 75, 55, 84, 3, 23, 63, 65, 37, 5, 0]
Rota do Picker 5: [0, 55, 36, 17, 84, 4, 18, 35, 14, 44, 43, 61, 21, 1, 41, 3, 62, 74, 54, 56, 37, 34, 23, 81, 11, 16, 0]
Rota do Picker 6: [0, 56, 35, 43, 23, 3, 21, 41, 5, 17, 61, 62, 54, 14, 24, 4, 1, 74, 75, 64, 44, 63, 46, 18, 0]
Rota do Picker 7: [0, 1, 5, 62, 41, 7, 23, 3, 63, 64, 25, 65, 21, 46, 26, 44, 17, 43, 6, 24, 4, 61, 45, 0]
Rota do Picker 8: [0, 36, 84, 46, 23, 61, 1, 75, 42, 5, 63, 43, 3, 21, 81, 45, 24, 4, 64, 7, 35, 26, 83, 14, 25, 41, 51, 62, 0]
Rota do Picker 9: [0, 1, 3, 14, 24, 23, 41, 94, 26, 55, 54, 62, 64, 5, 75, 63, 61, 21, 43, 83, 16, 35, 0]
Rota do Picker 10: [0, 4, 24, 26, 16, 35, 3, 62, 54, 14, 42, 2, 61, 41, 21, 1, 83, 23, 13, 43, 55, 7, 37, 6, 65, 18, 81, 75, 0]
Rota do Picker 11: [0, 54, 1, 37, 24, 4, 35, 44, 46, 5, 6, 7, 65, 55, 75, 83, 43, 21, 61, 62, 81, 3, 23, 63, 14, 41, 0]
Rota do Picker 12: [0, 36, 14, 45, 43, 23, 3, 81, 53, 4, 41, 21, 6, 17, 1, 61, 83, 84, 94, 62, 24, 55, 63, 0]
Rota do Picker 13: [0, 1, 41, 61, 3, 23, 62, 14, 36, 44, 21, 54, 63, 7, 64, 52, 25, 43, 4, 82, 46, 83, 16, 6, 65, 18, 45, 5, 37, 0]

Caso de teste: SLAPRP_Guo_small_O200_alpha0.4_v7.txt

Distancia Total: 2716.0
Quantidade de Pickers: 13
