Rota do Picker 1: [0, 21, 7, 9, 10, 46, 48, 27, 8, 50, 70, 69, 89, 64, 26, 30, 45, 87, 0]
Rota do Picker 2: [0, 80, 48, 45, 32, 77, 97, 76, 17, 13, 74, 94, 60, 12, 59, 20, 40, 75, 1, 70, 21, 19, 37, 2, 9, 7, 93, 98, 39, 18, 55, 11, 0]
Rota do Picker 3: [0, 45, 8, 9, 30, 17, 40, 80, 37, 64, 83, 10, 60, 46, 7, 70, 19, 97, 96, 20, 27, 48, 26, 1, 0]
Rota do Picker 4: [0, 1, 26, 46, 8, 45, 37, 27, 87, 97, 70, 21, 17, 30, 7, 96, 89, 20, 40, 10, 19, 48, 9, 22, 64, 65, 60, 0]
Rota do Picker 5: [0, 41, 26, 9, 60, 10, 87, 8, 30, 37, 1, 64, 21, 2, 7, 48, 65, 97, 70, 50, 45, 27, 46, 96, 0]
Rota do Picker 6: [0, 8, 27, 60, 22, 7, 9, 46, 83, 87, 45, 10, 26, 1, 48, 30, 70, 89, 0]

Caso de teste: SLAPRP_Guo_small_O100_alpha0.4_v1.txt

Distancia Total: 1482.0
Quantidade de Pickers: 6
