Rota do Picker 1: [0, 1, 21, 61, 3, 23, 43, 63, 24, 26, 6, 46, 25, 45, 65, 64, 44, 41, 0]
Rota do Picker 2: [0, 1, 43, 7, 46, 74, 56, 62, 82, 44, 24, 4, 65, 23, 26, 63, 3, 81, 61, 41, 21, 0]
Rota do Picker 3: [0, 1, 3, 23, 43, 24, 6, 7, 25, 62, 82, 45, 46, 27, 4, 81, 61, 41, 21, 0]
Rota do Picker 4: [0, 1, 21, 41, 61, 81, 4, 24, 3, 23, 62, 22, 45, 26, 6, 44, 25, 7, 27, 64, 83, 43, 0]
Rota do Picker 5: [0, 1, 41, 61, 3, 23, 43, 64, 44, 24, 22, 21, 25, 7, 8, 6, 83, 63, 4, 62, 82, 0]
Rota do Picker 6: [0, 21, 6, 26, 7, 63, 3, 23, 24, 64, 44, 84, 27, 8, 4, 22, 81, 61, 41, 1, 0]
Rota do Picker 7: [0, 44, 24, 61, 41, 21, 1, 81, 4, 26, 45, 43, 83, 82, 62, 25, 65, 64, 23, 3, 27, 6, 46, 7, 74, 0]
Rota do Picker 8: [0, 1, 61, 24, 44, 4, 22, 82, 62, 83, 63, 6, 65, 25, 23, 3, 41, 21, 0]
Rota do Picker 9: [0, 1, 21, 41, 61, 3, 24, 4, 25, 45, 43, 63, 23, 44, 84, 8, 7, 26, 6, 27, 0]
Rota do Picker 10: [0, 62, 1, 21, 4, 24, 7, 8, 43, 83, 25, 84, 22, 82, 45, 26, 23, 3, 81, 41, 61, 0]
Rota do Picker 11: [0, 1, 43, 62, 21, 41, 61, 81, 25, 23, 3, 63, 24, 44, 4, 82, 22, 5, 56, 34, 32, 0]
Rota do Picker 12: [0, 22, 56, 82, 83, 43, 4, 64, 46, 6, 26, 27, 8, 65, 45, 25, 24, 23, 63, 3, 81, 61, 41, 21, 1, 0]
Rota do Picker 13: [0, 93, 13, 21, 1, 6, 46, 25, 45, 4, 44, 64, 41, 61, 81, 83, 24, 3, 0]

Caso de teste: SLAPRP_Guo_small_O200_alpha0.2_v3.txt

Distancia Total: 1212.0
Quantidade de Pickers: 13
