Rota do Picker 1: [0, 1, 21, 4, 5, 6, 7, 8, 46, 24, 45, 25, 62, 82, 42, 65, 83, 63, 41, 61, 81, 26, 16, 15, 84, 64, 44, 43, 23, 3, 0]
Rota do Picker 2: [0, 1, 21, 41, 61, 3, 26, 8, 44, 63, 23, 62, 82, 4, 24, 5, 45, 42, 22, 36, 56, 16, 0]
Rota do Picker 3: [0, 1, 22, 63, 83, 8, 46, 42, 4, 44, 45, 5, 6, 24, 64, 23, 3, 43, 41, 21, 81, 61, 27, 25, 65, 33, 93, 74, 0]
Rota do Picker 4: [0, 1, 21, 41, 61, 3, 23, 62, 22, 25, 45, 7, 27, 43, 65, 5, 8, 26, 6, 4, 24, 42, 2, 0]
Rota do Picker 5: [0, 25, 63, 83, 43, 23, 3, 61, 24, 46, 6, 45, 65, 62, 82, 7, 26, 5, 4, 64, 44, 27, 42, 22, 41, 21, 1, 0]
Rota do Picker 6: [0, 1, 21, 41, 61, 24, 44, 51, 33, 4, 46, 7, 26, 6, 83, 82, 62, 22, 2, 43, 63, 65, 72, 92, 3, 81, 15, 56, 93, 0]
Rota do Picker 7: [0, 1, 41, 61, 81, 21, 3, 23, 43, 5, 6, 24, 64, 63, 83, 4, 45, 26, 62, 42, 0]
Rota do Picker 8: [0, 1, 41, 61, 4, 24, 83, 3, 23, 43, 52, 16, 56, 35, 32, 14, 75, 26, 8, 45, 5, 22, 42, 82, 6, 7, 25, 21, 0]
Rota do Picker 9: [0, 1, 81, 61, 63, 22, 42, 82, 2, 7, 27, 44, 24, 4, 26, 5, 43, 23, 3, 41, 21, 0]
Rota do Picker 10: [0, 21, 81, 41, 61, 15, 36, 56, 16, 22, 2, 3, 23, 46, 26, 24, 82, 62, 42, 63, 43, 25, 5, 4, 1, 0]
Rota do Picker 11: [0, 1, 81, 44, 3, 61, 41, 21, 11, 4, 6, 27, 24, 22, 42, 62, 25, 5, 63, 43, 23, 14, 37, 17, 16, 73, 35, 15, 0]
Rota do Picker 12: [0, 1, 71, 91, 15, 37, 92, 56, 36, 16, 74, 54, 34, 22, 82, 25, 4, 44, 24, 5, 83, 3, 23, 43, 63, 42, 62, 61, 41, 21, 0]

Caso de teste: SLAPRP_Guo_small_O200_alpha0.2_v10.txt

Distancia Total: 1412.0
Quantidade de Pickers: 12
