Rota do Picker 1: [0, 1, 0]
Rota do Picker 2: [0, 1, 0]
Rota do Picker 3: [0, 21, 61, 81, 1, 41, 4, 24, 44, 5, 7, 43, 42, 65, 45, 23, 83, 62, 82, 75, 17, 74, 73, 0]
Rota do Picker 4: [0, 1, 61, 4, 24, 44, 6, 5, 45, 42, 62, 22, 64, 8, 27, 32, 72, 92, 15, 54, 46, 26, 25, 83, 63, 23, 43, 21, 41, 18, 0]
Rota do Picker 5: [0, 17, 61, 41, 21, 1, 4, 24, 6, 45, 43, 3, 23, 5, 25, 33, 63, 81, 42, 14, 36, 16, 82, 62, 22, 0]
Rota do Picker 6: [0, 1, 6, 22, 2, 25, 45, 5, 13, 73, 33, 44, 24, 63, 83, 82, 42, 62, 23, 3, 64, 4, 61, 41, 21, 52, 92, 17, 15, 0]
Rota do Picker 7: [0, 1, 41, 31, 51, 12, 32, 15, 35, 16, 53, 54, 74, 36, 24, 44, 25, 7, 6, 8, 81, 61, 21, 4, 3, 23, 63, 43, 22, 0]
Rota do Picker 8: [0, 1, 21, 41, 5, 43, 23, 27, 7, 6, 46, 82, 62, 42, 64, 24, 4, 0]

Caso de teste: SLAPRP_Guo_small_O100_alpha0.2_v6.txt

Distancia Total: 742.0
Quantidade de Pickers: 8
