Rota do Picker 1: [0, 1, 0]
Rota do Picker 2: [0, 1, 21, 41, 61, 51, 0]
Rota do Picker 3: [0, 1, 21, 61, 41, 3, 23, 43, 63, 7, 5, 25, 22, 93, 12, 32, 55, 74, 83, 46, 6, 64, 24, 44, 4, 42, 53, 73, 33, 17, 0]
Rota do Picker 4: [0, 1, 21, 54, 25, 4, 23, 3, 7, 8, 44, 24, 22, 42, 43, 83, 5, 45, 6, 41, 61, 81, 16, 36, 0]
Rota do Picker 5: [0, 3, 1, 41, 42, 4, 44, 6, 26, 27, 43, 23, 83, 16, 92, 72, 8, 64, 24, 81, 61, 21, 45, 5, 82, 35, 54, 0]
Rota do Picker 6: [0, 56, 37, 11, 62, 23, 3, 61, 81, 41, 21, 1, 4, 65, 43, 2, 0]

Caso de teste: SLAPRP_Guo_small_O50_alpha0.3_v6.txt

Distancia Total: 526.0
Quantidade de Pickers: 6
