Rota do Picker 1: [0, 97, 37, 8, 41, 21, 65, 28, 59, 36, 12, 30, 76, 57, 77, 11, 60, 39, 74, 94, 2, 40, 22, 7, 3, 51, 96, 10, 46, 20, 18, 55, 0]
Rota do Picker 2: [0, 8, 9, 46, 27, 96, 20, 21, 7, 26, 3, 50, 68, 22, 1, 69, 51, 67, 47, 31, 45, 48, 10, 2, 0]
Rota do Picker 3: [0, 21, 41, 26, 46, 8, 20, 97, 37, 48, 96, 28, 65, 87, 3, 7, 2, 9, 68, 50, 30, 22, 67, 10, 55, 40, 45, 47, 27, 1, 0]
Rota do Picker 4: [0, 8, 28, 26, 20, 40, 50, 18, 3, 21, 67, 87, 60, 45, 55, 11, 30, 96, 46, 9, 10, 36, 37, 0]
Rota do Picker 5: [0, 2, 87, 26, 48, 27, 46, 1, 30, 65, 67, 47, 96, 45, 50, 89, 69, 9, 8, 7, 21, 0]
Rota do Picker 6: [0, 8, 46, 47, 36, 2, 26, 48, 30, 65, 20, 40, 50, 87, 41, 21, 96, 67, 45, 9, 28, 89, 69, 27, 7, 22, 1, 3, 0]
Rota do Picker 7: [0, 26, 87, 46, 50, 89, 28, 47, 2, 45, 30, 10, 8, 65, 9, 68, 48, 67, 27, 7, 0]
Rota do Picker 8: [0, 11, 57, 77, 46, 47, 74, 94, 18, 7, 65, 0]
Rota do Picker 9: [0, 36, 9, 27, 21, 40, 45, 10, 48, 28, 46, 26, 51, 1, 7, 65, 69, 89, 20, 3, 50, 96, 87, 67, 8, 2, 30, 47, 0]
Rota do Picker 10: [0, 27, 8, 46, 48, 28, 26, 1, 9, 69, 89, 30, 65, 67, 68, 2, 10, 50, 45, 47, 7, 0]
Rota do Picker 11: [0, 50, 46, 26, 45, 89, 69, 9, 68, 48, 8, 7, 28, 30, 27, 10, 47, 0]
Rota do Picker 12: [0, 27, 67, 2, 28, 10, 45, 50, 26, 87, 65, 48, 9, 46, 8, 7, 69, 3, 1, 89, 0]
Rota do Picker 13: [0, 68, 3, 87, 27, 28, 50, 7, 47, 10, 30, 46, 9, 67, 45, 8, 69, 89, 48, 0]

Caso de teste: SLAPRP_Guo_small_O200_alpha0.3_v4.txt

Distancia Total: 2602.0
Quantidade de Pickers: 13
