Rota do Picker 1: [0, 26, 46, 27, 67, 45, 65, 50, 8, 2, 1, 7, 9, 10, 69, 87, 30, 47, 64, 0]
Rota do Picker 2: [0, 1, 7, 27, 87, 45, 76, 64, 22, 8, 9, 69, 46, 37, 40, 41, 50, 2, 65, 10, 26, 21, 30, 36, 89, 0]
Rota do Picker 3: [0, 30, 26, 10, 8, 50, 45, 64, 67, 46, 69, 9, 87, 47, 27, 7, 0]
Rota do Picker 4: [0, 22, 11, 74, 98, 93, 57, 60, 59, 18, 55, 51, 50, 7, 39, 76, 75, 12, 32, 1, 26, 46, 27, 40, 41, 9, 37, 21, 2, 3, 8, 83, 10, 64, 87, 36, 0]
Rota do Picker 5: [0, 40, 3, 83, 32, 22, 64, 1, 69, 37, 47, 45, 41, 36, 50, 67, 8, 46, 26, 76, 30, 9, 87, 27, 7, 21, 65, 0]
Rota do Picker 6: [0, 47, 30, 67, 26, 45, 46, 69, 9, 8, 87, 27, 7, 10, 50, 1, 48, 0]

Caso de teste: SLAPRP_Guo_small_O100_alpha0.2_v7.txt

Distancia Total: 1248.0
Quantidade de Pickers: 6
