Rota do Picker 1: [0, 82, 24, 94, 74, 34, 18, 16, 33, 13, 1, 21, 41, 61, 14, 54, 56, 96, 3, 63, 23, 6, 75, 35, 15, 71, 0]
Rota do Picker 2: [0, 82, 25, 31, 95, 75, 15, 71, 61, 41, 44, 5, 62, 42, 21, 1, 3, 23, 4, 24, 35, 19, 20, 72, 52, 12, 54, 94, 14, 34, 16, 0]
Rota do Picker 3: [0, 1, 21, 17, 18, 91, 71, 12, 32, 34, 75, 15, 37, 5, 2, 41, 39, 53, 33, 13, 74, 54, 61, 6, 55, 35, 16, 36, 56, 0]
Rota do Picker 4: [0, 1, 61, 21, 41, 3, 63, 83, 4, 37, 17, 53, 93, 73, 33, 54, 22, 32, 52, 12, 16, 34, 14, 13, 62, 42, 0]
Rota do Picker 5: [0, 1, 32, 35, 55, 15, 57, 17, 74, 54, 34, 14, 41, 21, 82, 62, 42, 22, 3, 43, 94, 93, 73, 38, 71, 51, 0]
Rota do Picker 6: [0, 1, 3, 23, 5, 52, 54, 74, 14, 13, 33, 38, 18, 44, 95, 55, 35, 15, 16, 76, 25, 6, 21, 41, 61, 81, 34, 12, 24, 4, 0]

Caso de teste: SLAPRP_Guo_small_O100_alpha0.2_v6.txt

Distancia Total: 868.0
Quantidade de Pickers: 6
