Rota do Picker 1: [0, 17, 63, 1, 61, 3, 5, 13, 15, 55, 21, 41, 81, 74, 54, 94, 43, 18, 37, 26, 83, 35, 0]
Rota do Picker 2: [0, 81, 15, 45, 25, 13, 63, 11, 3, 61, 41, 21, 1, 7, 44, 24, 94, 6, 26, 62, 43, 5, 0]
Rota do Picker 3: [0, 15, 63, 44, 24, 5, 41, 3, 43, 13, 6, 2, 61, 21, 1, 45, 83, 7, 46, 8, 4, 64, 0]
Rota do Picker 4: [0, 95, 35, 46, 21, 93, 13, 3, 61, 41, 1, 63, 15, 5, 73, 0]
Rota do Picker 5: [0, 21, 15, 81, 61, 41, 1, 3, 13, 73, 5, 75, 0]
Rota do Picker 6: [0, 17, 27, 8, 5, 81, 75, 24, 6, 73, 93, 1, 21, 61, 3, 43, 13, 15, 41, 63, 54, 35, 55, 0]
Rota do Picker 7: [0, 35, 34, 14, 54, 36, 94, 75, 93, 6, 37, 55, 41, 95, 26, 17, 15, 73, 13, 81, 61, 21, 18, 3, 1, 0]

Caso de teste: SLAPRP_Guo_small_O100_alpha0.4_v6.txt

Distancia Total: 1062.0
Quantidade de Pickers: 7
