Rota do Picker 1: [0, 1, 3, 23, 14, 54, 52, 0]
Rota do Picker 2: [0, 55, 45, 63, 43, 42, 22, 21, 1, 24, 27, 6, 26, 23, 41, 61, 62, 82, 8, 25, 5, 46, 7, 4, 3, 0]
Rota do Picker 3: [0, 22, 62, 82, 5, 8, 65, 3, 4, 24, 64, 7, 25, 81, 61, 41, 42, 26, 6, 63, 43, 23, 21, 1, 0]
Rota do Picker 4: [0, 1, 5, 25, 42, 22, 41, 21, 4, 43, 83, 63, 23, 3, 45, 65, 46, 6, 8, 82, 24, 44, 64, 53, 93, 0]
Rota do Picker 5: [0, 42, 45, 25, 24, 41, 1, 4, 44, 63, 83, 23, 3, 43, 5, 26, 7, 8, 6, 61, 81, 21, 12, 13, 53, 36, 0]
Rota do Picker 6: [0, 1, 3, 23, 43, 5, 25, 27, 7, 65, 45, 26, 56, 35, 55, 14, 81, 61, 21, 41, 22, 42, 62, 24, 4, 0]
Rota do Picker 7: [0, 1, 21, 61, 22, 62, 72, 92, 17, 42, 44, 4, 23, 43, 3, 41, 12, 15, 18, 82, 5, 53, 54, 74, 34, 91, 71, 51, 0]

Caso de teste: SLAPRP_Guo_small_O100_alpha0.3_v10.txt

Distancia Total: 746.0
Quantidade de Pickers: 7
