Rota do Picker 1: [0, 1, 21, 3, 14, 17, 36, 92, 52, 18, 56, 16, 53, 74, 34, 41, 81, 5, 62, 13, 33, 83, 0]
Rota do Picker 2: [0, 42, 41, 81, 71, 36, 96, 56, 16, 53, 33, 13, 25, 3, 21, 1, 0]
Rota do Picker 3: [0, 1, 4, 24, 83, 63, 17, 75, 91, 71, 81, 21, 41, 33, 16, 96, 76, 56, 36, 18, 13, 3, 61, 0]
Rota do Picker 4: [0, 21, 43, 6, 5, 25, 13, 53, 33, 93, 16, 56, 36, 76, 18, 17, 3, 61, 41, 81, 1, 42, 0]
Rota do Picker 5: [0, 1, 3, 23, 71, 81, 21, 41, 61, 34, 15, 35, 17, 19, 57, 5, 4, 44, 56, 36, 16, 14, 53, 33, 13, 0]
Rota do Picker 6: [0, 1, 21, 31, 51, 17, 44, 4, 25, 13, 57, 19, 34, 14, 63, 42, 41, 61, 23, 5, 16, 53, 33, 43, 3, 81, 20, 38, 18, 74, 0]
Rota do Picker 7: [0, 1, 21, 61, 3, 44, 13, 53, 33, 76, 19, 18, 38, 74, 34, 14, 63, 43, 4, 71, 17, 56, 36, 16, 41, 0]
Rota do Picker 8: [0, 21, 1, 3, 5, 13, 33, 16, 17, 38, 75, 57, 41, 4, 53, 93, 77, 37, 42, 82, 0]
Rota do Picker 9: [0, 21, 41, 1, 62, 13, 14, 75, 33, 0]
Rota do Picker 10: [0, 1, 21, 41, 61, 5, 13, 53, 16, 76, 57, 34, 14, 3, 44, 62, 82, 37, 17, 71, 81, 0]
Rota do Picker 11: [0, 1, 21, 22, 62, 17, 38, 57, 37, 41, 61, 33, 82, 63, 43, 3, 6, 25, 13, 93, 53, 74, 34, 14, 44, 4, 0]
Rota do Picker 12: [0, 1, 21, 41, 3, 63, 38, 18, 19, 17, 77, 16, 53, 33, 13, 81, 61, 0]

Caso de teste: SLAPRP_Guo_small_O200_alpha0.2_v6.txt

Distancia Total: 1378.0
Quantidade de Pickers: 12
