Rota do Picker 1: [0, 76, 71, 51, 57, 61, 2, 41, 1, 60, 31, 42, 23, 22, 11, 32, 52, 72, 36, 94, 40, 26, 10, 20, 33, 24, 77, 34, 13, 21, 0]
Rota do Picker 2: [0, 31, 23, 41, 21, 20, 8, 84, 4, 22, 2, 42, 62, 5, 11, 1, 45, 57, 13, 47, 26, 24, 33, 0]
Rota do Picker 3: [0, 42, 22, 40, 30, 67, 1, 41, 26, 45, 21, 23, 43, 61, 8, 31, 62, 47, 3, 4, 5, 24, 13, 20, 2, 0]
Rota do Picker 4: [0, 21, 22, 8, 10, 40, 61, 26, 45, 47, 62, 14, 43, 1, 9, 71, 2, 4, 20, 67, 24, 42, 60, 31, 23, 41, 0]
Rota do Picker 5: [0, 26, 24, 14, 32, 71, 11, 61, 21, 23, 43, 45, 62, 20, 60, 3, 22, 31, 94, 77, 1, 41, 2, 42, 4, 84, 10, 57, 40, 33, 0]
Rota do Picker 6: [0, 22, 42, 23, 26, 31, 20, 33, 43, 3, 62, 13, 8, 57, 10, 84, 2, 1, 14, 21, 61, 4, 24, 30, 5, 45, 60, 40, 41, 9, 0]
Rota do Picker 7: [0, 1, 21, 22, 42, 31, 94, 77, 26, 62, 23, 13, 40, 0]
Rota do Picker 8: [0, 21, 2, 22, 4, 84, 26, 8, 31, 30, 42, 67, 24, 41, 47, 62, 61, 23, 1, 45, 10, 9, 43, 0]
Rota do Picker 9: [0, 57, 47, 24, 62, 30, 23, 43, 1, 9, 10, 2, 21, 8, 26, 45, 5, 4, 42, 22, 0]
Rota do Picker 10: [0, 61, 10, 31, 30, 62, 1, 24, 3, 21, 2, 22, 42, 4, 84, 26, 8, 23, 45, 41, 9, 33, 0]
Rota do Picker 11: [0, 20, 22, 43, 3, 60, 40, 8, 45, 2, 31, 14, 1, 42, 23, 77, 24, 84, 72, 94, 32, 26, 57, 52, 33, 11, 21, 0]
Rota do Picker 12: [0, 76, 9, 41, 5, 2, 47, 43, 67, 23, 10, 8, 45, 42, 22, 24, 30, 26, 84, 4, 21, 1, 0]
Rota do Picker 13: [0, 40, 67, 10, 45, 22, 26, 43, 23, 61, 21, 62, 24, 3, 1, 4, 42, 5, 41, 2, 84, 8, 9, 31, 0]

Caso de teste: SLAPRP_Guo_small_O200_alpha0.3_v10.txt

Distancia Total: 2606.0
Quantidade de Pickers: 13
