Rota do Picker 1: [0, 2, 64, 84, 7, 30, 50, 45, 18, 19, 37, 17, 9, 47, 27, 28, 8, 46, 26, 3, 60, 20, 38, 21, 1, 0]
Rota do Picker 2: [0, 21, 7, 26, 46, 27, 45, 19, 60, 20, 38, 18, 30, 50, 67, 87, 8, 47, 9, 17, 0]
Rota do Picker 3: [0, 21, 8, 28, 18, 36, 76, 69, 65, 64, 26, 46, 9, 50, 30, 87, 47, 2, 1, 40, 20, 37, 7, 10, 27, 67, 45, 11, 0]
Rota do Picker 4: [0, 1, 7, 27, 26, 46, 45, 18, 40, 36, 12, 20, 76, 87, 9, 50, 30, 8, 64, 47, 69, 28, 10, 21, 0]
Rota do Picker 5: [0, 40, 89, 50, 10, 46, 26, 7, 47, 8, 28, 9, 30, 27, 45, 65, 84, 64, 18, 60, 0]
Rota do Picker 6: [0, 2, 7, 27, 47, 8, 28, 50, 10, 9, 3, 0]
Rota do Picker 7: [0, 28, 11, 31, 55, 75, 19, 27, 47, 87, 67, 69, 89, 9, 8, 7, 45, 1, 2, 76, 96, 12, 57, 37, 60, 65, 46, 26, 21, 83, 3, 0]

Caso de teste: SLAPRP_Guo_small_O100_alpha0.2_v3.txt

Distancia Total: 1048.0
Quantidade de Pickers: 7
