Rota do Picker 1: [0, 1, 21, 41, 61, 13, 33, 43, 56, 84, 35, 62, 4, 6, 16, 0]
Rota do Picker 2: [0, 21, 4, 6, 13, 18, 35, 26, 1, 61, 43, 14, 94, 41, 15, 0]
Rota do Picker 3: [0, 17, 45, 26, 6, 1, 21, 41, 61, 3, 5, 22, 62, 64, 4, 44, 7, 15, 14, 8, 13, 81, 24, 25, 63, 0]
Rota do Picker 4: [0, 36, 43, 15, 13, 41, 21, 14, 1, 46, 35, 17, 61, 74, 16, 55, 62, 54, 94, 75, 33, 37, 0]
Rota do Picker 5: [0, 1, 41, 4, 13, 14, 35, 15, 64, 61, 55, 62, 81, 21, 0]
Rota do Picker 6: [0, 46, 6, 74, 93, 13, 1, 55, 25, 61, 21, 4, 24, 62, 7, 14, 94, 54, 45, 5, 16, 41, 35, 64, 15, 33, 44, 43, 0]
Rota do Picker 7: [0, 21, 4, 62, 16, 1, 61, 81, 13, 14, 5, 64, 26, 43, 31, 42, 82, 84, 44, 6, 18, 41, 24, 7, 15, 0]
Rota do Picker 8: [0, 4, 63, 36, 93, 54, 37, 5, 75, 41, 61, 33, 94, 43, 81, 14, 15, 25, 1, 21, 13, 24, 26, 0]

Caso de teste: SLAPRP_Guo_small_O100_alpha0.3_v9.txt

Distancia Total: 1326.0
Quantidade de Pickers: 8
