Rota do Picker 1: [0, 1, 20, 31, 11, 2, 61, 21, 41, 3, 32, 12, 13, 0]
Rota do Picker 2: [0, 1, 10, 12, 52, 3, 51, 31, 11, 13, 20, 22, 41, 21, 0]
Rota do Picker 3: [0, 32, 12, 11, 51, 31, 2, 3, 1, 41, 21, 10, 22, 0]
Rota do Picker 4: [0, 10, 11, 31, 20, 13, 52, 32, 12, 1, 21, 61, 41, 3, 22, 2, 0]
Rota do Picker 5: [0, 1, 21, 31, 51, 11, 12, 13, 32, 61, 41, 2, 22, 42, 0]
Rota do Picker 6: [0, 1, 21, 41, 22, 2, 3, 11, 31, 51, 13, 20, 52, 12, 0]
Rota do Picker 7: [0, 13, 11, 31, 32, 52, 3, 22, 51, 61, 41, 21, 1, 12, 2, 10, 0]
Rota do Picker 8: [0, 1, 10, 3, 22, 2, 13, 52, 32, 21, 41, 12, 31, 11, 0]
Rota do Picker 9: [0, 11, 52, 31, 51, 2, 22, 41, 61, 3, 10, 20, 32, 12, 21, 1, 0]
Rota do Picker 10: [0, 1, 21, 41, 61, 12, 20, 51, 31, 42, 22, 3, 2, 13, 32, 11, 0]
Rota do Picker 11: [0, 1, 2, 41, 61, 21, 12, 52, 20, 11, 31, 10, 22, 0]
Rota do Picker 12: [0, 1, 21, 11, 31, 2, 3, 32, 12, 0]

Caso de teste: SLAPRP_Guo_small_O200_alpha0.2_v4.txt

Distancia Total: 782.0
Quantidade de Pickers: 12
