Rota do Picker 1: [0, 1, 21, 61, 2, 13, 51, 10, 31, 12, 22, 3, 33, 32, 11, 0]
Rota do Picker 2: [0, 21, 61, 41, 1, 11, 31, 12, 13, 2, 10, 4, 22, 0]
Rota do Picker 3: [0, 1, 10, 3, 12, 32, 21, 22, 4, 2, 41, 51, 31, 11, 0]
Rota do Picker 4: [0, 1, 11, 13, 10, 3, 4, 2, 12, 31, 41, 21, 22, 0]
Rota do Picker 5: [0, 10, 2, 22, 12, 52, 32, 21, 61, 41, 1, 11, 31, 51, 0]
Rota do Picker 6: [0, 10, 2, 1, 21, 11, 31, 12, 32, 52, 51, 0]
Rota do Picker 7: [0, 33, 32, 1, 3, 61, 21, 41, 4, 31, 11, 51, 13, 52, 12, 22, 2, 0]
Rota do Picker 8: [0, 3, 22, 2, 1, 31, 51, 12, 52, 32, 13, 33, 61, 11, 41, 21, 0]
Rota do Picker 9: [0, 3, 51, 31, 12, 32, 52, 11, 1, 21, 41, 2, 4, 10, 0]
Rota do Picker 10: [0, 33, 13, 32, 1, 21, 41, 4, 11, 31, 51, 12, 2, 22, 10, 0]
Rota do Picker 11: [0, 21, 1, 11, 31, 51, 12, 13, 2, 4, 3, 61, 41, 32, 52, 0]
Rota do Picker 12: [0, 21, 1, 41, 2, 3, 13, 52, 12, 31, 11, 0]

Caso de teste: SLAPRP_Guo_small_O200_alpha0.3_v4.txt

Distancia Total: 726.0
Quantidade de Pickers: 12
