Rota do Picker 1: [0, 2, 21, 41, 36, 76, 52, 87, 27, 26, 4, 45, 46, 68, 10, 9, 8, 7, 3, 0]
Rota do Picker 2: [0, 83, 3, 68, 7, 27, 87, 46, 45, 8, 9, 89, 50, 30, 39, 40, 20, 18, 55, 32, 36, 1, 21, 0]
Rota do Picker 3: [0, 22, 2, 7, 27, 87, 8, 26, 20, 60, 4, 1, 45, 68, 9, 10, 30, 46, 3, 0]
Rota do Picker 4: [0, 21, 22, 45, 46, 9, 10, 87, 27, 7, 41, 3, 83, 26, 8, 97, 40, 60, 98, 18, 36, 93, 13, 0]
Rota do Picker 5: [0, 7, 27, 87, 10, 46, 26, 8, 30, 50, 45, 60, 20, 76, 89, 9, 2, 0]
Rota do Picker 6: [0, 2, 22, 45, 10, 7, 27, 9, 69, 30, 68, 1, 21, 36, 76, 20, 52, 8, 46, 26, 41, 0]
Rota do Picker 7: [0, 21, 26, 27, 87, 45, 76, 20, 60, 36, 68, 8, 7, 50, 10, 30, 9, 46, 2, 41, 1, 0]
Rota do Picker 8: [0, 21, 41, 64, 27, 30, 50, 8, 36, 32, 55, 18, 19, 20, 93, 2, 1, 11, 10, 69, 87, 40, 98, 76, 52, 22, 45, 26, 46, 7, 4, 0]
Rota do Picker 9: [0, 1, 2, 8, 10, 22, 7, 30, 9, 45, 41, 21, 3, 27, 87, 26, 46, 69, 68, 4, 76, 60, 96, 74, 93, 98, 18, 36, 32, 97, 13, 11, 0]
Rota do Picker 10: [0, 21, 20, 13, 74, 93, 55, 75, 7, 1, 10, 30, 76, 39, 32, 18, 98, 40, 59, 11, 0]
Rota do Picker 11: [0, 30, 7, 27, 87, 8, 26, 46, 50, 9, 69, 45, 2, 41, 36, 20, 60, 76, 1, 0]
Rota do Picker 12: [0, 21, 76, 13, 52, 59, 20, 18, 40, 11, 2, 26, 8, 87, 7, 27, 45, 68, 3, 83, 36, 19, 41, 1, 46, 9, 10, 50, 30, 0]

Caso de teste: SLAPRP_Guo_small_O200_alpha0.2_v10.txt

Distancia Total: 1880.0
Quantidade de Pickers: 12
