Rota do Picker 1: [0, 11, 1, 3, 7, 38, 10, 50, 89, 40, 21, 69, 28, 30, 37, 18, 17, 45, 9, 47, 27, 8, 46, 26, 0]
Rota do Picker 2: [0, 1, 7, 27, 26, 46, 45, 18, 65, 84, 64, 47, 2, 3, 60, 69, 20, 50, 8, 9, 28, 37, 87, 30, 40, 19, 21, 36, 76, 0]
Rota do Picker 3: [0, 47, 7, 46, 17, 12, 37, 67, 10, 18, 30, 64, 1, 21, 8, 9, 27, 87, 50, 60, 2, 28, 26, 45, 76, 84, 40, 0]
Rota do Picker 4: [0, 7, 8, 27, 87, 21, 9, 47, 45, 50, 28, 64, 10, 46, 26, 3, 30, 67, 69, 89, 2, 0]
Rota do Picker 5: [0, 26, 38, 76, 96, 12, 21, 28, 55, 57, 37, 69, 9, 65, 45, 2, 40, 18, 46, 27, 8, 7, 50, 60, 20, 87, 47, 1, 3, 36, 0]
Rota do Picker 6: [0, 67, 47, 21, 65, 2, 64, 8, 50, 9, 87, 76, 26, 46, 28, 10, 18, 30, 45, 27, 7, 1, 0]
Rota do Picker 7: [0, 46, 19, 20, 38, 50, 75, 55, 31, 11, 76, 8, 10, 87, 40, 12, 37, 83, 3, 27, 47, 9, 17, 0]

Caso de teste: SLAPRP_Guo_small_O100_alpha0.2_v3.txt

Distancia Total: 1694.0
Quantidade de Pickers: 7
