Rota do Picker 1: [0, 12, 28, 41, 36, 10, 87, 26, 13, 45, 89, 69, 29, 50, 30, 84, 64, 32, 47, 67, 2, 3, 18, 46, 27, 9, 8, 7, 1, 21, 22, 0]
Rota do Picker 2: [0, 8, 36, 76, 41, 87, 20, 84, 28, 55, 30, 39, 37, 18, 12, 10, 9, 27, 40, 19, 45, 7, 46, 26, 21, 74, 94, 59, 98, 32, 0]
Rota do Picker 3: [0, 21, 7, 87, 55, 45, 18, 89, 1, 9, 28, 41, 10, 8, 47, 69, 30, 36, 64, 84, 13, 22, 27, 46, 26, 0]
Rota do Picker 4: [0, 13, 1, 21, 10, 50, 26, 46, 8, 9, 27, 45, 84, 87, 7, 89, 69, 47, 67, 0]
Rota do Picker 5: [0, 89, 69, 55, 22, 1, 20, 10, 13, 21, 87, 7, 46, 27, 36, 26, 8, 28, 45, 37, 97, 19, 18, 30, 9, 2, 12, 74, 94, 0]
Rota do Picker 6: [0, 41, 9, 28, 45, 7, 26, 46, 10, 89, 47, 69, 84, 29, 30, 67, 50, 87, 27, 8, 0]

Caso de teste: SLAPRP_Guo_small_O100_alpha0.3_v5.txt

Distancia Total: 1354.0
Quantidade de Pickers: 6
