Rota do Picker 1: [0, 61, 22, 62, 26, 8, 30, 45, 33, 14, 21, 4, 23, 83, 9, 10, 20, 40, 76, 32, 42, 2, 1, 13, 0]
Rota do Picker 2: [0, 2, 22, 23, 83, 8, 9, 10, 50, 24, 45, 41, 21, 32, 76, 40, 60, 42, 61, 1, 11, 0]
Rota do Picker 3: [0, 21, 22, 42, 32, 20, 40, 60, 45, 2, 23, 83, 8, 10, 30, 33, 14, 24, 9, 27, 3, 62, 1, 0]
Rota do Picker 4: [0, 41, 61, 11, 40, 60, 20, 76, 36, 13, 62, 42, 1, 21, 12, 30, 10, 45, 23, 32, 22, 2, 27, 9, 8, 0]
Rota do Picker 5: [0, 1, 21, 2, 42, 62, 23, 83, 8, 26, 68, 10, 50, 30, 9, 22, 3, 43, 41, 61, 0]
Rota do Picker 6: [0, 1, 12, 17, 36, 23, 83, 2, 22, 11, 10, 26, 27, 8, 9, 30, 21, 41, 13, 51, 61, 62, 0]
Rota do Picker 7: [0, 68, 9, 8, 3, 42, 2, 1, 21, 41, 23, 10, 30, 50, 22, 83, 45, 33, 12, 32, 17, 76, 94, 0]
Rota do Picker 8: [0, 33, 50, 9, 24, 62, 42, 22, 41, 61, 1, 21, 2, 23, 83, 8, 27, 5, 30, 4, 13, 51, 0]
Rota do Picker 9: [0, 51, 11, 12, 32, 17, 14, 23, 45, 27, 50, 30, 26, 9, 4, 42, 22, 2, 1, 21, 61, 0]
Rota do Picker 10: [0, 3, 42, 21, 61, 2, 22, 14, 94, 76, 20, 40, 17, 32, 52, 51, 45, 1, 41, 23, 83, 43, 60, 36, 33, 71, 11, 0]
Rota do Picker 11: [0, 27, 12, 9, 10, 68, 8, 26, 45, 61, 21, 1, 42, 62, 24, 4, 22, 2, 23, 0]
Rota do Picker 12: [0, 1, 22, 42, 5, 8, 9, 30, 27, 24, 4, 2, 3, 23, 41, 21, 50, 10, 0]

Caso de teste: SLAPRP_Guo_small_O200_alpha0.2_v10.txt

Distancia Total: 1510.0
Quantidade de Pickers: 12
