Rota do Picker 1: [0, 12, 36, 18, 39, 59, 93, 74, 94, 75, 60, 98, 37, 55, 13, 19, 45, 50, 9, 67, 7, 2, 30, 10, 27, 87, 46, 26, 1, 0]
Rota do Picker 2: [0, 7, 47, 67, 9, 69, 45, 84, 26, 10, 41, 1, 21, 27, 8, 46, 2, 76, 0]
Rota do Picker 3: [0, 45, 9, 8, 46, 26, 69, 47, 87, 27, 7, 10, 30, 36, 37, 20, 40, 84, 21, 0]
Rota do Picker 4: [0, 21, 7, 27, 87, 9, 84, 83, 45, 26, 67, 30, 50, 89, 3, 46, 8, 1, 0]
Rota do Picker 5: [0, 7, 45, 21, 30, 50, 27, 67, 87, 9, 10, 69, 8, 47, 46, 26, 22, 2, 83, 0]
Rota do Picker 6: [0, 41, 22, 21, 45, 9, 46, 26, 84, 1, 3, 7, 27, 8, 10, 32, 18, 40, 20, 60, 76, 36, 83, 97, 75, 55, 39, 93, 13, 0]

Caso de teste: SLAPRP_Guo_small_O100_alpha0.3_v5.txt

Distancia Total: 876.0
Quantidade de Pickers: 6
