Rota do Picker 1: [0, 2, 11, 36, 18, 20, 59, 98, 55, 37, 3, 64, 30, 48, 8, 83, 45, 9, 69, 50, 10, 46, 26, 87, 27, 7, 21, 0]
Rota do Picker 2: [0, 36, 17, 8, 48, 9, 69, 30, 10, 45, 46, 26, 87, 27, 7, 21, 1, 0]
Rota do Picker 3: [0, 2, 7, 9, 27, 45, 65, 22, 8, 10, 50, 64, 3, 46, 26, 20, 40, 39, 18, 32, 11, 77, 98, 17, 13, 94, 93, 74, 75, 55, 31, 21, 0]
Rota do Picker 4: [0, 22, 26, 46, 9, 10, 30, 69, 87, 47, 7, 27, 85, 45, 48, 8, 37, 20, 36, 1, 0]
Rota do Picker 5: [0, 36, 17, 50, 8, 2, 64, 7, 47, 87, 45, 85, 27, 10, 30, 9, 46, 26, 51, 0]
Rota do Picker 6: [0, 31, 75, 2, 7, 47, 87, 26, 46, 27, 10, 45, 65, 93, 59, 39, 18, 55, 11, 51, 98, 40, 60, 37, 94, 74, 13, 1, 0]
Rota do Picker 7: [0, 45, 8, 3, 7, 26, 37, 59, 40, 18, 55, 51, 13, 74, 85, 65, 30, 10, 83, 22, 27, 47, 1, 9, 50, 17, 36, 46, 21, 20, 11, 0]
Rota do Picker 8: [0, 36, 20, 46, 8, 47, 64, 65, 21, 19, 37, 17, 87, 27, 7, 9, 30, 10, 45, 26, 2, 1, 0]
Rota do Picker 9: [0, 8, 7, 27, 47, 87, 26, 89, 69, 48, 2, 17, 37, 19, 65, 21, 1, 45, 9, 50, 46, 36, 0]
Rota do Picker 10: [0, 2, 22, 7, 27, 87, 9, 10, 69, 89, 46, 45, 65, 48, 8, 50, 30, 20, 19, 0]
Rota do Picker 11: [0, 83, 64, 9, 89, 8, 0]
Rota do Picker 12: [0, 37, 17, 1, 2, 8, 48, 36, 3, 45, 65, 26, 46, 47, 87, 27, 7, 9, 69, 10, 0]

Caso de teste: SLAPRP_Guo_small_O200_alpha0.3_v2.txt

Distancia Total: 1726.0
Quantidade de Pickers: 12
