Rota do Picker 1: [0, 1, 0]
Rota do Picker 2: [0, 1, 0]
Rota do Picker 3: [0, 1, 0]
Rota do Picker 4: [0, 1, 0]
Rota do Picker 5: [0, 1, 0]
Rota do Picker 6: [0, 12, 3, 83, 43, 23, 22, 82, 5, 25, 6, 13, 33, 18, 15, 75, 55, 35, 37, 17, 56, 36, 52, 21, 1, 0]
Rota do Picker 7: [0, 1, 21, 3, 23, 22, 42, 62, 52, 15, 19, 17, 94, 73, 93, 76, 56, 16, 64, 44, 5, 12, 0]
Rota do Picker 8: [0, 3, 23, 12, 6, 1, 21, 41, 61, 15, 19, 56, 76, 36, 16, 4, 57, 17, 82, 22, 42, 5, 45, 14, 34, 37, 38, 52, 0]
Rota do Picker 9: [0, 17, 14, 41, 1, 21, 22, 42, 62, 82, 52, 38, 37, 56, 96, 18, 19, 55, 95, 16, 24, 63, 23, 3, 6, 0]
Rota do Picker 10: [0, 1, 42, 82, 62, 22, 24, 4, 21, 41, 32, 16, 19, 35, 14, 54, 94, 74, 34, 13, 33, 43, 63, 23, 3, 6, 25, 0]
Rota do Picker 11: [0, 1, 63, 23, 24, 22, 82, 42, 3, 43, 83, 5, 6, 44, 4, 21, 41, 61, 14, 34, 15, 31, 12, 0]
Rota do Picker 12: [0, 1, 21, 41, 51, 91, 71, 25, 5, 6, 23, 63, 43, 44, 24, 26, 3, 42, 22, 52, 12, 36, 17, 34, 14, 0]
Rota do Picker 13: [0, 13, 33, 12, 11, 0]
Rota do Picker 14: [0, 1, 81, 61, 25, 6, 35, 13, 33, 17, 37, 57, 55, 75, 21, 41, 15, 16, 12, 63, 43, 23, 3, 26, 71, 51, 0]
Rota do Picker 15: [0, 1, 2, 22, 42, 62, 21, 16, 36, 94, 74, 55, 96, 57, 17, 95, 15, 52, 12, 5, 23, 3, 0]
Rota do Picker 16: [0, 1, 61, 81, 14, 15, 76, 36, 16, 18, 13, 92, 52, 12, 51, 91, 17, 33, 53, 75, 55, 26, 5, 43, 23, 3, 21, 41, 22, 42, 0]

Caso de teste: SLAPRP_Guo_small_O200_alpha0.2_v5.txt

Distancia Total: 1188.0
Quantidade de Pickers: 16
