Rota do Picker 1: [0, 45, 8, 10, 60, 20, 37, 89, 9, 64, 84, 27, 47, 87, 69, 48, 7, 26, 46, 30, 50, 0]
Rota do Picker 2: [0, 26, 46, 9, 36, 97, 45, 87, 47, 27, 7, 30, 69, 10, 50, 8, 0]
Rota do Picker 3: [0, 26, 46, 8, 9, 45, 87, 27, 7, 89, 30, 48, 19, 20, 60, 36, 21, 0]
Rota do Picker 4: [0, 64, 48, 26, 46, 9, 50, 83, 20, 97, 8, 30, 10, 87, 47, 7, 45, 41, 21, 36, 37, 60, 27, 1, 0]
Rota do Picker 5: [0, 1, 7, 26, 45, 9, 10, 46, 69, 2, 64, 27, 87, 47, 21, 0]
Rota do Picker 6: [0, 11, 51, 59, 39, 20, 77, 17, 12, 93, 55, 97, 37, 2, 21, 1, 87, 27, 10, 9, 8, 46, 26, 7, 40, 98, 18, 76, 57, 94, 74, 13, 75, 32, 0]
Rota do Picker 7: [0, 21, 8, 27, 30, 50, 26, 41, 1, 7, 9, 69, 45, 13, 17, 57, 77, 55, 51, 0]
Rota do Picker 8: [0, 10, 7, 27, 8, 48, 9, 50, 46, 84, 64, 30, 77, 60, 98, 18, 94, 74, 11, 51, 32, 12, 13, 93, 36, 76, 59, 39, 57, 75, 55, 1, 0]
Rota do Picker 9: [0, 1, 7, 26, 46, 45, 87, 47, 27, 9, 8, 2, 83, 19, 36, 11, 0]
Rota do Picker 10: [0, 64, 45, 46, 26, 8, 27, 84, 2, 37, 20, 36, 50, 30, 69, 9, 87, 47, 7, 1, 0]
Rota do Picker 11: [0, 21, 1, 64, 84, 26, 46, 89, 48, 8, 9, 45, 19, 39, 75, 32, 17, 18, 40, 59, 36, 50, 7, 27, 47, 10, 83, 0]
Rota do Picker 12: [0, 64, 2, 84, 13, 11, 74, 94, 19, 60, 76, 45, 46, 26, 27, 47, 9, 69, 8, 48, 30, 87, 7, 21, 0]

Caso de teste: SLAPRP_Guo_small_O200_alpha0.4_v3.txt

Distancia Total: 1760.0
Quantidade de Pickers: 12
