Rota do Picker 1: [0, 1, 4, 23, 43, 63, 56, 44, 83, 25, 65, 26, 3, 64, 6, 24, 21, 41, 5, 45, 8, 7, 22, 42, 62, 0]
Rota do Picker 2: [0, 1, 21, 22, 42, 23, 43, 18, 56, 83, 61, 41, 15, 33, 0]
Rota do Picker 3: [0, 1, 21, 41, 61, 23, 43, 72, 64, 22, 62, 83, 42, 18, 7, 5, 24, 4, 81, 63, 3, 82, 92, 44, 6, 52, 33, 0]
Rota do Picker 4: [0, 22, 42, 23, 43, 56, 83, 65, 27, 62, 45, 64, 24, 1, 41, 5, 7, 82, 21, 4, 44, 8, 63, 46, 0]
Rota do Picker 5: [0, 1, 21, 22, 4, 23, 43, 26, 3, 6, 8, 7, 44, 83, 24, 42, 46, 45, 5, 41, 61, 82, 63, 0]
Rota do Picker 6: [0, 23, 43, 83, 16, 82, 8, 62, 7, 24, 41, 21, 5, 26, 64, 45, 61, 44, 22, 42, 4, 65, 6, 72, 63, 3, 1, 0]
Rota do Picker 7: [0, 91, 93, 61, 92, 13, 33, 15, 18, 56, 32, 51, 71, 16, 12, 17, 72, 52, 41, 14, 36, 37, 75, 35, 43, 23, 22, 21, 1, 81, 53, 0]
Rota do Picker 8: [0, 3, 6, 72, 45, 44, 22, 63, 82, 24, 42, 62, 5, 43, 23, 4, 41, 21, 1, 92, 0]
Rota do Picker 9: [0, 22, 42, 62, 6, 7, 24, 27, 44, 45, 46, 3, 64, 26, 83, 23, 8, 21, 63, 5, 43, 41, 25, 4, 1, 54, 0]
Rota do Picker 10: [0, 24, 1, 43, 45, 44, 64, 81, 61, 83, 26, 27, 82, 42, 7, 62, 22, 63, 5, 65, 6, 4, 41, 21, 23, 3, 0]
Rota do Picker 11: [0, 1, 4, 44, 64, 35, 55, 72, 23, 43, 5, 37, 56, 21, 61, 41, 31, 71, 81, 63, 52, 0]
Rota do Picker 12: [0, 46, 81, 43, 45, 64, 41, 61, 6, 44, 24, 5, 65, 33, 72, 1, 3, 23, 83, 4, 82, 62, 42, 22, 21, 25, 0]

Caso de teste: SLAPRP_Guo_small_O200_alpha0.4_v1.txt

Distancia Total: 1872.0
Quantidade de Pickers: 12
