Rota do Picker 1: [0, 1, 21, 5, 24, 44, 25, 8, 74, 34, 36, 56, 17, 37, 14, 15, 33, 13, 52, 92, 16, 22, 82, 83, 23, 4, 3, 43, 63, 62, 27, 7, 81, 41, 0]
Rota do Picker 2: [0, 41, 61, 24, 45, 44, 64, 7, 65, 5, 26, 82, 3, 6, 46, 25, 63, 43, 23, 4, 21, 1, 0]
Rota do Picker 3: [0, 3, 23, 8, 6, 22, 63, 83, 43, 27, 7, 64, 4, 1, 24, 44, 5, 25, 81, 61, 41, 21, 0]
Rota do Picker 4: [0, 21, 41, 1, 42, 62, 3, 6, 25, 45, 5, 46, 26, 64, 24, 4, 23, 43, 63, 53, 73, 92, 72, 52, 36, 33, 0]
Rota do Picker 5: [0, 21, 41, 61, 81, 1, 53, 32, 14, 34, 54, 55, 16, 83, 43, 23, 3, 27, 4, 44, 24, 0]
Rota do Picker 6: [0, 1, 21, 41, 61, 82, 42, 27, 65, 3, 63, 83, 43, 23, 46, 6, 81, 34, 37, 73, 53, 7, 8, 5, 0]

Caso de teste: SLAPRP_Guo_small_O100_alpha0.4_v1.txt

Distancia Total: 674.0
Quantidade de Pickers: 6
