Rota do Picker 1: [0, 12, 33, 93, 40, 20, 11, 13, 17, 57, 8, 5, 45, 2, 22, 42, 51, 71, 31, 1, 24, 0]
Rota do Picker 2: [0, 12, 13, 33, 93, 51, 2, 22, 42, 62, 10, 30, 9, 28, 8, 61, 41, 24, 45, 4, 40, 20, 15, 72, 52, 32, 1, 34, 97, 0]
Rota do Picker 3: [0, 22, 42, 8, 24, 45, 30, 10, 51, 31, 11, 12, 32, 52, 71, 91, 5, 43, 84, 2, 62, 37, 17, 1, 26, 46, 9, 3, 21, 0]
Rota do Picker 4: [0, 12, 72, 13, 15, 20, 19, 17, 32, 2, 22, 42, 62, 11, 14, 94, 83, 45, 9, 4, 23, 43, 8, 21, 1, 0]
Rota do Picker 5: [0, 1, 22, 42, 37, 40, 20, 17, 51, 31, 53, 33, 13, 11, 72, 32, 94, 34, 14, 52, 12, 2, 4, 0]
Rota do Picker 6: [0, 33, 13, 19, 37, 97, 71, 93, 53, 43, 23, 3, 30, 10, 8, 52, 32, 12, 17, 94, 40, 47, 5, 42, 22, 2, 0]
Rota do Picker 7: [0, 61, 24, 28, 10, 2, 22, 42, 21, 41, 84, 4, 27, 23, 72, 19, 14, 52, 32, 12, 57, 97, 45, 47, 8, 15, 55, 17, 13, 33, 0]
Rota do Picker 8: [0, 61, 22, 2, 5, 27, 47, 9, 46, 45, 30, 10, 8, 32, 12, 72, 52, 15, 17, 53, 51, 31, 21, 43, 0]
Rota do Picker 9: [0, 22, 84, 45, 8, 32, 12, 2, 30, 27, 62, 42, 1, 21, 51, 71, 41, 34, 13, 40, 20, 55, 10, 9, 43, 33, 17, 11, 0]
Rota do Picker 10: [0, 1, 12, 13, 53, 17, 37, 8, 45, 21, 61, 22, 2, 55, 20, 52, 32, 11, 51, 31, 0]
Rota do Picker 11: [0, 33, 13, 21, 41, 15, 55, 12, 72, 71, 31, 11, 43, 23, 83, 61, 93, 62, 42, 22, 8, 9, 51, 26, 46, 20, 17, 52, 32, 1, 4, 84, 0]

Caso de teste: SLAPRP_Guo_small_O200_alpha0.3_v5.txt

Distancia Total: 1652.0
Quantidade de Pickers: 11
