Rota do Picker 1: [0, 11, 2, 98, 55, 61, 1, 22, 12, 13, 40, 94, 18, 64, 77, 17, 74, 14, 31, 41, 57, 49, 0]
Rota do Picker 2: [0, 11, 31, 51, 33, 93, 36, 18, 64, 41, 55, 74, 98, 30, 96, 57, 1, 17, 40, 61, 12, 77, 20, 21, 14, 94, 32, 0]
Rota do Picker 3: [0, 2, 57, 18, 94, 10, 49, 36, 33, 93, 77, 23, 55, 74, 11, 41, 22, 42, 40, 14, 21, 1, 30, 64, 98, 17, 31, 61, 0]
Rota do Picker 4: [0, 41, 65, 4, 64, 7, 8, 9, 45, 31, 10, 26, 46, 20, 89, 84, 47, 49, 3, 67, 27, 23, 36, 61, 83, 0]
Rota do Picker 5: [0, 31, 93, 64, 17, 77, 40, 94, 96, 57, 18, 74, 1, 20, 41, 14, 55, 98, 33, 0]
Rota do Picker 6: [0, 1, 57, 94, 11, 96, 55, 22, 36, 20, 2, 93, 33, 13, 77, 74, 14, 10, 40, 30, 64, 98, 18, 17, 31, 0]
Rota do Picker 7: [0, 14, 10, 94, 57, 41, 2, 98, 18, 22, 21, 17, 31, 1, 36, 74, 12, 32, 33, 93, 55, 40, 71, 61, 20, 77, 64, 96, 0]
Rota do Picker 8: [0, 12, 36, 64, 20, 13, 57, 40, 94, 18, 96, 98, 77, 17, 31, 1, 0]
Rota do Picker 9: [0, 96, 36, 11, 71, 57, 12, 21, 40, 74, 14, 94, 77, 98, 18, 17, 31, 41, 64, 55, 20, 51, 0]
Rota do Picker 10: [0, 93, 33, 17, 94, 10, 30, 64, 20, 31, 7, 83, 23, 22, 14, 51, 11, 36, 65, 2, 13, 98, 74, 21, 26, 42, 1, 77, 0]
Rota do Picker 11: [0, 21, 22, 42, 7, 8, 45, 14, 71, 2, 89, 1, 87, 23, 61, 65, 4, 3, 64, 27, 31, 83, 26, 10, 47, 36, 20, 46, 9, 0]
Rota do Picker 12: [0, 31, 41, 32, 12, 8, 64, 83, 3, 87, 67, 20, 84, 45, 4, 65, 14, 9, 10, 17, 30, 46, 7, 23, 22, 36, 27, 26, 42, 21, 1, 0]

Caso de teste: SLAPRP_Guo_small_O200_alpha0.2_v2.txt

Distancia Total: 2806.0
Quantidade de Pickers: 12
