Rota do Picker 1: [0, 34, 85, 24, 6, 15, 35, 55, 43, 31, 91, 63, 46, 44, 73, 47, 42, 62, 1, 21, 81, 23, 5, 25, 36, 61, 83, 74, 16, 8, 14, 26, 0]
Rota do Picker 2: [0, 5, 44, 43, 7, 26, 42, 47, 53, 27, 64, 46, 61, 83, 85, 84, 24, 66, 25, 8, 6, 23, 81, 21, 1, 65, 0]
Rota do Picker 3: [0, 6, 63, 44, 5, 23, 81, 61, 21, 1, 7, 54, 8, 84, 83, 55, 64, 25, 46, 24, 17, 26, 43, 0]
Rota do Picker 4: [0, 62, 44, 85, 15, 65, 1, 81, 23, 43, 83, 5, 61, 35, 64, 26, 21, 84, 73, 6, 63, 55, 8, 25, 42, 82, 0]
Rota do Picker 5: [0, 1, 21, 81, 3, 54, 84, 24, 27, 47, 66, 36, 25, 7, 42, 62, 26, 61, 6, 8, 44, 74, 5, 64, 23, 45, 85, 53, 65, 0]
Rota do Picker 6: [0, 1, 21, 81, 5, 15, 34, 82, 62, 42, 61, 23, 44, 64, 54, 73, 53, 17, 27, 25, 55, 63, 24, 74, 46, 6, 43, 8, 16, 35, 0]
Rota do Picker 7: [0, 84, 42, 5, 85, 44, 9, 53, 55, 24, 83, 7, 17, 47, 6, 63, 27, 43, 64, 45, 25, 66, 46, 23, 81, 61, 21, 1, 54, 0]
Rota do Picker 8: [0, 35, 21, 93, 91, 51, 81, 61, 1, 53, 23, 5, 15, 36, 73, 74, 55, 44, 14, 66, 22, 63, 54, 16, 17, 52, 92, 0]
Rota do Picker 9: [0, 17, 6, 24, 64, 43, 5, 25, 44, 74, 23, 35, 65, 45, 54, 1, 81, 15, 8, 21, 61, 26, 53, 0]
Rota do Picker 10: [0, 53, 36, 63, 64, 84, 72, 16, 6, 8, 14, 42, 34, 17, 73, 44, 1, 61, 81, 23, 5, 35, 55, 21, 7, 15, 24, 65, 54, 0]
Rota do Picker 11: [0, 74, 8, 26, 63, 81, 41, 24, 6, 15, 65, 43, 23, 16, 64, 44, 7, 5, 61, 21, 1, 84, 82, 62, 42, 4, 54, 47, 85, 55, 0]
Rota do Picker 12: [0, 5, 83, 43, 23, 44, 45, 46, 6, 81, 61, 21, 1, 64, 27, 7, 42, 63, 66, 54, 8, 25, 26, 0]

Caso de teste: SLAPRP_Guo_small_O200_alpha0.2_v2.txt

Distancia Total: 2744.0
Quantidade de Pickers: 12
