Rota do Picker 1: [0, 21, 61, 81, 3, 23, 5, 65, 24, 26, 8, 82, 62, 64, 1, 41, 43, 83, 4, 46, 25, 6, 45, 54, 0]
Rota do Picker 2: [0, 1, 41, 3, 43, 83, 63, 26, 46, 27, 8, 24, 4, 61, 81, 23, 82, 62, 25, 45, 44, 6, 5, 7, 21, 0]
Rota do Picker 3: [0, 1, 21, 41, 23, 43, 63, 25, 45, 24, 4, 26, 27, 7, 6, 83, 65, 5, 3, 81, 61, 0]
Rota do Picker 4: [0, 1, 41, 61, 3, 63, 5, 45, 25, 46, 26, 82, 24, 4, 64, 7, 27, 6, 43, 23, 21, 0]
Rota do Picker 5: [0, 21, 1, 3, 43, 26, 5, 42, 4, 24, 44, 6, 63, 23, 81, 41, 61, 7, 62, 17, 0]
Rota do Picker 6: [0, 18, 55, 82, 27, 81, 64, 5, 25, 7, 8, 26, 23, 3, 4, 24, 44, 61, 41, 21, 1, 45, 62, 0]

Caso de teste: SLAPRP_Guo_small_O100_alpha0.3_v10.txt

Distancia Total: 662.0
Quantidade de Pickers: 6
