Rota do Picker 1: [0, 26, 64, 8, 46, 83, 23, 47, 1, 41, 17, 84, 45, 22, 21, 10, 20, 0]
Rota do Picker 2: [0, 1, 40, 26, 20, 60, 37, 33, 36, 19, 76, 10, 93, 94, 77, 18, 17, 12, 22, 21, 0]
Rota do Picker 3: [0, 22, 21, 17, 30, 46, 26, 3, 8, 45, 1, 41, 84, 10, 50, 47, 0]
Rota do Picker 4: [0, 1, 12, 22, 93, 19, 26, 77, 60, 10, 45, 20, 40, 13, 47, 96, 76, 94, 21, 17, 41, 0]
Rota do Picker 5: [0, 22, 13, 33, 93, 20, 41, 40, 26, 18, 76, 96, 52, 77, 60, 19, 97, 94, 37, 17, 12, 1, 10, 36, 0]
Rota do Picker 6: [0, 51, 93, 33, 26, 17, 12, 22, 1, 97, 20, 76, 50, 84, 77, 21, 41, 37, 45, 8, 10, 40, 0]

Caso de teste: SLAPRP_Guo_small_O100_alpha0.4_v5.txt

Distancia Total: 1178.0
Quantidade de Pickers: 6
