Rota do Picker 1: [0, 26, 9, 27, 10, 50, 45, 18, 40, 17, 20, 84, 41, 87, 65, 30, 46, 48, 8, 7, 1, 0]
Rota do Picker 2: [0, 21, 26, 50, 7, 27, 87, 46, 45, 85, 22, 9, 10, 17, 18, 59, 40, 60, 20, 36, 41, 1, 0]
Rota do Picker 3: [0, 11, 31, 13, 33, 93, 17, 18, 20, 60, 40, 3, 83, 7, 46, 26, 27, 30, 65, 45, 9, 8, 47, 1, 57, 97, 77, 36, 2, 0]
Rota do Picker 4: [0, 18, 60, 17, 22, 26, 45, 46, 7, 8, 42, 59, 74, 94, 97, 57, 37, 77, 52, 32, 31, 11, 1, 0]
Rota do Picker 5: [0, 18, 11, 74, 37, 57, 77, 12, 32, 47, 10, 13, 31, 20, 96, 94, 1, 41, 7, 27, 9, 17, 40, 59, 85, 45, 46, 26, 30, 42, 22, 83, 23, 0]
Rota do Picker 6: [0, 1, 21, 3, 87, 50, 30, 85, 27, 84, 42, 20, 60, 65, 10, 48, 8, 2, 11, 12, 77, 94, 33, 45, 46, 26, 22, 7, 47, 9, 13, 17, 18, 0]

Caso de teste: SLAPRP_Guo_small_O100_alpha0.4_v3.txt

Distancia Total: 1106.0
Quantidade de Pickers: 6
