Rota do Picker 1: [0, 21, 41, 3, 26, 46, 66, 10, 30, 50, 27, 22, 36, 76, 40, 20, 84, 45, 8, 7, 1, 0]
Rota do Picker 2: [0, 1, 26, 45, 10, 30, 50, 27, 7, 87, 47, 42, 64, 76, 97, 36, 41, 2, 46, 66, 8, 21, 0]
Rota do Picker 3: [0, 1, 32, 57, 77, 96, 13, 12, 19, 93, 21, 2, 26, 8, 10, 47, 22, 30, 37, 20, 18, 36, 60, 39, 55, 52, 11, 0]
Rota do Picker 4: [0, 1, 21, 2, 7, 27, 87, 46, 66, 10, 45, 3, 8, 30, 47, 41, 76, 20, 40, 55, 12, 0]
Rota do Picker 5: [0, 2, 7, 8, 46, 50, 36, 97, 19, 42, 45, 10, 66, 26, 3, 1, 21, 0]
Rota do Picker 6: [0, 21, 45, 26, 66, 3, 10, 30, 42, 22, 7, 67, 47, 46, 8, 41, 1, 0]
Rota do Picker 7: [0, 1, 41, 7, 27, 45, 64, 84, 50, 8, 47, 67, 87, 76, 97, 2, 26, 46, 66, 10, 42, 21, 0]
Rota do Picker 8: [0, 41, 21, 26, 64, 45, 47, 13, 93, 57, 77, 39, 40, 96, 11, 31, 18, 37, 19, 12, 32, 52, 55, 20, 76, 67, 7, 1, 0]
Rota do Picker 9: [0, 21, 1, 64, 8, 66, 26, 46, 45, 67, 30, 10, 36, 76, 97, 77, 20, 19, 52, 32, 0]
Rota do Picker 10: [0, 1, 21, 7, 27, 87, 46, 66, 45, 30, 50, 47, 64, 84, 19, 20, 97, 0]
Rota do Picker 11: [0, 11, 1, 21, 64, 55, 52, 45, 27, 47, 67, 42, 22, 30, 26, 66, 46, 8, 7, 32, 13, 20, 77, 37, 12, 2, 0]

Caso de teste: SLAPRP_Guo_small_O200_alpha0.4_v5.txt

Distancia Total: 1530.0
Quantidade de Pickers: 11
