Rota do Picker 1: [0, 11, 31, 21, 41, 61, 81, 4, 23, 22, 62, 42, 2, 3, 1, 0]
Rota do Picker 2: [0, 31, 11, 4, 81, 61, 41, 21, 1, 2, 23, 3, 22, 42, 0]
Rota do Picker 3: [0, 42, 62, 3, 23, 2, 22, 4, 1, 21, 61, 81, 41, 11, 31, 0]
Rota do Picker 4: [0, 3, 4, 1, 41, 61, 81, 21, 2, 22, 42, 11, 31, 0]
Rota do Picker 5: [0, 11, 2, 61, 41, 21, 1, 23, 3, 42, 0]
Rota do Picker 6: [0, 3, 23, 4, 42, 22, 2, 81, 61, 41, 21, 1, 11, 0]
Rota do Picker 7: [0, 3, 23, 4, 2, 41, 1, 21, 81, 61, 22, 62, 42, 31, 11, 0]
Rota do Picker 8: [0, 1, 21, 41, 61, 2, 22, 62, 3, 4, 11, 31, 0]
Rota do Picker 9: [0, 11, 1, 4, 22, 42, 2, 3, 23, 21, 41, 61, 81, 0]
Rota do Picker 10: [0, 22, 2, 3, 23, 21, 41, 81, 1, 11, 0]
Rota do Picker 11: [0, 1, 21, 41, 22, 2, 42, 4, 23, 3, 61, 11, 31, 0]
Rota do Picker 12: [0, 1, 41, 2, 3, 23, 4, 42, 62, 31, 11, 61, 81, 21, 0]

Caso de teste: SLAPRP_Guo_small_O200_alpha0.2_v10.txt

Distancia Total: 468.0
Quantidade de Pickers: 12
