SKUs: 40
Pedidos: 51

Primeiro pedido:
Order(1, [1, 3, 4, 7, 19])

Ultimo pedido:
Order(51, [1, 2, 4, 6, 8])

Location(1, 1, -1, 20)
Location(2, 1, -2, 20)
Location(3, 1, -3, 20)
Location(4, 1, -4, 20)
Location(5, 1, -5, 20)
Location(6, 1, -6, 20)
Location(7, 1, -7, 20)
Location(8, 1, -8, 20)
Location(9, 1, -9, 20)
Location(10, 1, -10, 40)
Location(11, 1, 1, 20)
Location(12, 1, 2, 20)
Location(13, 1, 3, 20)
Location(14, 1, 4, 20)
Location(15, 1, 5, 20)
Location(16, 1, 6, 20)
Location(17, 1, 7, 20)
Location(18, 1, 8, 20)
Location(19, 1, 9, 20)
Location(20, 1, 10, 40)
Location(21, 2, -1, 20)
Location(22, 2, -2, 20)
Location(23, 2, -3, 20)
Location(24, 2, -4, 20)
Location(25, 2, -5, 20)
Location(26, 2, -6, 20)
Location(27, 2, -7, 20)
Location(28, 2, -8, 20)
Location(29, 2, -9, 20)
Location(30, 2, -10, 40)
Location(31, 2, 1, 20)
Location(32, 2, 2, 20)
Location(33, 2, 3, 20)
Location(34, 2, 4, 20)
Location(35, 2, 5, 20)
Location(36, 2, 6, 20)
Location(37, 2, 7, 20)
Location(38, 2, 8, 20)
Location(39, 2, 9, 20)
Location(40, 2, 10, 40)
Location(41, 3, -1, 20)
Location(42, 3, -2, 20)
Location(43, 3, -3, 20)
Location(44, 3, -4, 20)
Location(45, 3, -5, 20)
Location(46, 3, -6, 20)
Location(47, 3, -7, 20)
Location(48, 3, -8, 20)
Location(49, 3, -9, 20)
Location(50, 3, -10, 40)
Location(51, 3, 1, 20)
Location(52, 3, 2, 20)
Location(53, 3, 3, 20)
Location(54, 3, 4, 20)
Location(55, 3, 5, 20)
Location(56, 3, 6, 20)
Location(57, 3, 7, 20)
Location(58, 3, 8, 20)
Location(59, 3, 9, 20)
Location(60, 3, 10, 40)
Location(61, 4, -1, 20)
Location(62, 4, -2, 20)
Location(63, 4, -3, 20)
Location(64, 4, -4, 20)
Location(65, 4, -5, 20)
Location(66, 4, -6, 20)
Location(67, 4, -7, 20)
Location(68, 4, -8, 20)
Location(69, 4, -9, 20)
Location(70, 4, -10, 40)
Location(71, 4, 1, 20)
Location(72, 4, 2, 20)
Location(73, 4, 3, 20)
Location(74, 4, 4, 20)
Location(75, 4, 5, 20)
Location(76, 4, 6, 20)
Location(77, 4, 7, 20)
Location(78, 4, 8, 20)
Location(79, 4, 9, 20)
Location(80, 4, 10, 40)
Location(81, 5, -1, 20)
Location(82, 5, -2, 20)
Location(83, 5, -3, 20)
Location(84, 5, -4, 20)
Location(85, 5, -5, 20)
Location(86, 5, -6, 20)
Location(87, 5, -7, 20)
Location(88, 5, -8, 20)
Location(89, 5, -9, 20)
Location(90, 5, -10, 40)
Location(91, 5, 1, 20)
Location(92, 5, 2, 20)
Location(93, 5, 3, 20)
Location(94, 5, 4, 20)
Location(95, 5, 5, 20)
Location(96, 5, 6, 20)
Location(97, 5, 7, 20)
Location(98, 5, 8, 20)
Location(99, 5, 9, 20)
Location(100, 5, 10, 40)

Frequencias: [29, 29, 24, 26, 20, 28, 31, 34, 1, 0, 3, 5, 3, 5, 3, 2, 3, 3, 3, 0, 4, 4, 2, 2, 3, 4, 2, 2, 1, 3, 1, 3, 2, 1, 2, 5, 4, 4, 2, 0]

Matriz de coocorrencia: 
40×40 Matrix{Int64}:
  0  19  16  16  14  17  22  20  1  0  3  4  2  2  1  1  1  2  3  0  3  1  0  0  2  2  0  0  1  2  1  0  1  1  0  2  1  1  1  0
 19   0  14  19  12  16  18  16  0  0  1  4  2  4  2  2  1  1  1  0  2  4  1  1  1  2  2  2  1  3  0  3  0  1  1  3  2  4  1  0
 16  14   0  11  11  12  14  16  0  0  2  4  1  2  2  1  0  3  3  0  2  0  0  1  2  0  0  1  1  0  0  1  0  0  0  4  1  0  0  0
 16  19  11   0   9  14  14  12  0  0  0  1  1  3  1  1  1  1  2  0  2  4  0  1  1  1  1  1  0  1  1  1  1  1  0  2  2  3  2  0
 14  12  11   9   0  10  12  16  1  0  1  3  1  2  2  0  0  2  2  0  2  2  0  1  3  2  0  2  1  1  0  1  0  1  1  2  0  0  1  0
 17  16  12  14  10   0  15  19  1  0  2  2  1  2  2  1  2  1  0  0  2  1  2  0  1  1  2  1  0  2  1  1  2  1  1  2  2  3  1  0
 22  18  14  14  12  15   0  21  1  0  3  5  3  2  2  1  1  1  1  0  2  1  1  1  1  4  1  0  1  2  1  2  1  0  2  2  1  3  2  0
 20  16  16  12  16  19  21   0  1  0  2  4  1  2  2  0  2  3  2  0  2  2  1  2  3  4  0  2  1  2  1  1  2  0  1  4  2  2  2  0
  1   0   0   0   1   1   1   1  0  0  1  0  0  0  0  0  0  0  0  0  1  0  0  0  0  0  0  0  0  0  0  0  0  0  0  0  0  0  0  0
  0   0   0   0   0   0   0   0  0  0  0  0  0  0  0  0  0  0  0  0  0  0  0  0  0  0  0  0  0  0  0  0  0  0  0  0  0  0  0  0
  3   1   2   0   1   2   3   2  1  0  0  1  1  1  0  1  0  0  0  0  1  0  0  0  0  0  0  0  0  0  0  0  0  0  0  0  0  0  0  0
  4   4   4   1   3   2   5   4  0  0  1  0  0  0  0  0  0  0  0  0  0  0  0  0  0  1  0  0  1  1  0  0  0  0  0  2  0  0  0  0
  2   2   1   1   1   1   3   1  0  0  1  0  0  1  0  1  0  0  0  0  0  0  0  1  0  0  0  0  0  0  0  0  0  0  0  0  0  1  1  0
  2   4   2   3   2   2   2   2  0  0  1  0  1  0  0  2  0  1  0  0  0  1  0  1  0  0  0  0  0  1  0  1  0  0  0  1  1  0  0  0
  1   2   2   1   2   2   2   2  0  0  0  0  0  0  0  0  0  0  0  0  1  0  0  0  0  1  0  0  0  0  0  1  0  0  0  0  0  0  0  0
  1   2   1   1   0   1   1   0  0  0  1  0  1  2  0  0  0  0  0  0  0  0  0  0  0  0  0  0  0  1  0  0  0  0  0  0  0  0  0  0
  1   1   0   1   0   2   1   2  0  0  0  0  0  0  0  0  0  0  0  0  0  0  1  0  0  0  0  0  0  0  0  0  1  0  0  0  1  0  0  0
  2   1   3   1   2   1   1   3  0  0  0  0  0  1  0  0  0  0  1  0  0  0  0  1  1  0  0  0  0  0  0  0  0  0  0  1  0  0  0  0
  3   1   3   2   2   0   1   2  0  0  0  0  0  0  0  0  0  1  0  0  0  0  0  0  1  0  0  0  0  0  0  0  0  0  0  0  0  0  0  0
  0   0   0   0   0   0   0   0  0  0  0  0  0  0  0  0  0  0  0  0  0  0  0  0  0  0  0  0  0  0  0  0  0  0  0  0  0  0  0  0
  3   2   2   2   2   2   2   2  1  0  1  0  0  0  1  0  0  0  0  0  0  0  0  0  0  0  0  0  0  0  0  0  0  0  0  0  0  0  0  0
  1   4   0   4   2   1   1   2  0  0  0  0  0  1  0  0  0  0  0  0  0  0  0  0  1  1  1  1  0  0  0  1  0  0  0  0  1  1  0  0
  0   1   0   0   0   2   1   1  0  0  0  0  0  0  0  0  1  0  0  0  0  0  0  0  0  0  1  0  0  0  0  1  0  0  1  0  0  1  0  0
  0   1   1   1   1   0   1   2  0  0  0  0  1  1  0  0  0  1  0  0  0  0  0  0  0  0  0  0  0  0  0  0  0  0  0  1  0  1  1  0
  2   1   2   1   3   1   1   3  0  0  0  0  0  0  0  0  0  1  1  0  0  1  0  0  0  0  0  1  0  0  0  0  0  0  0  0  0  0  0  0
  2   2   0   1   2   1   4   4  0  0  0  1  0  0  1  0  0  0  0  0  0  1  0  0  0  0  0  0  0  1  0  0  0  0  1  1  0  0  0  0
  0   2   0   1   0   2   1   0  0  0  0  0  0  0  0  0  0  0  0  0  0  1  1  0  0  0  0  0  0  0  0  1  0  0  1  0  0  2  0  0
  0   2   1   1   2   1   0   2  0  0  0  0  0  0  0  0  0  0  0  0  0  1  0  0  1  0  0  0  0  0  0  0  0  0  0  0  0  0  0  0
  1   1   1   0   1   0   1   1  0  0  0  1  0  0  0  0  0  0  0  0  0  0  0  0  0  0  0  0  0  0  0  0  0  0  0  0  0  0  0  0
  2   3   0   1   1   2   2   2  0  0  0  1  0  1  0  1  0  0  0  0  0  0  0  0  0  1  0  0  0  0  0  0  0  0  0  1  0  0  0  0
  1   0   0   1   0   1   1   1  0  0  0  0  0  0  0  0  0  0  0  0  0  0  0  0  0  0  0  0  0  0  0  0  1  0  0  0  0  0  0  0
  0   3   1   1   1   1   2   1  0  0  0  0  0  1  1  0  0  0  0  0  0  1  1  0  0  0  1  0  0  0  0  0  0  0  1  0  1  1  0  0
  1   0   0   1   0   2   1   2  0  0  0  0  0  0  0  0  1  0  0  0  0  0  0  0  0  0  0  0  0  0  1  0  0  0  0  0  1  0  0  0
  1   1   0   1   1   1   0   0  0  0  0  0  0  0  0  0  0  0  0  0  0  0  0  0  0  0  0  0  0  0  0  0  0  0  0  0  0  0  0  0
  0   1   0   0   1   1   2   1  0  0  0  0  0  0  0  0  0  0  0  0  0  0  1  0  0  1  1  0  0  0  0  1  0  0  0  0  0  1  0  0
  2   3   4   2   2   2   2   4  0  0  0  2  0  1  0  0  0  1  0  0  0  0  0  1  0  1  0  0  0  1  0  0  0  0  0  0  0  0  0  0
  1   2   1   2   0   2   1   2  0  0  0  0  0  1  0  0  1  0  0  0  0  1  0  0  0  0  0  0  0  0  0  1  1  0  0  0  0  0  0  0
  1   4   0   3   0   3   3   2  0  0  0  0  1  0  0  0  0  0  0  0  0  1  1  1  0  0  2  0  0  0  0  1  0  0  1  0  0  0  1  0
  1   1   0   2   1   1   2   2  0  0  0  0  1  0  0  0  0  0  0  0  0  0  0  1  0  0  0  0  0  0  0  0  0  0  0  0  0  1  0  0
  0   0   0   0   0   0   0   0  0  0  0  0  0  0  0  0  0  0  0  0  0  0  0  0  0  0  0  0  0  0  0  0  0  0  0  0  0  0  0  0
SKU(29, 205.0, 0.07)
SKU(29, 185.0, 0.08)
SKU(24, 84.0, 0.21)
SKU(26, 142.0, 0.1)
SKU(20, 103.0, 0.13)
SKU(28, 174.0, 0.08)
SKU(31, 197.0, 0.07)
SKU(34, 163.0, 0.11)
SKU(1, 36.0, 0.09)
SKU(0, 14.0, 0.21)
SKU(3, 46.0, 0.11)
SKU(5, 56.0, 0.12)
SKU(3, 32.0, 0.19)
SKU(5, 75.0, 0.07)
SKU(3, 92.0, 0.05)
SKU(2, 48.0, 0.09)
SKU(3, 49.0, 0.08)
SKU(3, 51.0, 0.12)
SKU(3, 21.0, 0.26)
SKU(0, 18.0, 0.17)
SKU(4, 76.0, 0.07)
SKU(4, 38.0, 0.16)
SKU(2, 44.0, 0.1)
SKU(2, 74.0, 0.05)
SKU(3, 50.0, 0.11)
SKU(4, 65.0, 0.09)
SKU(2, 35.0, 0.13)
SKU(2, 34.0, 0.16)
SKU(1, 47.0, 0.06)
SKU(3, 108.0, 0.04)
SKU(1, 20.0, 0.15)
SKU(3, 78.0, 0.06)
SKU(2, 57.0, 0.07)
SKU(1, 64.0, 0.05)
SKU(2, 30.0, 0.12)
SKU(5, 41.0, 0.16)
SKU(4, 101.0, 0.04)
SKU(4, 38.0, 0.14)
SKU(2, 44.0, 0.08)
SKU(0, 19.0, 0.12)

extremidades das matrizes:
S_hat: (-0.12967457511272623, 0.7792979696249264)
S_hat * P: (-0.1213457210672806, 0.7292445259080678)
W * S_hat: (0.0, 1.2435497184003976)
W * S_hat * P: (0.0, 1.1636779000906075)
correlacao{S_hat, S_hat_hat} = 0.9867773814803033

Posicao 1 (Corredor 1, Prateleira -1)
   SKU 1 -> 203
   SKU 2 -> 5
   SKU 7 -> 77

Posicao 2 (Corredor 1, Prateleira -2)
   SKU 3 -> 1
   SKU 4 -> 90
   SKU 5 -> 83

Posicao 3 (Corredor 1, Prateleira -3)
   SKU 26 -> 65
   SKU 32 -> 78
   SKU 36 -> 41

Posicao 4 (Corredor 1, Prateleira -4)
   SKU 5 -> 1

Posicao 11 (Corredor 1, Prateleira 1)
   SKU 2 -> 145
   SKU 7 -> 120

Posicao 12 (Corredor 1, Prateleira 2)
   SKU 3 -> 83
   SKU 5 -> 19
   SKU 37 -> 2

Posicao 13 (Corredor 1, Prateleira 3)
   SKU 16 -> 48
   SKU 17 -> 49
   SKU 33 -> 57

Posicao 15 (Corredor 1, Prateleira 5)
   SKU 10 -> 14

Posicao 21 (Corredor 2, Prateleira -1)
   SKU 2 -> 11
   SKU 4 -> 52
   SKU 6 -> 174

Posicao 22 (Corredor 2, Prateleira -2)
   SKU 12 -> 56
   SKU 14 -> 75
   SKU 30 -> 108

Posicao 23 (Corredor 2, Prateleira -3)
   SKU 13 -> 32
   SKU 23 -> 44
   SKU 39 -> 44

Posicao 25 (Corredor 2, Prateleira -5)
   SKU 40 -> 19

Posicao 31 (Corredor 2, Prateleira 1)
   SKU 1 -> 2
   SKU 2 -> 24
   SKU 8 -> 163

Posicao 32 (Corredor 2, Prateleira 2)
   SKU 15 -> 92
   SKU 21 -> 76
   SKU 37 -> 99

Posicao 33 (Corredor 2, Prateleira 3)
   SKU 29 -> 47
   SKU 34 -> 64
   SKU 35 -> 30

Posicao 41 (Corredor 3, Prateleira -1)
   SKU 18 -> 51
   SKU 24 -> 74
   SKU 38 -> 38

Posicao 42 (Corredor 3, Prateleira -2)
   SKU 19 -> 21
   SKU 27 -> 35
   SKU 28 -> 34

Posicao 46 (Corredor 3, Prateleira -6)
   SKU 20 -> 18

Posicao 51 (Corredor 3, Prateleira 1)
   SKU 11 -> 46
   SKU 22 -> 38
   SKU 25 -> 50

Posicao 52 (Corredor 3, Prateleira 2)
   SKU 9 -> 36
   SKU 31 -> 20

